ACCESSION: CCMSLIB00000085701
RECORD_TITLE: decoy
DATE: 2015.11.20
AUTHORS: Administrator
LICENSE: CC BY-SA
CH$NAME: decoy
CH$COMPOUND_CLASS: Natural Product
CH$FORMULA: C20H32FNOSi
CH$EXACT_MASS: 349.223719394
CH$SMILES: N/A
CH$IUPAC: decoy
CH$LINK: N/A
AC$INSTRUMENT: decoy
AC$INSTRUMENT_TYPE: decoy
AC$MASS_SPECTROMETRY: MS_TYPE MS2
AC$MASS_SPECTROMETRY: ION_MODE POSITIVE
AC$MASS_SPECTROMETRY: COLLISION_ENERGY 10 V
MS$FOCUSED_ION: PRECURSOR_M/Z 350
MS$FOCUSED_ION: PRECURSOR_TYPE [M+H]+
PK$NUM_PEAK: 2896
PK$PEAK: m/z int. rel.int.
  27.061654 224.0 0
  39.826745 216.0 0
  44.995361 280.0 0
  45.145695 180.0 0
  45.187431000000004 104.0 0
  45.353256 188.0 0
  45.76231 140.0 0
  45.817062 196.0 0
  45.961628000000005 136.0 0
  46.22081 164.0 0
  46.347115 152.0 0
  46.352192 140.0 0
  46.642403 176.0 0
  46.720398 188.0 0
  46.879951 164.0 0
  47.003429000000004 112.0 0
  47.339725 124.0 0
  47.4869 136.0 0
  47.525036 48.0 0
  47.556221 152.0 0
  47.668289 196.0 0
  47.873127000000004 188.0 0
  47.956146000000004 184.0 0
  47.973774 148.0 0
  48.001701000000004 152.0 0
  48.067749 152.0 0
  48.133686000000004 164.0 0
  48.235844 184.0 0
  48.522728 172.0 0
  48.927841 140.0 0
  49.059258 224.0 0
  49.155491000000005 164.0 0
  49.193146 156.0 0
  49.263771 228.0 0
  49.297108 184.0 0
  49.301193000000005 192.0 0
  49.432899 200.0 0
  49.495548 40.0 0
  49.514633 176.0 0
  49.52845 152.0 0
  49.535919 172.0 0
  49.616573 200.0 0
  49.669895000000004 108.0 0
  49.849789 200.0 0
  49.877953 80.0 0
  50.066051 176.0 0
  50.178921 120.0 0
  50.241833 172.0 0
  50.26543 212.0 0
  50.276852 380.0 0
  50.438728000000005 288.0 0
  50.659924000000004 156.0 0
  51.009342000000004 172.0 0
  51.088482 196.0 0
  51.215900000000005 88.0 0
  51.510777000000004 88.0 0
  51.746353 108.0 0
  51.947498 196.0 0
  51.954647 160.0 0
  51.999252 192.0 0
  52.12431 268.0 0
  52.139629 176.0 0
  52.391224 112.0 0
  52.402245 144.0 0
  52.460930000000005 120.0 0
  52.593555 132.0 0
  52.605797 144.0 0
  52.635571 192.0 0
  52.665283 192.0 0
  52.75351 200.0 0
  52.901424 124.0 0
  52.972397 128.0 0
  53.145248 40.0 0
  53.187801 160.0 0
  53.248310000000004 72.0 0
  53.520962000000004 228.0 0
  53.642475000000005 160.0 0
  53.682476 140.0 0
  53.757065000000004 212.0 0
  53.78915 144.0 0
  53.802952000000005 240.0 0
  53.805481 152.0 0
  53.811711 232.0 0
  53.867989 164.0 0
  54.042061000000004 176.0 0
  54.165722 180.0 0
  54.192188 36.0 0
  54.216385 80.0 0
  54.329327 280.0 0
  54.409054000000005 180.0 0
  54.424744000000004 204.0 0
  54.518745 120.0 0
  54.547771000000004 160.0 0
  54.687531 168.0 0
  54.720566 136.0 0
  54.845127 148.0 0
  54.929874 160.0 0
  55.021332 204.0 0
  55.091057 84.0 0
  55.100739000000004 188.0 0
  55.12397 92.0 0
  55.203938 124.0 0
  55.404778 256.0 0
  55.415737 200.0 0
  55.607822 192.0 0
  55.650776 200.0 0
  55.660263 160.0 0
  55.711006000000005 164.0 0
  56.061508 156.0 0
  56.17831 204.0 0
  56.261444000000004 176.0 0
  56.686554 100.0 0
  56.724281000000005 140.0 0
  56.837303 156.0 0
  56.852264 156.0 0
  56.896492 64.0 0
  56.96349 212.0 0
  57.197735 176.0 0
  57.329308000000005 168.0 0
  57.430862000000005 168.0 0
  57.46257 84.0 0
  57.575356 176.0 0
  57.640717 160.0 0
  57.683918 140.0 0
  57.694328 136.0 0
  57.791386 180.0 0
  57.79493 184.0 0
  57.825153 172.0 0
  57.971954000000004 204.0 0
  58.124058 180.0 0
  58.269711 164.0 0
  58.275063 168.0 0
  58.356796 140.0 0
  58.36882 160.0 0
  58.632885 152.0 0
  58.685738 184.0 0
  58.799515 164.0 0
  58.825859 256.0 0
  58.891796 144.0 0
  58.973717 144.0 0
  59.035198 92.0 0
  59.202507000000004 44.0 0
  59.237724 168.0 0
  59.245342 172.0 0
  59.312851 184.0 0
  59.833038 104.0 0
  59.909325 224.0 0
  59.972332 176.0 0
  60.064934 160.0 0
  60.073460000000004 156.0 0
  60.131672 148.0 0
  60.263241 184.0 0
  60.902264 180.0 0
  60.940403 188.0 0
  61.017471 164.0 0
  61.098141 120.0 0
  61.373180000000005 128.0 0
  61.60944 188.0 0
  61.824837 104.0 0
  61.867722 48.0 0
  61.999123000000004 104.0 0
  62.007462000000004 172.0 0
  62.029076 164.0 0
  62.061733000000004 80.0 0
  62.106266 244.0 0
  62.108532000000004 148.0 0
  62.185516 144.0 0
  62.235725 180.0 0
  62.31818 160.0 0
  62.339405 128.0 0
  62.424637000000004 136.0 0
  62.577099000000004 124.0 0
  62.581024 160.0 0
  62.639603 424.0 0
  62.882996 100.0 0
  62.982666 39.326611 0
  63.028233 140.0 0
  63.035397 172.0 0
  63.066685 144.0 0
  63.13105 244.0 0
  63.362846000000005 176.0 0
  63.426704 184.0 0
  63.457256 176.0 0
  63.552807 232.0 0
  63.788631 108.0 0
  63.823418000000004 240.0 0
  63.841686 192.0 0
  64.042603 172.0 0
  64.264297 144.0 0
  64.277222 148.0 0
  64.279732 132.0 0
  64.380638 156.0 0
  64.581665 100.0 0
  64.658813 252.0 0
  64.959991 168.0 0
  64.984886 108.0 0
  65.13662699999999 60.0 0
  65.15974399999999 148.0 0
  65.171944 192.0 0
  65.45350599999999 176.0 0
  65.888588 156.0 0
  66.00334199999999 176.0 0
  66.24472 344.0 0
  66.46288299999999 180.0 0
  66.469383 164.0 0
  66.52179 324.0 0
  66.541946 60.0 0
  66.642365 240.0 0
  66.69693799999999 124.0 0
  66.773247 36.0 0
  66.797401 160.0 0
  66.84454299999999 200.0 0
  66.86543999999999 56.0 0
  66.889015 200.0 0
  67.01059699999999 196.0 0
  67.11734799999999 148.0 0
  67.16631299999999 72.0 0
  67.17182199999999 212.0 0
  67.217293 176.0 0
  67.336327 180.0 0
  67.374878 128.0 0
  67.410477 176.0 0
  67.47423599999999 164.0 0
  67.8069 176.0 0
  67.848602 136.0 0
  67.955299 64.0 0
  68.00988 144.0 0
  68.03040299999999 48.0 0
  68.15426599999999 148.0 0
  68.246353 180.0 0
  68.35852799999999 148.0 0
  68.381287 144.0 0
  68.523567 108.0 0
  68.628456 84.0 0
  68.708649 160.0 0
  68.71277599999999 68.0 0
  68.79976699999999 184.0 0
  68.819847 112.0 0
  68.859062 168.0 0
  68.90834799999999 188.0 0
  68.93557 144.0 0
  69.012383 140.0 0
  69.15341199999999 176.0 0
  69.18019899999999 148.0 0
  69.295555 88.0 0
  69.366745 212.0 0
  69.60018199999999 208.0 0
  69.70024099999999 184.0 0
  70.13372799999999 176.0 0
  70.483162 52.0 0
  70.639793 124.0 0
  70.792366 64.0 0
  70.943512 192.0 0
  70.962791 92.0 0
  71.199051 180.0 0
  71.303108 76.0 0
  71.517731 184.0 0
  71.546455 88.0 0
  71.55802899999999 88.0 0
  71.68852199999999 164.0 0
  71.73730499999999 164.0 0
  72.030457 208.0 0
  72.041969 192.0 0
  72.077057 48.0 0
  72.506142 196.0 0
  72.701736 156.0 0
  72.718262 196.0 0
  72.737022 132.0 0
  72.778702 172.0 0
  72.81541399999999 160.0 0
  72.85443099999999 124.0 0
  72.94992099999999 160.0 0
  73.37831899999999 148.0 0
  73.42102799999999 200.0 0
  73.583275 156.0 0
  74.001724 172.0 0
  74.439461 224.0 0
  74.51377099999999 144.0 0
  74.703537 244.0 0
  75.011635 184.0 0
  75.245171 152.0 0
  75.498573 220.0 0
  75.585838 168.0 0
  75.605499 52.0 0
  75.640053 204.0 0
  75.685783 220.0 0
  75.87348899999999 144.0 0
  75.88630699999999 128.0 0
  76.21700299999999 152.0 0
  76.38218699999999 48.0 0
  76.52741999999999 156.0 0
  76.570335 192.0 0
  76.82727799999999 172.0 0
  77.27705399999999 112.0 0
  77.323296 368.0 0
  77.351036 116.0 0
  77.371849 136.0 0
  77.52668 200.0 0
  77.588371 188.0 0
  77.65502199999999 188.0 0
  77.662949 172.0 0
  78.019211 128.0 0
  78.12609099999999 160.0 0
  78.234291 112.0 0
  78.721008 100.0 0
  78.89244799999999 136.0 0
  79.120392 212.0 0
  79.39862799999999 56.0 0
  79.51870699999999 236.0 0
  79.55806 104.0 0
  79.69472499999999 176.0 0
  79.792931 156.0 0
  79.950386 172.0 0
  79.954315 152.0 0
  80.092636 168.0 0
  80.13632199999999 132.0 0
  80.466331 184.0 0
  80.52190399999999 144.0 0
  80.53770399999999 168.0 0
  80.670441 200.0 0
  80.819824 196.0 0
  80.898399 140.0 0
  81.00885799999999 144.0 0
  81.07932299999999 192.0 0
  81.343887 152.0 0
  81.41010999999999 136.0 0
  81.841843 128.0 0
  82.06545999999999 198.849197 0
  82.195686 144.0 0
  82.453667 148.0 0
  82.510216 152.0 0
  82.599533 152.0 0
  82.677521 152.0 0
  82.83526599999999 196.0 0
  83.2286 116.0 0
  83.238052 220.0 0
  83.322845 132.0 0
  83.443581 156.0 0
  83.62075 148.0 0
  83.921944 108.0 0
  83.962097 156.0 0
  84.092737 148.0 0
  84.10812399999999 184.0 0
  84.11862199999999 168.0 0
  84.14529399999999 104.0 0
  84.29821 248.0 0
  84.54073299999999 220.0 0
  84.711113 168.0 0
  84.71657599999999 188.0 0
  84.81779499999999 192.0 0
  84.991295 128.0 0
  85.246185 148.0 0
  85.263695 124.0 0
  85.370049 188.0 0
  85.38736 164.0 0
  85.55895199999999 204.0 0
  85.76399199999999 172.0 0
  85.89974199999999 232.0 0
  86.206993 164.0 0
  86.254944 152.0 0
  86.285629 152.0 0
  86.45380399999999 160.0 0
  86.48014099999999 140.0 0
  86.69783 224.0 0
  86.847 140.0 0
  86.88027199999999 108.0 0
  86.97125199999999 172.0 0
  87.05677 188.0 0
  87.219421 192.0 0
  87.31017299999999 60.0 0
  87.43116099999999 140.0 0
  87.502472 148.0 0
  87.56326299999999 152.0 0
  87.76875299999999 200.0 0
  87.941322 192.0 0
  88.069268 156.0 0
  88.102463 128.0 0
  88.12065899999999 168.0 0
  88.17380499999999 212.0 0
  88.237144 188.0 0
  88.24763499999999 96.0 0
  88.5214 204.0 0
  88.656746 36.0 0
  88.68412 40.0 0
  88.751465 228.0 0
  88.839478 176.0 0
  89.03086099999999 268.0 0
  89.07708699999999 184.0 0
  89.20491 252.0 0
  89.213982 176.0 0
  89.357468 168.0 0
  89.44837199999999 116.0 0
  89.85413399999999 172.0 0
  89.88488799999999 156.0 0
  90.04023699999999 140.0 0
  90.14802599999999 164.0 0
  90.199867 140.0 0
  90.24795499999999 44.0 0
  90.295227 104.0 0
  90.327698 244.0 0
  90.34674799999999 164.0 0
  90.40162699999999 132.0 0
  90.542007 176.0 0
  90.635132 132.0 0
  90.93811 212.0 0
  91.00949899999999 164.0 0
  91.01471699999999 220.0 0
  91.05407699999999 1568.0 0
  91.08558699999999 148.0 0
  91.089478 216.0 0
  91.359039 152.0 0
  91.398483 192.0 0
  91.543297 128.0 0
  91.722748 148.0 0
  91.768806 172.0 0
  91.922676 184.0 0
  92.01190899999999 228.0 0
  92.045555 260.0 0
  92.052269 176.0 0
  92.163811 172.0 0
  92.210899 180.0 0
  92.468925 156.0 0
  92.61495199999999 92.0 0
  92.703049 96.0 0
  92.98093399999999 152.0 0
  93.025956 200.0 0
  93.034584 184.0 0
  93.065941 152.0 0
  93.09704599999999 156.0 0
  93.132858 148.0 0
  93.28267699999999 140.0 0
  93.74507899999999 152.0 0
  93.938812 76.0 0
  94.001976 144.0 0
  94.016685 108.0 0
  94.033997 168.0 0
  94.06214899999999 281.578003 0
  94.072311 160.0 0
  94.10977899999999 232.0 0
  94.13196599999999 144.0 0
  94.157669 68.0 0
  94.31369099999999 148.0 0
  94.56391099999999 180.0 0
  94.708061 168.0 0
  94.791344 152.0 0
  94.912506 108.0 0
  94.98818999999999 168.0 0
  95.001465 84.0 0
  95.008972 160.0 0
  95.04083299999999 88.0 0
  95.049858 180.0 0
  95.058678 196.0 0
  95.07526399999999 200.0 0
  95.082726 304.0 0
  95.0877 220.0 0
  95.100319 116.0 0
  95.320618 136.0 0
  95.36125899999999 84.0 0
  95.413483 320.0 0
  95.51630399999999 176.0 0
  95.560265 200.0 0
  95.587555 164.0 0
  95.742989 128.0 0
  95.78510999999999 112.0 0
  95.79616499999999 184.0 0
  95.80532799999999 164.0 0
  95.842354 44.0 0
  95.937393 192.0 0
  96.049431 116.0 0
  96.072868 204.0 0
  96.07955899999999 1644.0 0
  96.084572 148.0 0
  96.117294 196.0 0
  96.12164299999999 36.0 0
  96.30532799999999 172.0 0
  96.31394999999999 176.0 0
  96.387169 124.0 0
  96.580917 148.0 0
  96.59417699999999 152.0 0
  96.63182099999999 228.0 0
  96.67829099999999 160.0 0
  96.693756 164.0 0
  96.70092 272.0 0
  96.724167 176.0 0
  96.726692 96.0 0
  96.83773 180.0 0
  96.945526 180.0 0
  97.05574 152.0 0
  97.059135 144.0 0
  97.068817 160.0 0
  97.081154 152.0 0
  97.08869899999999 152.0 0
  97.12837999999999 100.0 0
  97.188705 204.0 0
  97.23797599999999 96.0 0
  97.27619899999999 168.0 0
  97.310081 296.0 0
  97.557205 120.0 0
  97.614998 140.0 0
  97.651749 128.0 0
  97.774384 120.0 0
  97.95717599999999 196.0 0
  98.02999899999999 152.0 0
  98.03920099999999 508.0 0
  98.06000499999999 444.0 0
  98.099205 180.0 0
  98.112358 236.0 0
  98.129204 124.0 0
  98.14447 176.0 0
  98.281075 164.0 0
  98.294113 120.0 0
  98.302567 36.0 0
  98.32947499999999 128.0 0
  98.389572 168.0 0
  98.416084 148.0 0
  98.59639 216.0 0
  98.65297699999999 132.0 0
  98.68087799999999 84.0 0
  98.71528599999999 84.0 0
  98.724594 140.0 0
  98.760628 108.0 0
  98.79161099999999 92.0 0
  98.82610299999999 148.0 0
  98.83906599999999 104.0 0
  98.88501 92.0 0
  98.946106 72.0 0
  99.01510599999999 200.0 0
  99.07067099999999 192.0 0
  99.075333 168.0 0
  99.16368899999999 128.0 0
  99.241997 132.0 0
  99.32195999999999 136.0 0
  99.34284199999999 188.0 0
  99.345947 196.0 0
  99.375069 224.0 0
  99.53289 160.0 0
  99.574394 204.0 0
  99.598991 344.0 0
  99.62527499999999 160.0 0
  99.723152 184.0 0
  99.730583 120.0 0
  99.755341 136.0 0
  99.85568199999999 88.0 0
  99.905914 196.0 0
  99.933731 124.0 0
  99.94148999999999 152.0 0
  99.994965 64.0 0
  100.01499199999999 30.831619 0
  100.021225 176.0 0
  100.038857 204.0 0
  100.077332 176.0 0
  100.080704 516.0 0
  100.392426 140.0 0
  100.494644 180.0 0
  100.51385499999999 88.0 0
  100.590836 44.0 0
  100.606979 120.0 0
  100.61393699999999 52.0 0
  100.624084 192.0 0
  100.628586 236.0 0
  100.68924 15.57445 0
  100.761253 88.0 0
  100.85617099999999 220.0 0
  100.95835899999999 100.0 0
  100.971626 148.0 0
  100.986465 168.0 0
  100.99433099999999 96.0 0
  101.03907799999999 332.0 0
  101.070702 35.760559 0
  101.080925 980.0 0
  101.20917499999999 176.0 0
  101.22049 130.0 0
  101.428101 188.0 0
  101.43347899999999 176.0 0
  101.526871 52.0 0
  101.619202 160.0 0
  101.85277599999999 128.0 0
  101.94722 192.0 0
  101.993332 148.0 0
  102.03040299999999 180.0 0
  102.043297 108.0 0
  102.055222 9095.728516 0
  102.064117 800.0 0
  102.108795 148.0 0
  102.13958 168.0 0
  102.195663 172.0 0
  102.371635 56.0 0
  102.47011599999999 140.0 0
  102.48837999999999 39.499931 0
  102.491379 116.0 0
  102.708534 204.0 0
  102.762344 252.0 0
  102.790138 164.0 0
  102.817574 136.0 0
  102.836967 120.0 0
  103.040031 196.0 0
  103.052094 34.673611 0
  103.054413 5136.0 0
  103.064217 132.0 0
  103.129632 552.0 0
  103.14035799999999 64.0 0
  103.20672599999999 136.0 0
  103.27952599999999 152.0 0
  103.347595 144.0 0
  103.45112599999999 160.0 0
  103.472572 148.0 0
  103.530113 148.0 0
  103.56223299999999 96.0 0
  103.61186199999999 220.0 0
  103.65731 148.0 0
  103.68901799999999 60.0 0
  103.70706899999999 228.0 0
  103.896744 168.0 0
  103.971329 240.0 0
  103.99443799999999 208.0 0
  104.01619699999999 347.335693 0
  104.04933899999999 748.0 0
  104.281807 168.0 0
  104.4198 128.0 0
  104.490967 128.0 0
  104.520264 21.04167 0
  104.74472 168.0 0
  104.85052499999999 148.0 0
  104.86110699999999 160.0 0
  104.873009 40.0 0
  104.93448599999999 104.0 0
  105.00821699999999 132.0 0
  105.023849 164.0 0
  105.03075399999999 120.0 0
  105.033272 8364.0 0
  105.03804799999999 220.0 0
  105.06762699999999 356.0 0
  105.069633 560.0 0
  105.15940099999999 12.8156 0
  105.19152799999999 136.0 0
  105.197502 132.0 0
  105.417824 148.0 0
  105.440376 92.0 0
  105.537224 116.0 0
  105.841248 176.0 0
  105.84859499999999 104.0 0
  105.867279 208.0 0
  106.15946199999999 120.0 0
  106.258354 144.0 0
  106.339569 220.0 0
  106.414688 192.0 0
  106.477036 104.0 0
  106.549706 164.0 0
  106.59120899999999 84.0 0
  106.62701399999999 80.0 0
  106.694672 168.0 0
  106.70813 212.0 0
  106.718819 220.0 0
  106.77655 100.0 0
  106.804565 72.0 0
  106.87825799999999 68.0 0
  106.91088099999999 140.0 0
  106.918999 50609.0 0
  106.97602099999999 7.200471 0
  107.08451099999999 1232.0 0
  107.09011799999999 180.0 0
  107.15875199999999 84.0 0
  107.16113299999999 180.0 0
  107.25943799999999 128.0 0
  107.30924999999999 92.0 0
  107.357399 172.0 0
  107.387993 160.0 0
  107.40055799999999 13.30715 0
  107.47406799999999 72.0 0
  107.47689799999999 50.591221 0
  107.556198 13.09091 0
  107.696945 8.400321 0
  107.772667 19.26556 0
  107.882576 192.0 0
  107.933067 48.0 0
  108.01502199999999 168.0 0
  108.05705999999999 684.0 0
  108.063217 120.0 0
  108.076684 1499.0 0
  108.080528 212.0 0
  108.085915 136.0 0
  108.18326599999999 176.0 0
  108.190826 176.0 0
  108.25340999999999 152.0 0
  108.310074 180.0 0
  108.31841299999999 68.0 0
  108.40077199999999 108.0 0
  108.45661899999999 216.0 0
  108.477638 196.0 0
  109.038704 73.547897 0
  109.056969 212.0 0
  109.06446799999999 1360.0 0
  109.089401 1.666667 0
  109.10127999999999 100.0 0
  109.25537899999999 104.0 0
  109.336891 52.17189 0
  109.437721 212.0 0
  109.48426099999999 224.0 0
  109.57017499999999 256.0 0
  109.64982599999999 144.0 0
  109.678772 128.0 0
  109.71914699999999 164.0 0
  109.738129 356.0 0
  109.75482199999999 204.0 0
  109.841743 76.0 0
  109.84816699999999 156.0 0
  109.86565399999999 160.0 0
  109.949142 124.0 0
  109.95962499999999 180.0 0
  110.03611799999999 980.0 0
  110.054344 108.0 0
  110.07942999999999 192.0 0
  110.097534 176.0 0
  110.106049 188.0 0
  110.192459 140.0 0
  110.279671 192.0 0
  110.306519 184.0 0
  110.31768 156.0 0
  110.37194799999999 188.0 0
  110.380646 16.850281 0
  110.403503 152.0 0
  110.504066 76.0 0
  110.51650199999999 152.0 0
  110.603752 208.0 0
  110.67875699999999 184.0 0
  110.822037 168.0 0
  110.888268 212.0 0
  110.912033 48.0 0
  110.997253 168.0 0
  111.01997399999999 228.0 0
  111.026276 164.0 0
  111.045074 248.0 0
  111.047585 32.0 0
  111.06575799999999 600.0 0
  111.096046 328.0 0
  111.120384 120.0 0
  111.16317699999999 148.0 0
  111.306725 240.0 0
  111.36067999999999 224.0 0
  111.375389 33.799679 0
  111.381981 128.0 0
  111.550873 228.0 0
  111.56604 204.0 0
  111.576286 56.0 0
  111.583168 160.0 0
  111.586479 228.0 0
  111.63915999999999 200.0 0
  111.76654099999999 160.0 0
  111.79931599999999 120.0 0
  111.80145999999999 248.0 0
  111.90770699999999 148.0 0
  112.036339 228.0 0
  112.053474 492.0 0
  112.098816 168.0 0
  112.110283 31.001789 0
  112.11982099999999 256.0 0
  112.150909 144.0 0
  112.285568 184.0 0
  112.448174 144.0 0
  112.465378 100.0 0
  112.513443 112.0 0
  112.557755 160.0 0
  112.59835799999999 60.0 0
  112.67122699999999 224.0 0
  112.68154899999999 152.0 0
  112.691307 148.0 0
  112.765648 116.0 0
  112.97134399999999 168.0 0
  113.039413 160.0 0
  113.044052 208.0 0
  113.09228499999999 172.0 0
  113.20098899999999 108.0 0
  113.284622 112.0 0
  113.377403 192.0 0
  113.58236699999999 160.0 0
  113.59550499999999 136.0 0
  113.65814999999999 196.0 0
  113.662849 216.0 0
  113.70567299999999 168.0 0
  113.709671 136.0 0
  113.929413 140.0 0
  113.93352499999999 13.38007 0
  113.99915299999999 284.0 0
  114.054497 276.0 0
  114.112724 156.830307 0
  114.181 220.0 0
  114.19242899999999 36.0 0
  114.23120899999999 128.0 0
  114.23378799999999 160.0 0
  114.40486899999999 96.0 0
  114.445679 21.551331 0
  114.495598 204.0 0
  114.52055399999999 13.04748 0
  114.62836499999999 160.0 0
  114.94251299999999 188.0 0
  114.946134 401.0 0
  114.977982 208.0 0
  115.022537 168.0 0
  115.058731 180.0 0
  115.089165 196.0 0
  115.097855 228.0 0
  115.117813 92.0 0
  115.239914 232.0 0
  115.301819 152.0 0
  115.322166 112.0 0
  115.335106 240.0 0
  115.394257 212.0 0
  115.534813 108.0 0
  115.54923199999999 236.0 0
  115.76052899999999 220.0 0
  115.79738599999999 160.0 0
  115.816948 160.0 0
  115.874596 264.0 0
  115.88391899999999 148.0 0
  115.89932999999999 168.0 0
  115.903053 120.0 0
  115.927101 172.0 0
  115.962555 80.0 0
  115.965454 110.378601 0
  115.99913799999999 160.0 0
  116.061584 964.0 0
  116.064934 380.0 0
  116.086975 220.0 0
  116.198318 80.0 0
  116.30083499999999 44.0 0
  116.41564899999999 244.0 0
  116.443771 212.0 0
  116.45451399999999 188.0 0
  116.46990199999999 236.0 0
  116.665588 1.546875 0
  116.69770799999999 144.0 0
  116.757904 244.0 0
  116.924126 156.0 0
  116.93481399999999 148.0 0
  116.96655299999999 152.0 0
  116.98686199999999 148.0 0
  117.03125 135.0 0
  117.041733 184.0 0
  117.05545799999999 180.0 0
  117.066818 156.0 0
  117.07030499999999 58.675659 0
  117.12879199999999 16.28009 0
  117.14240299999999 76.0 0
  117.14508099999999 32.0 0
  117.160034 160.0 0
  117.223755 120.0 0
  117.358627 100.0 0
  117.394234 64.0 0
  117.399796 180.0 0
  117.417824 12.66077 0
  117.46292899999999 176.0 0
  117.534645 56.0 0
  117.56145599999999 240.0 0
  117.576538 168.0 0
  117.630501 9.992117 0
  117.670059 164.0 0
  117.71618699999999 132.0 0
  117.80399299999999 124.0 0
  117.814865 68.0 0
  117.881523 96.0 0
  117.88632199999999 192.0 0
  117.986404 156.0 0
  118.00400499999999 168.0 0
  118.037521 136.0 0
  118.041901 368.0 0
  118.051796 160.0 0
  118.071045 180.0 0
  118.092491 176.0 0
  118.24719999999999 180.0 0
  118.661659 136.0 0
  118.782883 152.0 0
  118.95198099999999 132.0 0
  118.981003 112810.0 1
  118.987602 68.0 0
  118.991745 116.0 0
  119.00145699999999 140.0 0
  119.042526 276.0 0
  119.045502 5063.0 0
  119.05175799999999 104.0 0
  119.061127 18540.0 0
  119.072418 168.0 0
  119.08268 96.0 0
  119.133995 140.0 0
  119.151848 220.0 0
  119.155807 260.0 0
  119.16109499999999 9.280702 0
  119.181923 8.777778 0
  119.239494 132.0 0
  119.277611 28.0 0
  119.34359699999999 48.0 0
  119.36353299999999 92.0 0
  119.376976 36.0 0
  119.407974 22.231409 0
  119.48883099999999 196.0 0
  119.49131 13.38667 0
  119.539406 212.0 0
  119.612129 152.0 0
  119.665291 44.0 0
  119.712463 204.0 0
  119.72953 48.0 0
  119.83035299999999 68.0 0
  119.90025299999999 196.0 0
  119.98919699999999 176.0 0
  120.010376 212.0 0
  120.05328399999999 4008.0 0
  120.058044 188.0 0
  120.07865899999999 244.0 0
  120.082062 8836.0 0
  120.08762399999999 136.0 0
  120.119873 140.0 0
  120.359245 84.0 0
  120.38409399999999 152.0 0
  120.39731599999999 44.0 0
  120.429947 34.2467 0
  120.521484 176.0 0
  120.53768199999999 216.0 0
  120.655869 192.0 0
  120.67656699999999 148.0 0
  120.708389 176.0 0
  120.883156 148.0 0
  120.92757399999999 56.0 0
  121.024757 168.0 0
  121.032112 128.0 0
  121.046341 67.03167 0
  121.05854 216.0 0
  121.06300399999999 156.0 0
  121.06807699999999 13.3668 0
  121.07515699999999 279.734711 0
  121.085777 144.0 0
  121.09009599999999 628.0 0
  121.099594 160.0 0
  121.102875 756.0 0
  121.307007 220.0 0
  121.43236499999999 148.0 0
  121.485329 14.73472 0
  121.51972199999999 152.0 0
  121.623306 156.0 0
  121.669373 208.0 0
  121.68508899999999 172.0 0
  121.73552699999999 188.0 0
  121.748055 156.0 0
  121.93833199999999 88.0 0
  122.03031899999999 540.0 0
  122.045845 392.0 0
  122.068985 60.0 0
  122.075356 172.0 0
  122.10112 120.0 0
  122.104073 144.0 0
  122.144753 44.0 0
  122.178551 80.0 0
  122.18193799999999 204.0 0
  122.185532 14.0467 0
  122.261696 80.0 0
  122.319633 108.0 0
  122.338173 96.0 0
  122.39771999999999 148.0 0
  122.411186 10.19112 0
  122.421555 152.0 0
  122.43341799999999 188.0 0
  122.541252 172.0 0
  122.562508 152.0 0
  122.64666 144.0 0
  122.89924599999999 116.0 0
  123.00031999999999 52.0 0
  123.00515 12383.0 0
  123.01353499999999 997.509583 0
  123.08067299999999 91.10656 0
  123.09996799999999 136.0 0
  123.10509599999999 406.0 0
  123.117249 326.394012 0
  123.190407 128.0 0
  123.23850999999999 120.0 0
  123.32706499999999 240.0 0
  123.37854 176.0 0
  123.43019899999999 108.0 0
  123.676102 60.0 0
  123.758957 192.0 0
  123.789909 136.0 0
  123.96110499999999 160.0 0
  123.97204599999999 351.959106 0
  124.015121 136.0 0
  124.049065 1196.0 0
  124.11057299999999 68.0 0
  124.126099 39.691269 0
  124.132759 176.0 0
  124.159988 136.0 0
  124.17967999999999 19.004311 0
  124.18558499999999 108.0 0
  124.231422 160.0 0
  124.24928299999999 44.0 0
  124.292007 160.0 0
  124.29673799999999 124.0 0
  124.344162 216.0 0
  124.35187499999999 136.0 0
  124.38018 52.0 0
  124.40535 180.0 0
  124.42165399999999 180.0 0
  124.64922299999999 104.0 0
  124.72043599999999 212.0 0
  124.87690699999999 60.0 0
  125.02136999999999 108.0 0
  125.035339 188.0 0
  125.05620599999999 548.0 0
  125.09211699999999 11881.0 0
  125.120796 48.0 0
  125.32322699999999 136.0 0
  125.405991 172.0 0
  125.423828 356.0 0
  125.46807899999999 148.0 0
  125.49761199999999 108.0 0
  125.532478 52.0 0
  125.78643799999999 232.0 0
  125.86779 80.0 0
  125.899948 184.0 0
  125.96810199999999 148.0 0
  125.979424 168.0 0
  126.019646 224.0 0
  126.025094 120.0 0
  126.042648 180.0 0
  126.049263 360.0 0
  126.05371099999999 6804.0 0
  126.06642199999999 3132.0 0
  126.10160099999999 168.0 0
  126.117477 140.0 0
  126.18024399999999 164.0 0
  126.187759 208.0 0
  126.302208 152.0 0
  126.39435599999999 168.0 0
  126.399216 248.0 0
  126.51656299999999 172.0 0
  126.564713 192.0 0
  126.581398 176.0 0
  126.67017399999999 148.0 0
  126.83975199999999 124.0 0
  126.85076099999999 120.0 0
  126.934608 204.0 0
  126.959457 92.0 0
  126.97345 156.0 0
  126.99352999999999 320.0 0
  127.032761 225.011795 0
  127.035309 285.0 0
  127.05386399999999 176.0 0
  127.056091 132.0 0
  127.070312 111.0 0
  127.084999 34.2784 0
  127.10333299999999 124.0 0
  127.206711 120.0 0
  127.404106 88.0 0
  127.47795099999999 184.0 0
  127.685745 192.0 0
  127.72808099999999 168.0 0
  127.823517 152.0 0
  127.872215 132.0 0
  127.91179699999999 188.0 0
  127.933533 200.0 0
  128.056442 184.0 0
  128.059738 1463.0 0
  128.06189 1556.0 0
  128.100754 160.0 0
  128.146637 52.0 0
  128.312668 164.0 0
  128.316956 124.0 0
  128.328888 200.0 0
  128.338562 208.0 0
  128.348083 104.0 0
  128.373428 32.0 0
  128.397614 80.0 0
  128.455429 148.0 0
  128.459167 120.0 0
  128.55041500000002 144.0 0
  128.603378 136.0 0
  128.687683 76.0 0
  128.696152 132.0 0
  128.699432 184.0 0
  128.710449 188.0 0
  128.763153 132.0 0
  128.844894 100.0 0
  128.85441600000001 72.0 0
  128.936493 140.0 0
  128.977036 120.0 0
  129.04293800000002 232.163559 0
  129.052505 9327.0 0
  129.058701 152.0 0
  129.07048 720.0 0
  129.117386 192.0 0
  129.144135 32.0 0
  129.15699800000002 92.0 0
  129.183258 60.0 0
  129.254639 160.0 0
  129.39119 128.0 0
  129.437225 68.0 0
  129.492523 160.0 0
  129.67494200000002 156.0 0
  129.681778 14.28248 0
  129.687271 168.0 0
  129.716317 172.0 0
  129.763565 180.0 0
  129.791336 176.0 0
  129.960159 128.0 0
  130.02598600000002 680.0 0
  130.032578 283.0 0
  130.056274 341.0 0
  130.06192900000002 364.0 0
  130.068619 168.0 0
  130.072876 176.0 0
  130.07736200000002 196.0 0
  130.219254 156.0 0
  130.380173 176.0 0
  130.430588 8.21007 0
  130.451736 168.0 0
  130.53215 160.0 0
  130.900055 148.0 0
  130.911179 172.0 0
  130.96812400000002 80.0 0
  131.045059 6119.0 0
  131.04873700000002 908.0 0
  131.058624 128.0 0
  131.06156900000002 264.0 0
  131.06926 172.0 0
  131.07225 1688.0 0
  131.111572 116.0 0
  131.124146 44.0 0
  131.14184600000002 176.0 0
  131.164154 116.0 0
  131.275223 152.0 0
  131.464035 164.0 0
  131.470001 180.0 0
  131.56663500000002 244.0 0
  131.574142 204.0 0
  131.585449 164.0 0
  131.60058600000002 160.0 0
  131.786224 9.138888 0
  131.885208 148.0 0
  131.89119 156.0 0
  131.949203 188.0 0
  132.016693 120.0 0
  132.04414400000002 4464.0 0
  132.047821 180.0 0
  132.054047 8670.0 0
  132.056702 2068.0 0
  132.06752 344.0 0
  132.080124 180.0 0
  132.08818100000002 380.0 0
  132.103928 36.0 0
  132.138428 176.0 0
  132.197992 152.0 0
  132.277481 236.0 0
  132.44184900000002 132.0 0
  132.666489 44.0 0
  132.757812 132.0 0
  132.762192 28.0 0
  132.79582200000002 176.0 0
  132.891342 172.0 0
  132.945953 56.0 0
  132.98580900000002 140.0 0
  132.99295 180.0 0
  133.023911 120.0 0
  133.028442 2919.0 0
  133.03276100000002 172.0 0
  133.05143700000002 1648.0 0
  133.05972300000002 461.0 0
  133.06187400000002 188.0 0
  133.065491 1528.969971 0
  133.076355 2016.0 0
  133.08403 168.0 0
  133.208817 80.0 0
  133.280762 144.0 0
  133.291641 15.72652 0
  133.315933 160.0 0
  133.319504 32.0 0
  133.344772 104.0 0
  133.423599 40.0 0
  133.429733 184.0 0
  133.804886 164.0 0
  133.949844 285.751587 0
  133.96649200000002 148.0 0
  134.032059 21615.0 0
  134.039017 252.0 0
  134.066086 184.0 0
  134.086975 144.0 0
  134.09213300000002 188.0 0
  134.094437 66.523811 0
  134.096909 1524.0 0
  134.31869500000002 164.0 0
  134.418451 40.0 0
  134.459305 3.30625 0
  134.67776500000002 68.0 0
  134.71994 164.0 0
  134.884659 164.0 0
  134.938171 156.0 0
  135.049713 552.0 0
  135.111603 300.0 0
  135.11999500000002 192.0 0
  135.178513 176.0 0
  135.228928 112.0 0
  135.25280800000002 208.0 0
  135.276733 84.0 0
  135.52211 124.0 0
  135.57797200000002 148.0 0
  135.910629 76.0 0
  135.955811 172.0 0
  136.00134300000002 76.0 0
  136.03147900000002 144.0 0
  136.03521700000002 196.0 0
  136.057373 2716.0 0
  136.075424 2843.906982 0
  136.160507 148.0 0
  136.208023 2.666667 0
  136.41940300000002 84.0 0
  136.488159 11.36905 0
  136.630539 192.0 0
  136.80304 208.0 0
  136.907486 168.0 0
  136.917664 128.0 0
  136.98211 160.0 0
  137.00427200000001 168.0 0
  137.01966900000002 309.0 0
  137.025177 152.0 0
  137.054596 879.0 0
  137.05896 132.0 0
  137.095108 4712.0 0
  137.10791 45.640961 0
  137.11526500000002 340.0 0
  137.15219100000002 108.0 0
  137.174179 212.0 0
  137.195694 180.0 0
  137.32309 104.0 0
  137.327866 156.0 0
  137.36758400000002 152.0 0
  137.411911 40.0 0
  137.43545500000002 80.0 0
  137.446411 52.0 0
  137.578842 148.0 0
  137.58848600000002 60.0 0
  137.591309 172.0 0
  137.64450100000002 7.328031 0
  137.647827 96.0 0
  137.726517 60.0 0
  137.989014 136.0 0
  138.016251 208.0 0
  138.03611800000002 144.0 0
  138.060067 137.0 0
  138.06874100000002 192.0 0
  138.165939 60.0 0
  138.434158 172.0 0
  138.670929 208.0 0
  138.705917 76.0 0
  138.74421700000002 136.0 0
  138.74868800000002 152.0 0
  138.764877 180.0 0
  138.804306 80.0 0
  138.873962 216.0 0
  138.998566 140.0 0
  139.005096 148.0 0
  139.049271 156.0 0
  139.054764 4592.0 0
  139.07482900000002 178.182693 0
  139.082535 140.0 0
  139.10711700000002 96.0 0
  139.160028 124.0 0
  139.19371 180.0 0
  139.32650800000002 180.0 0
  139.33197 152.0 0
  139.37342800000002 100.0 0
  139.463287 156.0 0
  139.538712 136.0 0
  139.620987 144.0 0
  139.805313 172.0 0
  139.901657 108.0 0
  140.007263 184.0 0
  140.044861 196.0 0
  140.07887300000002 36.0 0
  140.10784900000002 167.674301 0
  140.163925 308.0 0
  140.315033 176.0 0
  140.346115 92.0 0
  140.39566000000002 84.0 0
  140.508759 276.0 0
  140.54435700000002 136.0 0
  140.612488 196.0 0
  140.621948 132.0 0
  140.821259 124.0 0
  140.84561200000002 112.0 0
  140.937698 152.0 0
  141.0112 124.0 0
  141.014633 148.0 0
  141.06890900000002 148.0 0
  141.072778 997.0 0
  141.09887700000002 160.0 0
  141.230072 116.0 0
  141.237076 124.0 0
  141.263184 176.0 0
  141.439728 80.0 0
  141.487106 192.0 0
  141.859665 40.0 0
  141.98623700000002 204.0 0
  142.021164 164.0 0
  142.047134 164.0 0
  142.064972 1857.530029 0
  142.07084700000001 172.0 0
  142.073135 160.0 0
  142.07646200000002 1572.0 0
  142.126587 212.0 0
  142.14267 36.0 0
  142.16957100000002 148.0 0
  142.19258100000002 180.0 0
  142.256997 172.0 0
  142.28659100000002 128.0 0
  142.30169700000002 200.0 0
  142.368469 216.0 0
  142.371399 52.0 0
  142.43756100000002 216.0 0
  142.441986 5.225 0
  142.566528 88.0 0
  143.00676 2732.0 0
  143.012085 96.0 0
  143.043228 2041.0 0
  143.077789 168.0 0
  143.082336 216.0 0
  143.148422 88.0 0
  143.152481 200.0 0
  143.24267600000002 168.0 0
  143.31784100000002 72.0 0
  143.32222000000002 44.0 0
  143.32719400000002 1.336111 0
  143.529984 196.0 0
  143.58432000000002 236.0 0
  143.729919 112.0 0
  144.05865500000002 372.0 0
  144.084305 172.0 0
  144.09483300000002 188.0 0
  144.12196400000002 156.0 0
  144.168594 168.0 0
  144.199341 136.0 0
  144.214737 180.0 0
  144.23327600000002 164.0 0
  144.466736 224.0 0
  144.499771 120.0 0
  144.719559 100.0 0
  144.820389 96.0 0
  145.02800000000002 148.0 0
  145.04762300000002 1577.0 0
  145.062607 143.355606 0
  145.067444 427.683105 0
  145.073792 19.033331 0
  145.083664 2488.0 0
  145.093536 180.0 0
  145.24958800000002 84.0 0
  145.254288 72.0 0
  145.29423500000001 168.0 0
  145.303177 56.0 0
  145.32075500000002 180.0 0
  145.40205400000002 192.0 0
  145.617905 128.0 0
  145.70228600000002 156.0 0
  145.71727 192.0 0
  145.799484 152.0 0
  145.909149 148.0 0
  145.9216 256.0 0
  145.951263 156.0 0
  146.001892 276.0 0
  146.01881400000002 140.0 0
  146.034149 144.0 0
  146.042053 140.0 0
  146.05336 10.63333 0
  146.058578 216.0 0
  146.090302 280.0 0
  146.09556600000002 288.0 0
  146.105576 160.0 0
  146.210037 132.0 0
  146.24739100000002 180.0 0
  146.309662 34.111519 0
  146.313385 188.0 0
  146.326782 48.0 0
  146.44047500000002 116.0 0
  146.542664 188.0 0
  146.59028600000002 76.0 0
  146.691696 116.0 0
  146.749557 6.364899 0
  146.80661 148.0 0
  146.81582600000002 164.0 0
  146.85832200000002 148.0 0
  146.89328 56.0 0
  146.983047 160.0 0
  147.039948 156.0 0
  147.06448400000002 160.0 0
  147.071411 1821.0 0
  147.078201 160.0 0
  147.13703900000002 144.0 0
  147.139252 20.0 0
  147.18876600000002 208.0 0
  147.21310400000002 180.0 0
  147.23407 160.0 0
  147.301804 44.0 0
  147.341736 76.0 0
  147.350998 180.0 0
  147.55006400000002 72.0 0
  147.584869 192.0 0
  147.92944300000002 196.0 0
  147.937927 148.0 0
  148.044174 1051.0 0
  148.07650800000002 480.0 0
  148.087769 1488.737061 0
  148.125595 156.0 0
  148.199905 172.0 0
  148.23460400000002 40.0 0
  148.464157 68.577827 0
  148.533981 180.0 0
  148.564896 1628.0 0
  148.57222000000002 168.0 0
  148.681824 156.0 0
  149.02452100000002 232.0 0
  149.037003 152.0 0
  149.05543500000002 1456.0 0
  149.097443 776.0 0
  149.12879900000001 212.0 0
  149.354919 156.0 0
  149.358032 164.0 0
  149.611221 28.0 0
  149.761383 60.0 0
  149.97203100000002 64.0 0
  149.97995 264.0 0
  149.98335300000002 144.0 0
  150.056091 2636.0 0
  150.06114200000002 680.0 0
  150.091476 21588.0 0
  150.138733 232.0 0
  150.262192 212.0 0
  150.30632 208.0 0
  150.61496 132.0 0
  150.678665 156.0 0
  150.733292 76.0 0
  151.038193 860.0 0
  151.04303000000002 160.0 0
  151.067245 968.0 0
  151.072205 4656.0 0
  151.095337 208.0 0
  151.117401 200.0 0
  151.153863 188.0 0
  151.16111800000002 11.29518 0
  151.17717000000002 156.0 0
  151.19754 156.0 0
  151.220535 8.462069 0
  151.241058 108.0 0
  151.29800400000002 3.00463 0
  151.40695200000002 6.770833 0
  151.424393 48.0 0
  151.491791 92.0 0
  151.508026 80.0 0
  151.51675400000002 180.0 0
  151.590744 124.0 0
  151.77520800000002 164.0 0
  151.83313 72.0 0
  151.983719 140.0 0
  152.00087000000002 172.0 0
  152.044281 180.0 0
  152.08548000000002 2012.0 0
  152.19712800000002 5.020833 0
  152.302322 48.0 0
  152.35955800000002 60.0 0
  152.39241 76.0 0
  152.408127 26.644739 0
  152.46902500000002 172.0 0
  152.50340300000002 204.0 0
  152.63540600000002 44.0 0
  152.672333 44.0 0
  152.782181 164.0 0
  152.875763 136.0 0
  152.954147 17.00765 0
  152.968094 60.0 0
  153.051514 427.0 0
  153.090866 268.0 0
  153.096436 52.0 0
  153.099869 488.0 0
  153.110962 39.285919 0
  153.145462 88.0 0
  153.15072600000002 184.0 0
  153.16639700000002 164.0 0
  153.204147 76.0 0
  153.22905 160.0 0
  153.262238 148.0 0
  153.307999 56.0 0
  153.33197 192.0 0
  153.38913 128.0 0
  153.405731 56.0 0
  153.57106000000002 180.0 0
  153.68974300000002 204.0 0
  153.741837 132.0 0
  153.789047 208.0 0
  153.816345 208.0 0
  153.996866 172.0 0
  154.017807 558.0 0
  154.074112 220.0 0
  154.077011 696.0 0
  154.103622 128.0 0
  154.396271 60.0 0
  154.796661 172.0 0
  154.873566 104.0 0
  154.93734700000002 116.0 0
  154.975357 144.0 0
  155.071777 200.0 0
  155.29594400000002 92.0 0
  155.34925800000002 116.0 0
  155.367233 144.0 0
  155.414352 10.03617 0
  155.517151 148.0 0
  155.578339 216.0 0
  155.693939 3.666667 0
  155.810654 164.0 0
  155.995758 520.0 0
  155.999664 148.0 0
  156.066696 156.0 0
  156.104553 52.0 0
  156.174545 148.0 0
  156.414566 128.0 0
  156.471329 132.0 0
  156.542603 112.0 0
  156.636703 180.0 0
  156.656204 140.0 0
  156.89596600000002 112.0 0
  156.909119 260.0 0
  156.963196 160.0 0
  157.06097400000002 1002.0 0
  157.063049 160.0 0
  157.07692 204.0 0
  157.10025000000002 1412.0 0
  157.111679 152.0 0
  157.2332 176.0 0
  157.32243300000002 96.0 0
  157.528198 324.0 0
  157.608734 224.0 0
  157.649078 120.0 0
  157.655075 148.0 0
  157.952301 140.0 0
  157.958618 276.0 0
  158.05624400000002 200.0 0
  158.09642 2116.0 0
  158.105255 184.0 0
  158.16918900000002 164.0 0
  158.196259 108.0 0
  158.305313 60.0 0
  158.34577900000002 4.855511 0
  158.395264 136.0 0
  158.61041300000002 9.642095 0
  158.710388 180.0 0
  158.796783 236.0 0
  158.866806 104.0 0
  158.90025300000002 140.0 0
  158.95794700000002 104.0 0
  158.97529600000001 572.0 0
  158.98735000000002 116.0 0
  159.029861 236285.0 2
  159.03439300000002 584.0 0
  159.04699100000002 554.0 0
  159.078278 184.0 0
  159.090103 3496.0 0
  159.11540200000002 1153.07605 0
  159.29830900000002 288.0 0
  159.302841 92.0 0
  159.310852 84.0 0
  159.36064100000002 1424.0 0
  159.397476 56.0 0
  159.45648200000002 140.0 0
  159.471481 204.0 0
  159.534729 172.0 0
  159.62941 144.0 0
  159.755692 116.0 0
  159.807632 168.0 0
  159.875854 256.0 0
  159.882233 140.0 0
  159.903503 164.0 0
  159.920929 152.0 0
  159.934784 164.0 0
  159.947311 148.0 0
  159.977936 84.0 0
  160.031815 15119.0 0
  160.04357900000002 196.0 0
  160.073044 124.0 0
  160.07698100000002 540.0 0
  160.12146 152.0 0
  160.15780600000002 44.0 0
  160.18528700000002 56.0 0
  160.197495 116.0 0
  160.282135 92.0 0
  160.30233800000002 128.0 0
  160.346497 56.0 0
  160.688812 172.0 0
  160.817429 12.05128 0
  160.952332 164.0 0
  160.967484 84.0 0
  161.036575 48.0 0
  161.04899600000002 2399.0 0
  161.06890900000002 13691.0 0
  161.104187 148.0 0
  161.231613 61.125 0
  161.302567 264.0 0
  161.343307 168.0 0
  161.37011700000002 140.0 0
  161.387695 224.0 0
  161.52444500000001 148.0 0
  161.544693 140.0 0
  161.56601 148.0 0
  161.70207200000002 56.0 0
  161.79028300000002 132.0 0
  161.82492100000002 96.0 0
  161.906326 184.0 0
  161.910141 96.0 0
  161.93862900000002 236.0 0
  161.96347 132.0 0
  161.974289 136.0 0
  161.977295 188.0 0
  161.99733 236.0 0
  162.060104 160.0 0
  162.10498 400.0 0
  162.121826 144.0 0
  162.18512 188.0 0
  162.251587 180.0 0
  162.289185 28.82008 0
  162.318207 21.246981 0
  162.38093600000002 144.0 0
  162.428574 132.0 0
  162.47406 132.0 0
  162.47699 176.0 0
  162.529434 136.0 0
  162.598465 116.0 0
  162.773804 132.0 0
  162.81848100000002 36.0 0
  162.82196000000002 120.0 0
  163.00650000000002 196.0 0
  163.042099 252.0 0
  163.057351 160.0 0
  163.07475300000002 2060.0 0
  163.08891300000002 84119.0 1
  163.108002 144.0 0
  163.13403300000002 80.0 0
  163.14566000000002 31.2803 0
  163.163254 188.0 0
  163.52832 252.0 0
  163.60791 68.0 0
  163.65295400000002 36.0 0
  163.671494 164.0 0
  163.697678 216.0 0
  163.797653 48.0 0
  163.83126800000002 144.0 0
  163.837357 112.0 0
  163.932083 68.0 0
  163.95330800000002 116.0 0
  163.96069300000002 92.0 0
  163.988159 92.0 0
  164.03157000000002 168.0 0
  164.03732300000001 1146.0 0
  164.04968300000002 200.0 0
  164.057571 144.0 0
  164.07740800000002 592.0 0
  164.143188 1700.0 0
  164.38681 144.0 0
  164.542282 144.0 0
  164.552933 176.0 0
  164.651688 192.0 0
  164.841034 124.0 0
  164.901321 148.0 0
  164.959946 96.0 0
  165.019272 284.0 0
  165.049194 4196.0 0
  165.06663500000002 18786.0 0
  165.071289 520.0 0
  165.102493 3951.846924 0
  165.183792 44.0 0
  165.24237100000002 116.0 0
  165.278915 128.0 0
  165.367218 108.0 0
  165.38855 140.0 0
  165.45051600000002 6.020833 0
  165.492401 64.0 0
  165.566452 164.0 0
  165.593002 68.0 0
  165.696899 188.0 0
  165.88999900000002 52.0 0
  165.935562 248.0 0
  165.95567300000002 84.0 0
  165.980774 212.0 0
  166.072418 248.0 0
  166.07577500000002 184.0 0
  166.09277300000002 1185.0 0
  166.258972 88.0 0
  166.32955900000002 96.0 0
  166.466675 184.0 0
  166.47013900000002 36.0 0
  166.801849 120.0 0
  167.021286 83.968803 0
  167.04255 584.0 0
  167.05941800000002 156.0 0
  167.069452 346.0 0
  167.07676700000002 4.107143 0
  167.082116 2890.0 0
  167.230545 136.0 0
  167.30484 140.0 0
  167.53822300000002 144.0 0
  167.609039 108.0 0
  167.93457 140.0 0
  168.055969 248.0 0
  168.077539 160.0 0
  168.207718 108.0 0
  168.238846 20.555559 0
  168.277115 164.0 0
  168.308044 124.0 0
  168.32103 216.0 0
  168.42569 160.0 0
  168.446472 216.0 0
  168.736963 168.0 0
  169.042892 72.0 0
  169.059357 152.0 0
  169.098007 34.844509 0
  169.13218700000002 164.0 0
  169.19046 11.77885 0
  169.370239 208.0 0
  169.37608300000002 188.0 0
  169.42115800000002 108.0 0
  169.48114 68.0 0
  169.798325 12.43542 0
  169.820648 168.0 0
  169.836929 148.0 0
  170.00250200000002 216.0 0
  170.056793 400.0 0
  170.067825 108.0 0
  170.075165 204.0 0
  170.095749 508.0 0
  170.213593 144.0 0
  170.263763 192.0 0
  170.35058600000002 108.0 0
  170.51709 236.0 0
  170.53758200000001 180.0 0
  170.665939 100.0 0
  170.67099000000002 60.0 0
  170.734894 68.0 0
  170.753174 164.0 0
  170.767038 140.0 0
  170.848175 156.0 0
  170.95854200000002 148.0 0
  171.06568900000002 172.0 0
  171.07710300000002 4905.0 0
  171.079575 2369.37207 0
  171.08247400000002 450.0 0
  171.133545 140.0 0
  171.174515 92.0 0
  171.21077 1856.0 0
  171.288284 168.0 0
  171.363113 192.0 0
  171.55780000000001 160.0 0
  171.72197 168.0 0
  171.77375800000002 184.0 0
  171.791641 80.0 0
  171.936111 132.0 0
  172.017548 6.5025 0
  172.127823 192.0 0
  172.157959 140.0 0
  172.18704200000002 6.161033 0
  172.302505 192.0 0
  172.502625 288.0 0
  172.77323900000002 108.0 0
  172.87222300000002 124.0 0
  172.90033 40.0 0
  172.996033 160.0 0
  173.044495 244.0 0
  173.05574000000001 144.0 0
  173.062576 204.0 0
  173.091934 375.0 0
  173.095337 137.779297 0
  173.435898 3.002778 0
  173.596008 104.0 0
  173.60887100000002 240.0 0
  173.621765 60.0 0
  173.998871 148.0 0
  174.00614900000002 176.0 0
  174.02636700000002 11317.0 0
  174.053177 39.444901 0
  174.068161 576.0 0
  174.17970300000002 7.017857 0
  174.300934 156.0 0
  174.308121 52.0 0
  174.336975 84.0 0
  174.381058 196.0 0
  174.41017200000002 140.0 0
  174.870102 52.0 0
  174.96142600000002 196.0 0
  174.979126 176.0 0
  174.98881500000002 208.0 0
  175.024643 76.0 0
  175.080093 148.0 0
  175.111084 260.0 0
  175.114563 144.0 0
  175.120544 140.0 0
  175.150848 972.0 0
  175.220773 184.0 0
  175.360794 60.0 0
  175.5215 192.0 0
  175.562622 168.0 0
  175.57238800000002 56.0 0
  175.697464 68.0 0
  175.732742 76.0 0
  175.998734 236.0 0
  176.060699 196.0 0
  176.08912700000002 176.0 0
  176.127045 20.111111 0
  176.18277 172.0 0
  176.22683700000002 52.0 0
  176.24821500000002 140.0 0
  176.313522 200.0 0
  176.49501 280.0 0
  176.633011 204.0 0
  176.737839 144.0 0
  176.766388 56.0 0
  176.805893 124.0 0
  176.858521 264.0 0
  177.002731 148.0 0
  177.023956 148.0 0
  177.04066500000002 305.0 0
  177.047729 168.0 0
  177.05392500000002 152.0 0
  177.05624400000002 116.0 0
  177.06848100000002 844.0 0
  177.342575 140.0 0
  177.41952500000002 144.0 0
  177.48902900000002 92.0 0
  177.60278300000002 152.0 0
  177.797638 140.0 0
  177.867737 72.0 0
  177.901779 192.0 0
  178.03637700000002 112.0 0
  178.056061 140.0 0
  178.07028200000002 202.487 0
  178.083429 164.0 0
  178.089417 6682.0 0
  178.107941 2408.0 0
  178.24821500000002 100.0 0
  178.291275 2.893518 0
  178.30522200000001 108.0 0
  178.41059900000002 120.0 0
  178.73674 164.0 0
  178.75297500000002 140.0 0
  178.831497 112.0 0
  178.920547 192.0 0
  179.039322 124.0 0
  179.058762 52.0 0
  179.072754 2836.0 0
  179.131729 92.0 0
  179.150848 187.176102 0
  179.191971 176.0 0
  179.20657300000002 116.0 0
  179.26254300000002 168.0 0
  179.28976400000002 64.0 0
  179.313644 168.0 0
  179.435608 156.0 0
  179.900787 44.034088 0
  180.085327 192.0 0
  180.130707 128.0 0
  180.214035 68.0 0
  180.229477 104.0 0
  180.389771 44.0 0
  180.72430400000002 19.28006 0
  180.85479700000002 80.0 0
  180.886749 68.0 0
  180.92553700000002 204.0 0
  181.04873700000002 223.0 0
  181.05986000000001 355.0 0
  181.06504800000002 34808.0 0
  181.075455 3988.034912 0
  181.105682 164.0 0
  181.39909400000002 10.83432 0
  181.462448 144.0 0
  181.496399 116.0 0
  181.507202 76.0 0
  181.617859 188.0 0
  181.677032 36.0 0
  181.808594 72.0 0
  181.99220300000002 140.0 0
  182.061172 1020.0 0
  182.071823 5289.0 0
  182.106277 160.0 0
  182.23739600000002 88.0 0
  182.26478600000002 188.0 0
  182.289581 100.0 0
  182.38874800000002 132.0 0
  182.46005200000002 144.0 0
  182.578705 148.0 0
  182.599762 280.0 0
  182.706894 224.0 0
  182.735825 232.0 0
  182.898895 120.0 0
  182.906891 60.0 0
  183.041428 42518.0 0
  183.091599 6276.0 0
  183.17610200000001 152.0 0
  183.189896 172.0 0
  183.254166 140.0 0
  183.263336 64.0 0
  183.412979 136.0 0
  183.460449 124.0 0
  183.504028 104.0 0
  183.71305800000002 60.0 0
  183.745361 220.0 0
  183.920868 4.195833 0
  183.95974700000002 180.0 0
  183.96373 23.57143 0
  184.013046 336.0 0
  184.03027300000002 3653.0 0
  184.067184 66.015694 0
  184.072449 344.0 0
  184.098755 152.0 0
  184.117233 156.0 0
  184.12188700000002 396.0 0
  184.159332 72.0 0
  184.419724 100.0 0
  184.553787 124.0 0
  184.647949 7.714285 0
  184.762741 84.0 0
  184.823822 144.0 0
  184.84736600000002 124.0 0
  184.850876 112.0 0
  184.89682000000002 144.0 0
  184.91677900000002 148.0 0
  185.051712 688.0 0
  185.066238 132.0 0
  185.099121 164.0 0
  185.241699 104.0 0
  185.277435 104.0 0
  185.53782700000002 28.0 0
  185.783768 212.0 0
  185.829544 176.0 0
  185.888428 1.505952 0
  185.96994 108.0 0
  186.02529900000002 128.0 0
  186.04821800000002 108.0 0
  186.058762 248.0 0
  186.06337000000002 152.0 0
  186.06625400000001 324.0 0
  186.088623 59.584801 0
  186.109955 68.0 0
  186.42099000000002 216.0 0
  186.423416 52.0 0
  186.494553 220.0 0
  186.67124900000002 144.0 0
  186.751709 48.0 0
  186.796082 184.0 0
  186.802917 22.71377 0
  187.097748 52.0 0
  187.09983200000002 180.0 0
  187.106827 819.0 0
  187.145828 288.0 0
  187.310104 180.0 0
  187.532913 68.0 0
  187.558701 68.0 0
  187.83148200000002 160.0 0
  188.032974 220.0 0
  188.06813 128.0 0
  188.09153700000002 548.0 0
  188.112213 184.0 0
  188.11531100000002 152.0 0
  188.186981 156.0 0
  188.423019 188.0 0
  188.543167 104.0 0
  188.581589 36.0 0
  188.781158 184.0 0
  188.875076 64.0 0
  188.898392 152.0 0
  189.01683 124.0 0
  189.03555300000002 144.0 0
  189.042077 1013.0 0
  189.05571 144.0 0
  189.066666 280.0 0
  189.099579 188.0 0
  189.16369600000002 528.0 0
  189.20773300000002 140.0 0
  189.29129 28.0 0
  189.457626 112.0 0
  189.460892 188.0 0
  189.531128 104.0 0
  189.611176 8.0 0
  189.658936 192.0 0
  189.75202900000002 196.0 0
  189.813736 232.0 0
  189.83810400000002 124.0 0
  190.16272 3.444444 0
  190.169601 972.0 0
  190.21781900000002 180.0 0
  190.28186 208.0 0
  190.28675800000002 17.452459 0
  190.337311 172.0 0
  190.37437400000002 100.0 0
  190.422928 32.0 0
  190.587463 72.0 0
  190.632675 192.0 0
  190.758575 80.0 0
  190.81604000000002 164.0 0
  191.040176 172.0 0
  191.04466200000002 104.0 0
  191.06552100000002 180.0 0
  191.106683 436.0 0
  191.115692 188.0 0
  191.119446 93292.0 1
  191.143753 96.0 0
  191.162384 76.0 0
  191.200882 100.0 0
  191.212555 208.0 0
  191.407349 236.0 0
  191.489304 84.0 0
  191.49868800000002 125.979599 0
  191.507248 168.0 0
  191.561371 120.0 0
  191.844421 192.0 0
  191.93905600000002 132.0 0
  191.947708 184.0 0
  191.985367 88.0 0
  192.08303800000002 636.0 0
  192.190628 168.0 0
  192.21426400000001 108.0 0
  192.25628700000001 68.0 0
  192.294174 108.0 0
  192.361374 136.0 0
  192.495499 244.0 0
  192.57891800000002 88.0 0
  192.588669 188.0 0
  192.67472800000002 168.0 0
  192.85664400000002 172.0 0
  193.043442 256.0 0
  193.149277 12.38935 0
  193.39325 76.0 0
  193.42150900000001 56.0 0
  193.53611800000002 188.0 0
  193.558853 144.0 0
  193.644754 212.0 0
  193.658432 128.0 0
  193.839111 52.0 0
  193.993546 104.0 0
  194.07904100000002 428.0 0
  194.082855 2412.0 0
  194.09899900000002 352.0 0
  194.110825 152.0 0
  194.19281 216.0 0
  194.19906600000002 30.708719 0
  194.488144 224.0 0
  194.551834 168.0 0
  194.568985 52.0 0
  194.689651 172.0 0
  194.733521 200.0 0
  194.987595 188.0 0
  195.042755 104.0 0
  195.047729 36.452141 0
  195.0504 120.0 0
  195.08934000000002 144.0 0
  195.114319 544.0 0
  195.15510600000002 152.0 0
  195.179382 168.0 0
  195.23872400000002 188.0 0
  195.709808 48.0 0
  195.819061 164.0 0
  195.852386 216.0 0
  195.97460900000002 340.0 0
  196.046387 474.0 0
  196.06163 164.0 0
  196.07247900000002 136.0 0
  196.104745 121.0 0
  196.125519 160.0 0
  196.202393 84.0 0
  196.40621900000002 168.0 0
  196.957886 164.0 0
  197.030029 208.0 0
  197.10008200000001 184.0 0
  197.156967 40.0 0
  197.192871 236.0 0
  197.46237200000002 84.0 0
  197.607361 184.0 0
  197.641388 36.0 0
  197.64660600000002 56.0 0
  197.856659 128.0 0
  198.07637 300.0 0
  198.102158 156.0 0
  198.137787 792.0 0
  198.17901600000002 120.0 0
  198.287308 84.0 0
  198.38136300000002 152.0 0
  198.400848 168.0 0
  198.439163 760.0 0
  198.467545 140.0 0
  198.47967500000001 148.0 0
  198.487579 152.0 0
  198.760071 132.0 0
  198.76327500000002 100.0 0
  199.07276900000002 5177.0 0
  199.131516 140.0 0
  199.14859 2320.0 0
  199.19729600000002 52.0 0
  199.34101900000002 136.0 0
  199.348282 256.0 0
  199.360901 180.0 0
  199.412125 120.0 0
  199.44107100000002 112.0 0
  199.51985200000001 60.0 0
  199.532715 160.0 0
  199.64553800000002 64.0 0
  200.007462 7265.64209 0
  200.043945 168.0 0
  200.099625 31.20455 0
  200.135239 604.0 0
  200.417191 56.0 0
  200.51889 228.0 0
  201.035706 23005.0 0
  201.072754 1108.0 0
  201.091568 380.0 0
  201.11275600000002 5499.0 0
  201.378632 92.0 0
  201.504379 1.835227 0
  201.63943500000002 6.840278 0
  201.696152 108.0 0
  201.85290500000002 152.0 0
  202.03839100000002 164.0 0
  202.047302 36309.0 0
  202.87645 68.0 0
  203.07080100000002 5252.0 0
  203.085495 140.0 0
  203.142456 188.0 0
  203.26332100000002 248.0 0
  203.330231 48.0 0
  203.62912 196.0 0
  203.95034800000002 192.0 0
  204.007538 768.0 0
  204.08775300000002 136.0 0
  204.100503 152.0 0
  204.103012 6576.0 0
  204.10537100000002 427.0 0
  204.14347800000002 104.0 0
  204.15510600000002 184.0 0
  204.276535 36.0 0
  204.32238800000002 40.0 0
  204.327896 116.0 0
  204.536819 56.0 0
  204.70138500000002 132.0 0
  204.95372 240.0 0
  204.990677 76.0 0
  205.045837 882.0 0
  205.06663500000002 1724.0 0
  205.10702500000002 164.0 0
  205.116226 152.0 0
  205.137009 128.0 0
  205.183472 124.0 0
  205.209854 140.0 0
  205.312836 96.0 0
  205.441864 52.0 0
  205.48138400000002 100.0 0
  205.936676 160.0 0
  206.042236 12.738147 0
  206.152008 168.0 0
  207.016464 120.0 0
  207.03663600000002 2199.0 0
  207.04933200000002 2468.0 0
  207.055893 5455.0 0
  207.074554 200.0 0
  207.142639 1184.0 0
  207.69918800000002 116.0 0
  207.71528600000002 84.0 0
  207.895309 156.0 0
  208.04014600000002 17.37455 0
  208.083649 164.0 0
  208.100098 192.0 0
  208.186279 33.231529 0
  208.27594000000002 64.0 0
  208.42562900000001 148.0 0
  208.496872 192.0 0
  208.573105 128.0 0
  208.615326 128.0 0
  208.653717 40.0 0
  208.67352300000002 88.0 0
  208.69996600000002 18.5 0
  208.81341600000002 76.0 0
  209.039276 144.0 0
  209.045761 46.329082 0
  209.08841 324.0 0
  209.13183600000002 228.0 0
  209.489426 88.0 0
  209.500687 80.0 0
  209.50778200000002 188.0 0
  209.746475 152.0 0
  209.949097 156.0 0
  210.07586700000002 172.0 0
  210.105362 252.0 0
  210.200546 108.0 0
  210.21369900000002 56.0 0
  210.89733900000002 168.0 0
  211.033295 148.0 0
  211.13501000000002 220.0 0
  211.139877 88.0 0
  211.315796 72.0 0
  211.51452600000002 148.0 0
  211.818817 120.0 0
  212.034241 35065.0 0
  212.046494 97244.0 1
  212.05247500000002 747.0 0
  212.151703 60.0 0
  212.169946 166.0 0
  213.038483 160.0 0
  213.068024 320.0 0
  213.08783 148.0 0
  213.143463 130.0 0
  213.164185 7.673611 0
  213.180185 303.0 0
  213.44880700000002 88.0 0
  213.715042 132.0 0
  213.841843 204.0 0
  213.971954 288.0 0
  214.003555 196.0 0
  214.254471 7.1 0
  214.315582 164.0 0
  214.34256000000002 1252.0 0
  214.4384 4.009868 0
  214.465958 128.0 0
  214.697784 124.0 0
  214.81994600000002 128.0 0
  214.823853 76.0 0
  214.84582500000002 156.0 0
  214.98370400000002 180.0 0
  215.00195300000001 96.0 0
  215.007126 36.0 0
  215.06762700000002 64.595207 0
  215.07428000000002 880.0 0
  215.117126 56.09697 0
  215.37825 156.0 0
  215.407669 5.4 0
  215.63235500000002 45.9799 0
  215.659515 2.208333 0
  215.670837 16.201599 0
  216.08209200000002 300.0 0
  216.08578500000002 3291.0 0
  216.091034 172.0 0
  216.22377 128.0 0
  216.44923400000002 112.0 0
  216.927658 220.0 0
  217.147232 176.0 0
  217.15335100000001 18.89043 0
  217.172028 156.0 0
  217.63235500000002 108.0 0
  217.689911 256.0 0
  217.860275 160.0 0
  217.967484 3.506579 0
  217.98185700000002 152.0 0
  218.014114 248.0 0
  218.043442 54.18478 0
  218.087402 144.0 0
  218.09153700000002 340.0 0
  218.163055 104.0 0
  218.192993 188.0 0
  218.246811 112.0 0
  218.309235 204.0 0
  218.368591 92.0 0
  218.417847 44.0 0
  218.429642 216.0 0
  218.504929 128.0 0
  218.544769 72.0 0
  219.32254 164.0 0
  219.403076 148.0 0
  219.46365400000002 164.0 0
  219.802521 144.0 0
  219.85015900000002 10.0 0
  220.03067000000001 132.0 0
  220.048584 304.0 0
  220.07260100000002 368.0 0
  220.12321500000002 296.0 0
  220.17446900000002 128.0 0
  220.195382 144.0 0
  220.31462100000002 92.0 0
  220.79135100000002 100.0 0
  220.817871 80.0 0
  221.02113300000002 188.0 0
  221.07418800000002 140.0 0
  221.104263 320.0 0
  221.129761 455.702606 0
  221.21490500000002 36.0 0
  221.230759 36.0 0
  221.375153 168.0 0
  221.580551 160.0 0
  221.58393900000002 152.0 0
  221.669586 164.0 0
  222.05139200000002 128.0 0
  222.366013 252.0 0
  222.414566 68.0 0
  222.51997400000002 100.0 0
  222.91369 168.0 0
  223.08586100000002 123.0 0
  223.95416300000002 164.0 0
  224.111084 152.0 0
  224.157822 116.0 0
  224.39909400000002 136.0 0
  224.500885 160.0 0
  224.90683 56.0 0
  224.970154 160.0 0
  225.087479 93106.0 1
  225.121948 180.0 0
  225.134338 140.0 0
  225.199341 184.0 0
  225.219055 176.0 0
  225.31456 216.0 0
  225.391602 100.0 0
  225.633408 6.370833 0
  225.993439 132.0 0
  226.03791800000002 320.0 0
  226.10453800000002 204.0 0
  226.21173100000001 112.0 0
  226.214966 160.0 0
  226.217957 180.0 0
  226.329071 72.0 0
  226.36634800000002 112.0 0
  226.829285 188.0 0
  226.914871 64.0 0
  226.96785 224.0 0
  227.051071 188.860504 0
  227.067734 88.0 0
  227.09877 136.0 0
  227.451355 196.0 0
  227.568375 160.0 0
  227.666275 196.0 0
  228.08358800000002 132.0 0
  228.108292 140.0 0
  228.170441 152.0 0
  228.19986 132.0 0
  228.30882300000002 132.0 0
  228.37886 48.0 0
  228.44052100000002 46.550388 0
  228.46286 96.0 0
  228.53993200000002 6.890625 0
  228.683502 316.0 0
  229.01516700000002 108.0 0
  229.111954 1180.0 0
  229.15313700000002 13982.0 0
  229.16343700000002 116.0 0
  229.195526 128.0 0
  229.830566 124.0 0
  230.04126000000002 88.0 0
  230.087402 136.0 0
  230.119583 250.0 0
  230.16391000000002 53.064079 0
  230.171967 60.0 0
  230.373657 192.0 0
  230.66029400000002 164.0 0
  230.674454 108.0 0
  230.714752 44.0 0
  231.058105 140.0 0
  231.148636 1348.0 0
  231.58419800000001 184.0 0
  231.7901 252.0 0
  231.936295 228.0 0
  232.029687 808.0 0
  232.11372400000002 136.0 0
  232.11964400000002 6472.0 0
  232.15768400000002 172.0 0
  232.161087 13.36166 0
  232.630066 18.96311 0
  233.004144 144.0 0
  233.055038 2680.0 0
  233.075714 124.0 0
  233.09059100000002 2.669444 0
  233.100479 36.0 0
  233.310059 132.0 0
  233.715652 44.0 0
  233.872635 124.0 0
  234.076187 69776.0 0
  234.089539 180.0 0
  234.220108 116.0 0
  234.38102700000002 52.0 0
  234.906281 104.0 0
  235.03770400000002 43.83456 0
  235.098648 3792.0 0
  235.16296400000002 21.24575 0
  235.45811500000002 140.0 0
  235.53001400000002 7.008333 0
  235.540695 48.0 0
  235.59968600000002 100.0 0
  235.67648300000002 240.0 0
  235.704025 156.0 0
  236.009125 108.0 0
  236.04911800000002 176.0 0
  236.07397600000002 1.0 0
  236.091522 44.388802 0
  236.12286400000002 112.0 0
  236.160583 260.0 0
  236.23606900000001 23.045 0
  236.667328 172.0 0
  237.01272600000001 120.0 0
  237.126633 288.0 0
  237.16485600000001 132.0 0
  237.170807 204.0 0
  237.288141 188.0 0
  237.39239500000002 44.0 0
  237.411865 112.0 0
  237.615799 64.0 0
  237.806305 112.0 0
  237.90368700000002 164.0 0
  237.957672 112.0 0
  238.050827 172.0 0
  238.07586700000002 156.0 0
  238.195084 228.0 0
  238.72679100000002 212.0 0
  238.852829 176.0 0
  239.06791700000002 80.933823 0
  239.09053 2844.0 0
  239.116013 1504.0 0
  239.14184600000002 964.0 0
  239.182343 80.007347 0
  239.266266 92.0 0
  239.579956 52.0 0
  239.76010100000002 164.0 0
  239.81187400000002 208.0 0
  239.853149 200.0 0
  239.96489 104.0 0
  240.01062000000002 164.0 0
  240.06848100000002 100.0 0
  240.13810700000002 268.556305 0
  240.24696400000002 172.0 0
  240.29663100000002 204.0 0
  240.399963 128.0 0
  240.616196 72.0 0
  240.766693 88.0 0
  240.902267 164.0 0
  240.937073 180.0 0
  240.952164 148.0 0
  241.013474 5499.0 0
  241.05281100000002 252.0 0
  241.05574000000001 104.0 0
  241.065796 160.0 0
  241.08358800000002 10.57843 0
  241.119141 284.0 0
  241.13600200000002 101.448303 0
  241.180206 160.0 0
  241.338669 152.0 0
  241.398422 60.0 0
  241.75096100000002 52.0 0
  241.79776 132.0 0
  241.849655 4.083333 0
  242.041 3457423.0 22
  242.078903 3901.31665 0
  242.16445900000002 400.0 0
  242.273376 58.860031 0
  242.716293 176.0 0
  242.733887 176.0 0
  243.043823 1034.0 0
  243.073776 192.0 0
  243.111932 196.0 0
  243.257019 80.0 0
  243.485779 104.0 0
  243.608368 200.0 0
  243.646973 184.0 0
  243.718002 176.0 0
  243.94632000000001 72.0 0
  244.04830900000002 240.0 0
  244.064514 22160.0 0
  244.141129 48.0 0
  244.34671 196.0 0
  244.34985400000002 152.0 0
  244.627228 172.0 0
  244.68193100000002 54.603569 0
  244.920166 34.0 0
  244.99061600000002 196.0 0
  245.192978 520.0 0
  245.29393000000002 44.0 0
  245.509094 96.0 0
  246.310684 452.0 0
  246.491928 132.0 0
  246.65934800000002 68.0 0
  246.83152800000002 304.0 0
  246.842789 132.0 0
  246.888245 88.0 0
  246.96052600000002 180.0 0
  247.109787 128.0 0
  247.126831 7558.0 0
  247.201187 144.0 0
  247.26310700000002 100.0 0
  247.32762100000002 144.0 0
  247.46400500000001 168.0 0
  247.81781 172.0 0
  247.991333 208.0 0
  248.099274 168.0 0
  248.1026 136.0 0
  248.11526500000002 76.8125 0
  248.31466700000001 6.85307 0
  248.582504 164.0 0
  248.949249 68.0 0
  248.996643 656.0 0
  249.010239 124.0 0
  249.30838 140.0 0
  249.386765 264.0 0
  249.438004 96.0 0
  249.492432 116.0 0
  249.72880600000002 72.0 0
  249.9272 7.5 0
  250.071564 184.0 0
  250.106049 80.0 0
  250.171539 100.0 0
  250.49421700000002 184.0 0
  250.803818 200.0 0
  251.04246500000002 180.0 0
  251.04624900000002 20232.0 0
  251.06955000000002 164.0 0
  251.201691 3.333333 0
  251.564697 164.0 0
  251.65356400000002 124.0 0
  251.901794 144.0 0
  251.90763900000002 112.0 0
  251.923035 124.0 0
  252.029007 53285.0 0
  252.185776 288.0 0
  252.750366 180.0 0
  252.83105500000002 72.0 0
  253.04422 400.0 0
  253.085876 316.0 0
  253.15278600000002 39163.0 0
  253.278061 13.86613 0
  253.563644 80.0 0
  253.731094 4.588816 0
  253.917419 140.0 0
  253.99028 152.0 0
  254.108414 1272.0 0
  254.182556 148.0 0
  254.20365900000002 140.0 0
  254.263 148.0 0
  254.639282 140.0 0
  254.83668500000002 256.0 0
  254.967209 236.0 0
  255.09260600000002 2548.0 0
  255.10415600000002 1087.0 0
  255.283646 148.0 0
  255.311127 172.0 0
  255.43858300000002 144.0 0
  255.512863 108.0 0
  255.570175 17.87121 0
  255.823532 140.0 0
  256.051025 196.0 0
  256.20430899999997 132.0 0
  256.692596 168.0 0
  257.062958 184.0 0
  257.130432 152.0 0
  257.39212 316.0 0
  257.53656 6.020162 0
  257.691406 76.0 0
  257.998871 4928.0 0
  258.09024 384.0 0
  258.100555 160.0 0
  258.32415799999995 100.0 0
  258.38107299999996 152.0 0
  258.964111 152.0 0
  259.090057 132.0 0
  259.137482 132.0 0
  259.20971699999996 164.0 0
  259.81848099999996 244.0 0
  260.177399 224.0 0
  260.79324299999996 136.0 0
  260.835358 52.0 0
  261.034271 88.0 0
  261.04495199999997 148.0 0
  261.051941 255.0 0
  261.092834 236.0 0
  261.131104 472.115295 0
  261.16326899999996 1000.0 0
  261.176941 180.0 0
  261.209595 44.0 0
  261.22894299999996 100.0 0
  261.261017 316.0 0
  261.457672 180.0 0
  261.51251199999996 11.0663 0
  262.16336099999995 124.0 0
  262.86319 272.0 0
  263.100006 43022.0 0
  263.154724 200.0 0
  263.225311 3.150582 0
  264.046204 88.0 0
  264.10427899999996 196.0 0
  264.73571799999996 192.0 0
  264.74603299999995 108.0 0
  264.837524 48.0 0
  264.841339 120.0 0
  265.089905 34.766449 0
  265.121338 96.0 0
  265.124268 168.0 0
  265.13504 4576.0 0
  265.158905 15.00952 0
  265.203827 92.0 0
  265.32885699999997 128.0 0
  265.35952799999995 80.0 0
  265.476135 184.0 0
  265.730865 192.0 0
  266.11871299999996 1044.0 0
  266.123138 316.0 0
  266.30825799999997 40.0 0
  266.44458 120.0 0
  266.650421 156.0 0
  266.946167 152.0 0
  267.06729099999995 308.0 0
  267.08462499999996 712.0 0
  267.163971 1008.0 0
  267.27770399999997 148.0 0
  267.29006999999996 76.0 0
  267.533264 200.0 0
  268.054596 156.0 0
  268.138733 154875.0 1
  268.96768199999997 60.0 0
  269.48467999999997 132.0 0
  269.66909799999996 176.0 0
  270.004333 188.0 0
  270.049377 180.0 0
  270.086487 132.0 0
  270.11492899999996 284.0 0
  270.22705099999996 188.0 0
  270.425232 212.0 0
  270.554626 160.0 0
  271.06005899999997 144.0 0
  271.22232099999997 144.0 0
  272.12023899999997 320.0 0
  272.152252 128.0 0
  272.235321 80.0 0
  272.98233 176.0 0
  273.46106 156.0 0
  274.329865 76.0 0
  274.34243799999996 140.0 0
  274.80249 116.0 0
  275.29348799999997 96.0 0
  275.424622 180.0 0
  275.591217 212.0 0
  275.70516999999995 128.0 0
  275.99566699999997 348.0 0
  276.07302899999996 136.0 0
  276.164001 7480.0 0
  276.45275899999996 160.0 0
  276.532013 60.0 0
  277.231842 76.0 0
  277.264893 156.0 0
  277.268921 200.0 0
  277.287384 176.0 0
  277.41272 128.0 0
  277.799561 160.0 0
  278.095337 148.0 0
  278.725616 168.0 0
  278.85909999999996 348.0 0
  278.9953 120.0 0
  279.10745199999997 8.193491 0
  279.25766 80.0 0
  279.40203199999996 224.0 0
  279.460785 118.251602 0
  279.52709999999996 84.0 0
  279.937927 148.0 0
  280.061127 132.0 0
  280.106049 6.0125 0
  280.27151499999997 18.575661 0
  280.48580899999996 248.0 0
  280.62875399999996 132.0 0
  281.037445 368.0 0
  281.077515 1512.0 0
  281.15408299999996 96.0 0
  281.41558799999996 100.0 0
  282.389771 148.0 0
  282.500977 212.0 0
  282.62979099999995 164.0 0
  282.928864 120.0 0
  282.96340899999996 204.0 0
  282.966339 48.0 0
  283.083008 3353016.0 21
  283.554688 88.0 0
  283.795868 176.0 0
  283.88449099999997 3.921296 0
  283.943451 52.0 0
  284.033051 604.0 0
  284.047333 38.799519 0
  284.531036 100.0 0
  284.5979 180.0 0
  285.000702 612.0 0
  285.057397 184.0 0
  285.12857099999997 104.0 0
  285.133667 2768.0 0
  285.21820099999997 452.0 0
  285.821649 168.0 0
  285.98846399999996 164.0 0
  286.198181 776.0 0
  286.701416 124.0 0
  287.051544 4425.0 0
  287.065369 140.0 0
  287.096588 140.0 0
  287.281036 64.0 0
  287.355103 156.0 0
  287.497009 152.0 0
  287.60522499999996 60.0 0
  287.649811 180.0 0
  287.70162999999997 180.0 0
  287.809509 136.0 0
  287.938873 28.0 0
  288.3284 148.0 0
  288.448334 64.0 0
  289.13356899999997 184.0 0
  289.154205 140.0 0
  289.205017 96.0 0
  289.384827 220.0 0
  289.49807699999997 80.0 0
  289.582672 4.388158 0
  289.590271 1.480263 0
  290.01611299999996 83350.0 1
  290.052307 152.0 0
  290.320496 60.0 0
  290.928528 32.0 0
  290.98959399999995 663.063721 0
  291.16754199999997 420.0 0
  292.151306 29.82008 0
  292.177399 144.0 0
  292.630066 208.0 0
  293.07235699999995 132.0 0
  293.07629399999996 600.0 0
  293.081207 644.0 0
  293.135681 212.0 0
  293.222443 256.0 0
  293.542419 112.0 0
  293.610779 7.560484 0
  293.76358 148.0 0
  294.11663799999997 120.0 0
  294.15097 15.13004 0
  294.202911 196.0 0
  294.280212 384.0 0
  294.634216 196.0 0
  295.05053699999996 148.0 0
  295.29486099999997 68.0 0
  296.017639 120.422302 0
  296.066552 497.0 0
  296.102112 32.76276 0
  296.426605 6.482143 0
  297.08221399999996 180.0 0
  297.14389 32.0 0
  297.180573 149354.0 1
  297.184174 168.0 0
  297.200317 188.0 0
  297.244378 172.0 0
  297.45639 72.0 0
  297.48098799999997 67865.0 0
  297.77752699999996 44.0 0
  298.066895 7408.0 0
  298.089142 1744.0 0
  298.127014 1.56702848E8 999
  298.671997 152.0 0
  298.860504 16.186729 0
  298.94561799999997 152.0 0
  299.420074 11.02083 0
  299.54428099999996 236.0 0
  299.70428499999997 164.0 0
  299.77356 148.0 0
  300.147858 464.0 0
  300.77975499999997 96.0 0
  300.877075 172.0 0
  301.06805399999996 2.840833 0
  301.07553099999996 14.0 0
  301.350708 48.0 0
  301.86099199999995 96.0 0
  302.036591 96.0 0
  302.073517 1692.0 0
  302.163879 612.0 0
  302.475952 180.0 0
  303.073334 84.0 0
  303.086151 50.53091 0
  303.57809399999996 56.0 0
  304.080536 148.0 0
  304.088959 9791.0 0
  304.095551 8.0 0
  304.164825 256.0 0
  304.21682699999997 5128.0 0
  304.433648 184.0 0
  304.462921 7.747549 0
  304.737335 132.0 0
  305.246857 148.0 0
  305.532037 168.0 0
  305.55020099999996 140.0 0
  305.888763 112.0 0
  306.180389 7346.0 0
  306.92529299999995 7.272727 0
  307.552917 156.0 0
  307.620819 22.143259 0
  307.860596 5.935897 0
  307.97549399999997 156.0 0
  308.173676 188.0 0
  308.27124 160.0 0
  308.57217399999996 192.0 0
  308.968445 184.0 0
  309.121826 184.0 0
  309.44397 92.0 0
  310.077972 164.0 0
  310.112122 100.0 0
  310.678772 29.470341 0
  310.89996299999996 144.0 0
  310.963898 18.9053 0
  311.08642599999996 153539.0 1
  311.09371899999996 152.0 0
  312.041199 128.0 0
  312.172333 80.0 0
  312.338189 228.0 0
  312.549103 116.0 0
  313.041589 315.0 0
  313.093018 312.0 0
  313.274048 128.0 0
  313.94631999999996 44.0 0
  313.96554599999996 48.0 0
  314.07516499999997 3784.0 0
  314.135895 192.0 0
  314.424316 44.0 0
  315.18585199999995 40.0 0
  315.600311 100.0 0
  316.05127 124.0 0
  316.10839799999997 504.82431 0
  316.17749 145.0 0
  316.22406 3.4 0
  317.321259 200.0 0
  317.430206 200.0 0
  318.45465099999996 36.0 0
  319.181519 52.0 0
  319.586182 220.0 0
  320.38195199999996 168.0 0
  321.031952 9.556818 0
  321.09973099999996 627.110596 0
  321.157959 192.0 0
  322.04400599999997 276.0 0
  322.09854099999995 9.680555 0
  322.16625999999997 60.0 0
  322.36364699999996 0.0 0
  322.470215 84.0 0
  322.670929 96.0 0
  323.873199 20.0 0
  324.049042 100.0 0
  324.80783099999996 148.0 0
  324.889374 8.757883 0
  324.945953 112.0 0
  325.10103699999996 80.0 0
  325.11517299999997 52.0 0
  326.145935 264.0 0
  326.839813 92.0 0
  327.04754599999995 276.0 0
  327.11159599999996 295.0 0
  328.093933 180.0 0
  328.28405799999996 104.0 0
  329.16961699999996 268.0 0
  329.837921 32.0 0
  330.140924 160.0 0
  331.0 1.441456 0
  331.019348 100.0 0
  332.090912 0.513313 0
  332.16610699999995 192.0 0
  332.18123699999995 740.0 0
  332.210632 176.0 0
  333.64361599999995 116.0 0
  334.080017 140.0 0
  334.094537 220.0 0
  334.159967 340.0 0
  334.225488 152.0 0
  334.40740999999997 144.0 0
  335.20523099999997 156.0 0
  335.62912 68.0 0
  336.139282 180.0 0
  336.711151 36.0 0
  336.841553 204.0 0
  336.947845 196.0 0
  337.12087399999996 12075.0 0
  337.227936 196.0 0
  337.23889199999996 168.0 0
  337.443604 148.0 0
  337.854004 140.0 0
  338.02539099999996 160.0 0
  338.153076 175268.0 1
  338.462311 108.0 0
  339.34783899999996 200.0 0
  340.153198 960.0 0
  340.20415599999995 160.0 0
  340.27966299999997 196.0 0
  341.070557 10245.0 0
  341.08789099999996 180.0 0
  341.171539 27.278761 0
  342.17125799999997 148.0 0
  342.227203 220.0 0
  343.12420699999996 160.0 0
  343.286615 96.0 0
  343.616425 4201.254883 0
  344.072754 120.0 0
  344.14660599999996 31.08333 0
  344.15924099999995 70016.0 0
  344.187164 25.854401 0
  344.237823 160.0 0
  344.84536699999995 108.0 0
  345.076843 7896.0 0
  345.12645799999996 112.0 0
  345.841949 44.0 0
  346.159546 204.0 0
  346.471344 140.0 0
  346.692596 140.0 0
  347.10693399999997 148.0 0
  347.30654899999996 40.0 0
  349.09793099999996 1429.0 0
  349.216888 3892.0 0
  349.24807699999997 100.0 0
  350.22903399999996 21644.0 0
//
