ACCESSION: CCMSLIB00000004313
RECORD_TITLE: decoy
DATE: 2015.11.20
AUTHORS: Administrator
LICENSE: CC BY-SA
CH$NAME: decoy
CH$COMPOUND_CLASS: Natural Product
CH$FORMULA: C11H12N4O3S
CH$EXACT_MASS: 280.063011244
CH$SMILES: N/A
CH$IUPAC: decoy
CH$LINK: N/A
AC$INSTRUMENT: decoy
AC$INSTRUMENT_TYPE: decoy
AC$MASS_SPECTROMETRY: MS_TYPE MS2
AC$MASS_SPECTROMETRY: ION_MODE POSITIVE
AC$MASS_SPECTROMETRY: COLLISION_ENERGY 10 V
MS$FOCUSED_ION: PRECURSOR_M/Z 281
MS$FOCUSED_ION: PRECURSOR_TYPE [M+H]+
PK$NUM_PEAK: 56
PK$PEAK: m/z int. rel.int.
  48.653023000000005 144.0 1
  49.404720000000005 172.0 1
  54.129940000000005 260.0 1
  58.614689 220.0 1
  62.263512 184.0 1
  73.45535299999999 132.0 1
  96.05478699999999 212.0 1
  96.784264 92.0 0
  99.54532599999999 132.0 1
  103.957664 216.0 1
  105.069412 1265.901001 7
  108.02696999999999 164.0 1
  109.68447099999999 200.0 1
  112.295395 164.0 1
  114.973778 164.0 1
  115.051903 131.448105 1
  117.97915599999999 116.0 1
  120.05180399999999 104.0 1
  127.71007499999999 100.0 1
  130.042572 288.0 2
  130.966812 128.0 1
  131.112579 172.0 1
  131.31131000000002 9.721774 0
  131.53860500000002 144.0 1
  133.135345 152.0 1
  134.060303 7.332237 0
  134.97276300000001 140.0 1
  141.165573 76.0 0
  144.54255700000002 168.0 1
  145.72001600000002 236.0 1
  151.66940300000002 164.0 1
  154.865036 172.0 1
  159.135727 180.0 1
  160.203156 176.0 1
  164.041473 96.0 1
  164.31629900000001 84.0 0
  179.01100200000002 186016.0 999
  181.055237 224.0 1
  193.317505 56.0 0
  195.386414 28.076349 0
  198.039536 245.0 1
  217.594864 112.0 1
  218.79830900000002 132.0 1
  218.855164 144.0 1
  220.45520000000002 172.0 1
  225.113968 160.0 1
  227.110611 252.0 1
  228.73335300000002 328.0 2
  233.061035 210.0 1
  247.09668000000002 1552.0 8
  252.05671700000002 15057.0 81
  254.015802 164.0 1
  256.132202 176.0 1
  257.2435 176.0 1
  278.80541999999997 216.0 1
  281.07099999999997 1.0 0
//
