ACCESSION: CCMSLIB00000078353
RECORD_TITLE: decoy
DATE: 2015.11.20
AUTHORS: Administrator
LICENSE: CC BY-SA
CH$NAME: decoy
CH$COMPOUND_CLASS: Natural Product
CH$FORMULA: C18H20FN3O4
CH$EXACT_MASS: 361.14378434
CH$SMILES: N/A
CH$IUPAC: decoy
CH$LINK: N/A
AC$INSTRUMENT: decoy
AC$INSTRUMENT_TYPE: decoy
AC$MASS_SPECTROMETRY: MS_TYPE MS2
AC$MASS_SPECTROMETRY: ION_MODE POSITIVE
AC$MASS_SPECTROMETRY: COLLISION_ENERGY 10 V
MS$FOCUSED_ION: PRECURSOR_M/Z 362
MS$FOCUSED_ION: PRECURSOR_TYPE [M+H]+
PK$NUM_PEAK: 1911
PK$PEAK: m/z int. rel.int.
  26.008497000000002 144.0 0
  37.749111 26.066179 0
  45.180859 168.0 0
  45.254208 176.0 0
  45.350163 212.0 0
  45.901997 176.0 0
  46.146832 304.0 0
  46.413158 124.0 0
  46.517403 136.0 0
  46.616508 164.0 0
  46.648438 192.0 0
  46.766468 208.0 0
  46.783058000000004 148.0 0
  46.786865 196.0 0
  46.936653 132.0 0
  47.116745 176.0 0
  47.423386 216.0 0
  47.447315 160.0 0
  47.527363 56.0 0
  48.035412 164.0 0
  48.252445 132.0 0
  48.354469 108.0 0
  48.375656 176.0 0
  48.588673 120.0 0
  48.648724 168.0 0
  48.721512000000004 168.0 0
  48.752262 180.0 0
  49.01186 72.0 0
  49.044212 136.0 0
  49.113258 168.0 0
  49.191784 212.0 0
  49.239479 176.0 0
  49.460331000000004 144.0 0
  50.259983 124.0 0
  50.469223 212.0 0
  50.644463 220.0 0
  50.738113 144.0 0
  51.029358 224.0 0
  51.276848 132.0 0
  51.501324000000004 128.0 0
  51.853088 188.0 0
  52.37534 160.0 0
  52.445370000000004 48.0 0
  52.796398 184.0 0
  52.934944 196.0 0
  52.954273 240.0 0
  52.965179 180.0 0
  53.512299 128.0 0
  53.764927 180.0 0
  54.074181 176.0 0
  54.289406 164.0 0
  54.529049 140.0 0
  54.819668 156.0 0
  54.913208000000004 156.0 0
  55.013676000000004 176.0 0
  55.022110000000005 140.0 0
  55.059895000000004 156.0 0
  55.285496 176.0 0
  55.491024 40.0 0
  55.520363 156.0 0
  56.439808 176.0 0
  56.475002 196.0 0
  56.485138 156.0 0
  56.516758 164.0 0
  57.261242 44.0 0
  57.349819000000004 160.0 0
  57.497395000000004 216.0 0
  57.643696 168.0 0
  57.763062000000005 144.0 0
  57.925442000000004 152.0 0
  58.067482 152.0 0
  58.268173000000004 152.0 0
  58.275063 168.0 0
  58.372643000000004 176.0 0
  58.440063 212.0 0
  58.555664 172.0 0
  58.573742 160.0 0
  58.642269 168.0 0
  59.165421 196.0 0
  59.196732000000004 196.0 0
  59.457096 104.0 0
  59.4683 184.0 0
  59.472534 192.0 0
  59.568016 184.0 0
  59.714523 196.0 0
  59.721298000000004 184.0 0
  59.793678 156.0 0
  60.008129000000004 160.0 0
  60.015118 144.0 0
  60.0634 64.0 0
  60.290394 196.0 0
  60.34174 204.0 0
  60.502132 168.0 0
  60.627197 144.0 0
  60.991684 252.0 0
  61.431843 176.0 0
  61.466564 168.0 0
  61.734001 180.0 0
  61.97728 168.0 0
  61.991432 140.0 0
  62.207798000000004 220.0 0
  62.309776 136.0 0
  62.497536000000004 220.0 0
  62.902794 132.0 0
  62.935455000000005 144.0 0
  62.984261000000004 160.0 0
  63.456409 108.0 0
  63.468536 176.0 0
  63.516399 228.0 0
  63.749336 36.0 0
  64.214325 144.0 0
  64.637444 164.0 0
  64.90988899999999 220.0 0
  65.908081 184.0 0
  66.097343 264.0 0
  66.40547199999999 204.0 0
  66.471848 156.0 0
  67.35102099999999 160.0 0
  67.74073 108.0 0
  68.04512799999999 144.0 0
  68.18983499999999 188.0 0
  68.29360199999999 156.0 0
  68.349892 148.0 0
  68.401237 184.0 0
  68.652115 208.0 0
  68.815483 244.0 0
  69.108971 160.0 0
  69.228394 200.0 0
  69.395271 176.0 0
  69.477913 188.0 0
  69.52558099999999 184.0 0
  69.579231 208.0 0
  69.631119 184.0 0
  69.926361 160.0 0
  70.018028 148.0 0
  70.309975 184.0 0
  70.477722 176.0 0
  70.530975 136.0 0
  71.035973 212.0 0
  71.07966599999999 192.0 0
  71.402588 148.0 0
  71.49427 116.0 0
  71.554344 156.0 0
  71.58217599999999 144.0 0
  71.821686 124.0 0
  71.82964299999999 140.0 0
  71.99082899999999 168.0 0
  72.04137399999999 148.0 0
  72.05201699999999 176.0 0
  72.093277 180.0 0
  72.18436399999999 172.0 0
  72.65152699999999 216.0 0
  72.70107999999999 204.0 0
  73.451698 164.0 0
  73.55594599999999 232.0 0
  73.72254199999999 48.0 0
  73.75948299999999 148.0 0
  74.027817 176.0 0
  74.09884799999999 160.0 0
  74.15847 128.0 0
  74.21129599999999 108.0 0
  74.313446 136.0 0
  74.37598399999999 188.0 0
  74.378571 184.0 0
  74.90132899999999 108.0 0
  74.94157399999999 116.0 0
  75.10754399999999 188.0 0
  76.15336599999999 200.0 0
  76.34616899999999 216.0 0
  76.499207 264.0 0
  76.947479 100.0 0
  78.408592 176.0 0
  78.596931 132.0 0
  78.84992199999999 72.0 0
  78.858025 196.0 0
  79.105865 140.0 0
  79.299911 160.0 0
  79.359612 120.0 0
  79.37544299999999 132.0 0
  79.43959799999999 48.0 0
  79.466797 212.0 0
  79.69755599999999 172.0 0
  79.823563 180.0 0
  79.958878 76.0 0
  79.984703 216.0 0
  80.33526599999999 148.0 0
  80.730728 124.0 0
  81.09812199999999 220.0 0
  81.445374 144.0 0
  81.545456 0.0 0
  81.616119 168.0 0
  82.28568999999999 220.0 0
  82.30200199999999 152.0 0
  82.534683 140.0 0
  82.755341 164.0 0
  82.797478 48.0 0
  83.04573099999999 156.0 0
  83.083801 172.0 0
  83.219231 196.0 0
  83.325745 156.0 0
  83.44800599999999 42.23077 0
  83.474655 192.0 0
  83.63183599999999 228.0 0
  83.837021 160.0 0
  83.860512 168.0 0
  84.20494799999999 140.0 0
  84.44004799999999 76.0 0
  84.777519 176.0 0
  84.86576799999999 172.0 0
  85.03540799999999 21.5508 0
  85.519363 140.0 0
  85.71636199999999 136.0 0
  85.83345 148.0 0
  85.960411 200.0 0
  86.08255 44.0 0
  86.164627 164.0 0
  86.976311 256.0 0
  86.99362199999999 244.0 0
  87.573792 136.0 0
  88.075836 1066.968018 0
  88.13950299999999 12.34064 0
  88.668396 168.0 0
  88.84194199999999 184.0 0
  89.36119799999999 236.0 0
  89.853005 156.0 0
  90.033356 164.0 0
  90.49983999999999 156.0 0
  91.003807 204.0 0
  91.26231399999999 112.0 0
  91.312058 120.0 0
  91.716797 124.0 0
  91.75245699999999 100.0 0
  92.02371199999999 188.0 0
  92.67746 172.0 0
  92.77128599999999 136.0 0
  92.85060899999999 176.0 0
  93.05972299999999 152.0 0
  93.063881 224.0 0
  93.345383 180.0 0
  93.518547 88.0 0
  93.91818199999999 260.0 0
  94.001915 144.0 0
  94.20021799999999 148.0 0
  94.25501999999999 148.0 0
  94.280228 140.0 0
  94.40985099999999 140.0 0
  94.49704 164.0 0
  95.033211 272.0 0
  95.047676 76.0 0
  95.050827 184.0 0
  95.059692 1232.0 0
  95.086258 1432.0 0
  95.20395699999999 144.0 0
  95.253197 156.0 0
  95.36862199999999 152.0 0
  95.384537 116.0 0
  95.439354 156.0 0
  95.501228 172.0 0
  95.54737899999999 168.0 0
  95.67459099999999 176.0 0
  95.937782 188.0 0
  96.000153 168.0 0
  96.037888 148.0 0
  96.06211099999999 192.0 0
  96.08614299999999 320.0 0
  96.445709 108.0 0
  96.50630199999999 148.0 0
  96.52359 156.0 0
  96.52972399999999 108.0 0
  96.587296 240.0 0
  96.79113 200.0 0
  96.86142 216.0 0
  96.874962 144.0 0
  96.956566 92.0 0
  96.97376299999999 164.0 0
  97.026299 216.0 0
  97.073944 124.0 0
  97.08608199999999 156.0 0
  97.100105 148.0 0
  97.375153 140.0 0
  97.392776 180.0 0
  97.72569299999999 188.0 0
  97.821846 200.0 0
  97.83610499999999 68.0 0
  97.903275 184.0 0
  97.921059 144.0 0
  98.02844999999999 148.0 0
  98.11891899999999 204.0 0
  98.31420899999999 148.0 0
  98.382629 120.0 0
  98.518692 124.0 0
  98.538361 120.0 0
  98.613518 80.0 0
  98.643013 176.0 0
  98.789368 164.0 0
  98.881783 156.0 0
  98.967514 160.0 0
  99.032997 84775.0 25
  99.04375499999999 172.0 0
  99.060234 204.0 0
  99.083969 208.0 0
  99.09004999999999 636.0 0
  99.13902999999999 180.0 0
  99.331429 180.0 0
  99.40152699999999 124.0 0
  99.54283099999999 148.0 0
  99.58245099999999 168.0 0
  99.596909 184.0 0
  99.648277 140.0 0
  99.82455399999999 152.0 0
  99.91020999999999 208.0 0
  100.024902 188.0 0
  100.145691 132.0 0
  100.190063 164.0 0
  100.56562 152.0 0
  100.695297 176.0 0
  100.72121399999999 128.0 0
  100.78756 132.0 0
  100.93796499999999 192.0 0
  100.94532799999999 88.0 0
  100.94792899999999 144.0 0
  101.004036 72.0 0
  101.226631 4.688386 0
  101.30124699999999 108.0 0
  101.30648799999999 40.0 0
  101.334694 188.0 0
  101.35646799999999 60.0 0
  101.430397 144.0 0
  101.765999 176.0 0
  101.89565999999999 88.0 0
  101.989723 132.0 0
  102.030289 316.0 0
  102.034241 704.0 0
  102.04547099999999 168.0 0
  102.23423 35.174419 0
  102.36001599999999 56.0 0
  102.699181 156.0 0
  102.720062 216.0 0
  102.776764 216.0 0
  102.83434299999999 64.0 0
  103.054665 1584.0 0
  103.10720099999999 224.0 0
  103.22284699999999 180.0 0
  103.26894399999999 88.0 0
  103.49709299999999 160.0 0
  103.534424 252.0 0
  103.562767 172.0 0
  103.74574299999999 152.0 0
  103.91362799999999 140.0 0
  103.97357199999999 140.0 0
  104.005028 144.0 0
  104.045807 15.24853 0
  104.107193 148.0 0
  104.25039699999999 172.0 0
  104.320633 104.0 0
  104.327148 128.0 0
  104.43545499999999 140.0 0
  104.46799499999999 2.761364 0
  104.48082 108.0 0
  104.767822 152.0 0
  104.82392899999999 136.0 0
  104.963516 96.0 0
  104.96758299999999 136.0 0
  105.009575 168.0 0
  105.02248399999999 44.0 0
  105.034325 9572.0 3
  105.05255899999999 168.0 0
  105.06114199999999 196.0 0
  105.06432299999999 168.0 0
  105.067864 296.0 0
  105.10187499999999 192.0 0
  105.159691 120.0 0
  105.17907699999999 164.0 0
  105.189629 52.0 0
  105.28237899999999 188.0 0
  105.33751699999999 140.0 0
  105.36213699999999 212.0 0
  105.45440699999999 184.0 0
  105.52844999999999 184.0 0
  105.58474 18.68709 0
  105.626999 64.0 0
  105.788399 124.0 0
  105.89353899999999 184.0 0
  105.96685799999999 156.0 0
  106.00774399999999 176.0 0
  106.043083 196.0 0
  106.05633499999999 188.0 0
  106.074371 988.0 0
  106.093285 13.01389 0
  106.14658399999999 192.0 0
  106.157494 176.0 0
  106.44792199999999 66.318977 0
  106.59767199999999 192.0 0
  106.68639399999999 180.0 0
  106.70580299999999 196.0 0
  106.72777599999999 56.0 0
  106.973518 68.0 0
  106.980156 192.0 0
  107.00836199999999 136.0 0
  107.014709 256.0 0
  107.04927099999999 488.0 0
  107.05484799999999 168.0 0
  107.137001 23525.0 7
  107.301102 160.0 0
  107.421967 2.14881 0
  107.437103 13.00329 0
  107.467422 184.0 0
  107.498131 176.0 0
  107.524361 180.0 0
  107.576729 152.0 0
  107.64990999999999 132.0 0
  107.67384299999999 100.0 0
  108.109566 52.0 0
  108.25554699999999 112.0 0
  108.326515 168.0 0
  108.343323 80.0 0
  108.420677 132.0 0
  108.454544 0.0 0
  108.50424199999999 55.035069 0
  108.600853 164.0 0
  108.72197 156.0 0
  108.97164199999999 192.0 0
  109.06442999999999 328.0 0
  109.068192 152.0 0
  109.230232 160.0 0
  109.23672499999999 160.0 0
  109.332329 132.0 0
  109.35082999999999 180.0 0
  109.513161 160.0 0
  109.528748 112.0 0
  109.61720299999999 112.0 0
  109.74674999999999 92.0 0
  109.874107 172.0 0
  110.03215 34.722221 0
  110.097343 204.0 0
  110.100197 224.0 0
  110.14446299999999 184.0 0
  110.312225 184.0 0
  110.35601 148.0 0
  110.37392399999999 144.0 0
  110.51109299999999 140.0 0
  110.67025799999999 60.888039 0
  110.990715 100.0 0
  111.238113 160.0 0
  111.309586 160.0 0
  111.335083 164.0 0
  111.349243 148.0 0
  111.351913 108.0 0
  111.374275 212.0 0
  111.488281 152.0 0
  111.74535399999999 96.0 0
  111.762695 172.0 0
  111.772797 124.0 0
  111.841034 44.0 0
  111.844124 124.0 0
  111.90948499999999 152.0 0
  111.914513 116.0 0
  111.969955 172.0 0
  112.00634799999999 208.0 0
  112.07833099999999 184.0 0
  112.29594399999999 164.0 0
  112.47464799999999 76.0 0
  112.63815299999999 192.0 0
  112.654671 52.0 0
  112.68410499999999 184.0 0
  112.76267999999999 172.0 0
  112.77417 212.0 0
  113.05916599999999 1800.0 1
  113.070877 297.269501 0
  113.153122 164.0 0
  113.229683 92.0 0
  113.53989399999999 140.0 0
  113.55725899999999 10.23472 0
  113.573151 4.166667 0
  113.581215 21.40741 0
  113.726433 168.0 0
  113.733154 144.0 0
  113.91523699999999 168.0 0
  114.000992 192.0 0
  114.039383 116.0 0
  114.125565 184.0 0
  114.281425 220.0 0
  114.381699 140.0 0
  114.43328899999999 3.1 0
  114.462852 136.0 0
  114.474403 140.0 0
  114.510216 180.0 0
  114.549942 192.0 0
  114.60479 248.0 0
  114.74065399999999 124.0 0
  114.751053 188.0 0
  114.91315499999999 62.655289 0
  115.019058 596.0 0
  115.07495899999999 152.800507 0
  115.12024699999999 172.0 0
  115.179666 100.0 0
  115.25130499999999 8.03858 0
  115.364296 196.0 0
  115.373413 172.0 0
  115.47076399999999 40.0 0
  115.52613099999999 160.0 0
  115.55909 180.0 0
  115.599144 216.0 0
  115.672913 128.0 0
  115.773758 128.0 0
  115.822311 112.0 0
  115.868179 6.394817 0
  115.940933 176.0 0
  115.99709299999999 41.450699 0
  116.093521 208.0 0
  116.27467299999999 164.0 0
  116.393631 184.0 0
  116.40517399999999 208.0 0
  116.485931 96.0 0
  116.517876 156.0 0
  116.652199 172.0 0
  116.659279 7.183435 0
  116.765709 132.0 0
  116.946114 184.0 0
  117.027351 132.0 0
  117.053871 576.0 0
  117.06998399999999 6480.0 2
  117.12879199999999 16.28009 0
  117.270462 224.0 0
  117.312119 48.0 0
  117.419907 192.0 0
  117.42472099999999 180.0 0
  117.556259 136.0 0
  117.775459 56.0 0
  117.814011 108.0 0
  117.87348899999999 192.0 0
  118.027153 164.0 0
  118.043129 172.0 0
  118.047066 148.0 0
  118.06515499999999 668.0 0
  118.06843599999999 164.0 0
  118.15341199999999 128.0 0
  118.16656499999999 188.0 0
  118.213876 140.0 0
  118.229073 208.0 0
  118.246758 76.0 0
  118.27957199999999 156.0 0
  118.470795 204.0 0
  118.496422 192.0 0
  118.599464 160.0 0
  118.6017 252.0 0
  118.60582699999999 104.0 0
  118.646599 164.0 0
  118.680534 132.0 0
  118.769646 184.0 0
  118.90196999999999 252.0 0
  118.923988 148.0 0
  119.04821 308.0 0
  119.050789 1376.0 0
  119.068451 148.0 0
  119.086731 11.29828 0
  119.141251 208.0 0
  119.18049599999999 128.0 0
  119.21669 204.0 0
  119.271988 13.84052 0
  119.30201699999999 404.0 0
  119.43753799999999 104.0 0
  119.567337 4.66821 0
  119.630219 184.0 0
  119.67334 168.0 0
  119.75675199999999 192.0 0
  119.796616 112.0 0
  119.813744 172.0 0
  119.82998699999999 140.0 0
  120.04476199999999 109.0 0
  120.054131 364.0 0
  120.061943 412.0 0
  120.07833099999999 232.0 0
  120.087204 300.0 0
  120.10050199999999 140.0 0
  120.104935 168.0 0
  120.375069 176.0 0
  120.424782 4.366667 0
  120.718964 44.0 0
  120.78216599999999 136.0 0
  121.00808699999999 20.522671 0
  121.035629 128.0 0
  121.061043 164.0 0
  121.065125 512.0 0
  121.08511399999999 32.60738 0
  121.194153 24.14015 0
  121.358612 18.347759 0
  121.36136599999999 72.0 0
  121.42860399999999 168.0 0
  121.485329 14.73472 0
  121.585381 180.0 0
  121.630966 156.0 0
  121.789856 156.0 0
  121.98602299999999 156.0 0
  122.03437 264.0 0
  122.038635 136.0 0
  122.067619 148.0 0
  122.11505899999999 52.0 0
  122.14312 220.0 0
  122.42006699999999 196.0 0
  122.426178 100.0 0
  122.55416899999999 148.0 0
  122.72689799999999 136.0 0
  122.782761 236.0 0
  122.82706499999999 116.0 0
  122.895653 84.0 0
  123.07560699999999 180.0 0
  123.081284 856.0 0
  123.139938 24.088551 0
  123.42549899999999 236.0 0
  123.455788 2.016667 0
  123.517838 256.0 0
  123.57082399999999 144.0 0
  123.75521099999999 172.0 0
  123.91494 76.0 0
  124.01917999999999 300.003906 0
  124.04779099999999 7231.0 2
  124.072273 200.0 0
  124.16278799999999 224.0 0
  124.31485699999999 72.0 0
  124.343239 200.0 0
  124.378845 116.0 0
  124.482018 216.0 0
  124.597183 92.0 0
  124.86501299999999 68.0 0
  124.99153899999999 120.0 0
  125.05787699999999 49.965691 0
  125.07399 144.0 0
  125.119484 104.0 0
  125.15576899999999 136.0 0
  125.18614199999999 160.0 0
  125.269981 80.0 0
  125.37424499999999 60.0 0
  125.625343 120.0 0
  126.04178599999999 4663.0 1
  126.09351299999999 128.0 0
  126.110413 164.0 0
  126.12295499999999 120.0 0
  126.139732 58.76667 0
  126.162476 39.897659 0
  126.21077 212.0 0
  126.248329 112.0 0
  126.324905 116.0 0
  126.845818 26.12418 0
  126.894493 96.0 0
  127.087036 17.804489 0
  127.32655299999999 104.0 0
  127.581604 72.0 0
  127.96307399999999 72.0 0
  128.06189 216.0 0
  128.087799 168.0 0
  128.514984 168.0 0
  128.530182 184.0 0
  128.536118 176.0 0
  128.814423 160.0 0
  129.01985200000001 141.107697 0
  129.02619900000002 148.0 0
  129.03439300000002 224.0 0
  129.065765 316.0 0
  129.070084 2097.312988 1
  129.26095600000002 19.79598 0
  129.34320100000002 160.0 0
  129.393265 144.0 0
  129.40394600000002 152.0 0
  129.47442600000002 68.0 0
  129.626205 176.0 0
  129.702698 212.0 0
  130.017075 208.0 0
  130.029068 948.0 0
  130.03688 196.0 0
  130.042618 52.0 0
  130.06289700000002 29409.390625 9
  130.11592100000001 180.0 0
  130.269699 108.0 0
  130.414536 148.0 0
  130.61428800000002 6.75 0
  130.677109 188.0 0
  130.952164 168.0 0
  130.993698 148.0 0
  131.00415 48.0 0
  131.02272000000002 124.0 0
  131.04843100000002 480.0 0
  131.066559 152.0 0
  131.070672 556.0 0
  131.074524 112.0 0
  131.08526600000002 180.0 0
  131.12269600000002 44.0 0
  131.258911 56.0 0
  131.263565 96.0 0
  131.3125 96.0 0
  131.458496 144.0 0
  131.651398 180.0 0
  131.791428 160.0 0
  131.922516 200.0 0
  131.96481300000002 156.0 0
  132.044724 376.0 0
  132.05191000000002 180.0 0
  132.06752 344.0 0
  132.07260100000002 276.0 0
  132.07818600000002 2261.690918 1
  132.080276 4284.0 1
  132.09660300000002 33611.0 10
  132.17884800000002 56.0 0
  132.237854 128.0 0
  132.47700500000002 224.0 0
  132.68777500000002 116.0 0
  132.781555 68.0 0
  133.011627 152.0 0
  133.027817 200.0 0
  133.04989600000002 356.0 0
  133.075928 645.101929 0
  133.22210700000002 164.0 0
  133.44863900000001 188.0 0
  133.57962 18.790119 0
  133.602249 144.0 0
  133.75027500000002 19.81818 0
  133.753555 112.0 0
  133.778397 148.0 0
  133.809616 132.0 0
  133.953842 156.0 0
  134.048813 13.21094 0
  134.067642 44.0 0
  134.107956 124.0 0
  134.167068 140.0 0
  134.18876600000002 136.0 0
  134.21064800000002 11.34375 0
  134.221481 184.0 0
  134.443237 13.40333 0
  134.490005 76.0 0
  134.56405600000002 208.0 0
  134.56791700000002 88.0 0
  134.672501 232.0 0
  134.753952 44.0 0
  135.01341200000002 2240.0 1
  135.021332 164.0 0
  135.040268 475.0 0
  135.04556300000002 496.0 0
  135.048447 316.0 0
  135.055923 126.738403 0
  135.07608000000002 15674.0 5
  135.08003200000002 1759.228027 1
  135.11441000000002 900.0 0
  135.11644 261.274689 0
  135.30238300000002 160.0 0
  135.416031 152.0 0
  135.426193 256.0 0
  135.492432 76.0 0
  135.557053 144.0 0
  135.578461 168.0 0
  135.612457 184.0 0
  135.6689 128.0 0
  135.74958800000002 148.0 0
  136.018143 148.0 0
  136.03718600000002 168.0 0
  136.051376 545.0 0
  136.123871 112.0 0
  136.30036900000002 120.0 0
  136.315231 148.0 0
  136.502625 44.0 0
  136.845688 192.0 0
  136.882339 240.0 0
  136.887131 140.0 0
  137.025665 216.0 0
  137.05920400000002 136.0 0
  137.11526500000002 340.0 0
  137.26535 68.0 0
  137.41923500000001 6.044384 0
  137.450104 152.0 0
  137.518356 96.0 0
  137.70015 112.0 0
  137.819366 104.0 0
  138.026093 2060.0 1
  138.07977300000002 132.0 0
  138.126114 192.0 0
  138.24945100000002 168.0 0
  138.423767 164.0 0
  138.542572 168.0 0
  138.577057 160.0 0
  138.65776100000002 140.0 0
  138.751251 184.0 0
  138.843277 88.0 0
  138.968063 160.0 0
  138.982224 156.0 0
  139.035843 3570.0 1
  139.058243 208.0 0
  139.077255 560.0 0
  139.10321000000002 120.0 0
  139.107681 180.0 0
  139.112488 100.0 0
  139.18017600000002 160.0 0
  139.361389 116.0 0
  139.38978600000002 156.0 0
  139.846649 196.0 0
  140.02148400000002 140.0 0
  140.033981 220.0 0
  140.063791 176.0 0
  140.09320100000002 180.0 0
  140.402802 184.0 0
  141.047806 204.0 0
  141.421814 156.0 0
  141.580429 224.0 0
  141.59436 212.0 0
  141.76246600000002 188.0 0
  141.99511700000002 156.0 0
  142.03743 160.0 0
  142.102554 68.0 0
  142.16893000000002 156.0 0
  142.248825 148.0 0
  142.540909 172.0 0
  142.698624 76.0 0
  142.759811 180.0 0
  142.768204 156.0 0
  142.84016400000002 140.0 0
  142.902512 136.0 0
  143.012573 132.0 0
  143.014847 228.0 0
  143.04710400000002 212.0 0
  143.05455 176.0 0
  143.08345 692.0 0
  143.08786 392.0 0
  143.107468 304.0 0
  143.21112100000002 180.0 0
  143.22210700000002 4.530934 0
  143.281509 23.36628 0
  143.28804 22.6509 0
  143.368607 148.0 0
  143.52738300000001 148.0 0
  143.64201400000002 48.0 0
  143.906235 220.0 0
  144.050873 52.0 0
  144.083673 124.0 0
  144.35389700000002 128.0 0
  144.56929 220.0 0
  144.705322 176.0 0
  144.83955400000002 180.0 0
  145.047357 164.0 0
  145.061966 1336.0 0
  145.065079 136.0 0
  145.132492 56.0 0
  145.43330400000002 184.0 0
  145.679001 164.0 0
  145.830856 144.0 0
  146.055527 5520.0 2
  146.057602 50.50005 0
  146.091995 1136.0 0
  146.23439000000002 272.0 0
  146.329269 40.0 0
  146.34149200000002 148.0 0
  146.399109 68.0 0
  146.414902 52.0 0
  146.5 312.0 0
  146.61213700000002 152.0 0
  146.800766 220.0 0
  147.005539 36.0 0
  147.035507 176.0 0
  147.04371600000002 101.9664 0
  147.227722 180.0 0
  147.24752800000002 120.0 0
  147.270767 160.0 0
  147.465942 48.0 0
  147.63110400000002 52.0 0
  147.71614100000002 92.0 0
  147.893677 52.0 0
  147.920487 228.0 0
  147.998718 176.0 0
  148.036652 516.0 0
  148.04689000000002 116.0 0
  148.059952 104.0 0
  148.104547 180.0 0
  148.157532 184.0 0
  148.16343700000002 188.0 0
  148.431946 176.0 0
  148.686234 216.0 0
  148.71489 56.0 0
  148.76538100000002 76.0 0
  148.95517 144.0 0
  149.022858 176.0 0
  149.02487200000002 212.0 0
  149.033356 280.0 0
  149.044647 122.0 0
  149.047607 795.0 0
  149.066055 152.0 0
  149.45910600000002 164.0 0
  149.691269 68.0 0
  149.80835000000002 80.0 0
  149.935516 156.0 0
  150.053558 184.0 0
  150.06907700000002 164.0 0
  150.211746 176.0 0
  150.365906 156.0 0
  150.414566 108.0 0
  150.424713 136.0 0
  150.489136 11.80643 0
  150.51512100000002 10.00641 0
  150.59243800000002 156.0 0
  151.03898600000002 39032.0 11
  151.04563900000002 112.0 0
  151.052521 140.0 0
  151.06161500000002 845.0 0
  151.100861 136.0 0
  151.109781 489.0 0
  151.172516 85.203003 0
  151.222015 176.0 0
  151.35011300000002 144.0 0
  151.51799 24.114389 0
  151.63261400000002 124.0 0
  151.928101 120.0 0
  152.05590800000002 384.0 0
  152.09651200000002 19850.0 6
  152.175308 196.0 0
  152.24177600000002 140.0 0
  152.286697 144.0 0
  152.35188300000002 112.0 0
  152.36175500000002 172.0 0
  152.676773 224.0 0
  152.72172500000002 228.0 0
  152.97383100000002 128.0 0
  153.020004 4.0 0
  153.054245 164.0 0
  153.071808 296.0 0
  153.097619 88.0 0
  153.11689800000002 268.0 0
  153.29650900000001 144.0 0
  153.352448 176.0 0
  153.42871100000002 124.0 0
  153.43364 96.0 0
  153.636246 128.0 0
  153.650497 72.0 0
  153.811813 180.0 0
  153.896683 152.0 0
  153.92468300000002 124.0 0
  153.981964 11728.0 3
  154.06509400000002 252.0 0
  154.07872 172.0 0
  154.121246 328.0 0
  154.168945 52.0 0
  154.2173 6.204246 0
  154.25323500000002 9.053572 0
  154.576202 9.338889 0
  154.67099000000002 216.0 0
  154.847641 500.0 0
  154.99980200000002 168.0 0
  155.017517 184.0 0
  155.047256 1069.0 0
  155.05676300000002 939348.0 273
  155.085159 346.640289 0
  155.088364 140.0 0
  155.32345600000002 76.0 0
  155.488876 164.0 0
  155.54788200000002 244.0 0
  155.637909 164.0 0
  155.890488 104.0 0
  156.55903600000002 52.0 0
  156.592667 192.0 0
  156.64901700000001 232.0 0
  156.720367 132.0 0
  156.98143000000002 72.0 0
  157.024246 1180.0 0
  157.07421200000002 148.0 0
  157.076691 144.0 0
  157.100601 284.0 0
  157.163071 164.0 0
  157.195053 2.893939 0
  157.20034800000002 99.433907 0
  157.447205 52.0 0
  157.725388 148.0 0
  157.72906500000002 136.0 0
  157.74061600000002 144.0 0
  157.897903 48.0 0
  157.90921 196.0 0
  157.952301 140.0 0
  158.07193 360.0 0
  158.107559 400.0 0
  158.258118 20.48629 0
  158.470627 96.0 0
  158.58010900000002 32.0 0
  159.04383900000002 472.0 0
  159.074097 2422.0 1
  159.098938 476.0 0
  159.21739200000002 196.0 0
  159.370224 68.0 0
  159.529541 204.0 0
  159.619888 76.0 0
  159.64497400000002 124.0 0
  159.753128 140.0 0
  159.83178700000002 112.0 0
  160.111954 8323.94043 2
  160.203537 272.0 0
  160.26821900000002 13.68916 0
  160.28654500000002 48.0 0
  160.40892 36.0 0
  160.501709 48.0 0
  160.607452 124.0 0
  160.615433 52.0 0
  160.740692 68.0 0
  160.817688 148.0 0
  161.020081 200.0 0
  161.09535200000002 188.640305 0
  161.09878500000002 500.0 0
  161.21563700000002 96.0 0
  161.30072 124.0 0
  161.36758400000002 15.20593 0
  161.441833 156.0 0
  161.54238900000001 160.0 0
  161.82719400000002 60.0 0
  161.99614 64.0 0
  162.025055 60.0 0
  162.076416 1884.0 1
  162.095673 541.0 0
  162.31857300000001 116.0 0
  162.364822 156.0 0
  162.43425000000002 220.0 0
  162.54393000000002 11.30437 0
  162.55110200000001 208.0 0
  162.625885 60.0 0
  162.99614 200.0 0
  163.048981 164.0 0
  163.100006 360.0 0
  163.14158600000002 176.0 0
  163.315155 288.0 0
  163.320831 19.66708 0
  163.40536500000002 9.004902 0
  163.41445900000002 180.0 0
  163.45442200000002 208.0 0
  163.775711 164.0 0
  163.928741 5.4 0
  163.956802 172.0 0
  163.98602300000002 232.0 0
  164.06076000000002 60.0 0
  164.080811 1060.0 0
  164.211014 204.0 0
  164.245544 144.0 0
  164.270554 176.0 0
  164.375885 76.0 0
  164.464966 14.4 0
  164.508362 192.0 0
  164.600616 136.0 0
  164.605118 180.0 0
  164.61106900000001 156.0 0
  164.912033 124.0 0
  165.004578 172.0 0
  165.013046 3754.0 1
  165.022064 128.0 0
  165.046555 176.0 0
  165.12861600000002 184.0 0
  165.15889 136.0 0
  165.24305700000002 140.0 0
  165.26606800000002 128.0 0
  165.27731300000002 15.3913 0
  165.293747 64.0 0
  165.459076 18.226851 0
  165.59324600000002 216.0 0
  165.66291800000002 224.0 0
  165.751785 84.0 0
  165.863358 160.0 0
  166.051346 276.0 0
  166.11377000000002 72.0 0
  166.120193 2.700758 0
  166.167633 200.0 0
  166.213425 92.0 0
  166.234375 116.0 0
  166.327301 252.0 0
  166.408173 68.0 0
  166.423935 28.0 0
  166.572113 124.0 0
  166.594391 200.0 0
  166.70784 92.0 0
  167.020462 144.0 0
  167.03929100000002 400.0 0
  167.086319 136.0 0
  167.175385 60.0 0
  167.22477700000002 50.017399 0
  167.275452 14.6 0
  167.27963300000002 108.0 0
  167.29028300000002 26.18285 0
  167.36999500000002 148.0 0
  167.39212 1.8 0
  167.472046 168.0 0
  167.538483 168.0 0
  167.593567 152.0 0
  167.605133 45.622959 0
  167.735901 100.0 0
  167.835068 64.0 0
  167.92051700000002 204.0 0
  168.031494 164.0 0
  168.078278 148.0 0
  168.08067300000002 4545.0 1
  168.12492400000002 88.0 0
  168.450287 84.0 0
  169.06384300000002 376.0 0
  169.108261 252.0 0
  169.13218700000002 164.0 0
  169.159805 68.0 0
  169.272446 160.0 0
  169.274811 100.0 0
  169.350555 29.854601 0
  169.525024 136.0 0
  169.98793 180.0 0
  170.017365 26.23428 0
  170.064087 120.0 0
  170.07676700000002 156.0 0
  170.218048 140.0 0
  170.717529 72.0 0
  170.80983 232.0 0
  170.86441000000002 112.0 0
  171.010208 168.0 0
  171.050385 43.915562 0
  171.077118 14.74167 0
  171.080872 2312.0 1
  171.208069 208.0 0
  171.551331 84.0 0
  171.56868 140.0 0
  171.57084700000001 120.0 0
  171.621658 38.162441 0
  171.88793900000002 60.0 0
  171.97447200000002 130.063095 0
  171.99501 28.0 0
  172.013 11798.0 3
  172.051575 328.0 0
  172.068192 172.0 0
  172.08647200000001 192.0 0
  172.09169 116.0 0
  173.09317000000001 284.0 0
  173.19664 160.0 0
  173.71159400000002 132.0 0
  173.79238900000001 172.0 0
  173.89801 108.0 0
  174.049927 208.0 0
  174.23666400000002 52.0 0
  174.31427000000002 192.0 0
  174.394363 164.0 0
  174.690186 160.0 0
  174.75160200000002 144.0 0
  175.076584 652.0 0
  175.07939100000002 184.0 0
  175.08784500000002 964.0 0
  175.095169 160.0 0
  175.33020000000002 160.0 0
  175.41038500000002 72.0 0
  175.438919 160.0 0
  175.508499 43.64687 0
  176.038376 3173.0 1
  176.056534 140.0 0
  176.05983 192.0 0
  176.154022 36.0 0
  176.193466 224.0 0
  176.20799300000002 176.0 0
  176.317139 136.0 0
  176.336349 160.0 0
  176.344116 188.0 0
  176.411789 96.0 0
  176.455856 124.0 0
  176.518158 136.0 0
  176.713562 56.0 0
  176.89321900000002 116.0 0
  176.899155 172.0 0
  177.05392500000002 11152.0 3
  177.090866 172.0 0
  177.28164 168.0 0
  177.459976 192.0 0
  177.575668 164.0 0
  177.607407 68.0 0
  177.78244 48.0 0
  178.054291 1542.0 0
  178.074677 144.0 0
  178.138482 144.0 0
  178.57556200000002 124.0 0
  178.622131 96.0 0
  178.75997900000002 96.0 0
  178.816223 176.0 0
  178.968964 96.0 0
  179.063736 2457.0 1
  179.071152 64.026176 0
  179.084335 556.0 0
  179.107834 2076.0 1
  179.25138900000002 192.0 0
  179.327087 104.0 0
  179.49411 148.0 0
  179.57380700000002 104.0 0
  179.72262600000002 148.0 0
  179.75325 52.0 0
  180.06007400000001 160.0 0
  180.083084 780.0 0
  180.17569 616.0 0
  180.219559 44.0 0
  180.24044800000001 112.0 0
  180.54298400000002 148.0 0
  180.57681300000002 48.0 0
  180.59285 128.0 0
  181.08668500000002 6404.0 2
  181.114044 160.0 0
  181.176605 88.0 0
  181.510941 188.0 0
  181.623505 200.0 0
  181.688705 48.0 0
  182.07444800000002 160.0 0
  182.113968 200.0 0
  182.72580000000002 84.0 0
  182.850494 132.0 0
  183.002426 132.0 0
  183.068405 3400.0 1
  183.074051 148.0 0
  183.43154900000002 144.0 0
  183.63626100000002 48.0 0
  184.03533900000002 180.0 0
  184.049927 2000.0 1
  184.052536 2092.0 1
  184.073898 476.0 0
  184.077347 344.0 0
  184.080917 336.0 0
  184.09518400000002 1572.0 0
  184.295059 168.0 0
  184.33981300000002 56.0 0
  184.48703 184.0 0
  184.502258 204.0 0
  184.631805 156.0 0
  185.05455 204.0 0
  185.090225 172.0 0
  185.093323 97.317513 0
  185.12056 188.0 0
  185.161209 216.0 0
  185.787048 176.0 0
  186.062012 751.0 0
  186.08784500000002 448.0 0
  186.156418 28.50305 0
  186.20687900000001 44.0 0
  186.291672 172.0 0
  186.489044 172.0 0
  186.61372400000002 100.0 0
  186.642853 60.0 0
  186.766739 136.0 0
  186.960358 148.0 0
  187.078629 720.0 0
  187.088043 4508.0 1
  187.122726 264.0 0
  187.38694800000002 200.0 0
  188.11142 252.0 0
  188.120361 17.55682 0
  188.128174 212.0 0
  188.520599 580.0 0
  189.00499000000002 128.0 0
  189.012741 140.0 0
  189.019531 196.0 0
  189.05079700000002 102.0 0
  189.06781 864.0 0
  189.59491 304.0 0
  190.078278 408.0 0
  190.126785 184.0 0
  190.4319 144.0 0
  190.46254000000002 104.0 0
  190.692184 168.0 0
  190.743286 60.0 0
  190.83955400000002 148.0 0
  191.09758000000002 128.0 0
  191.116287 3832.0 1
  191.141098 32.0 0
  191.164047 140.0 0
  191.17764300000002 140.017899 0
  191.257019 104.0 0
  191.409134 160.0 0
  191.661469 160.0 0
  191.779663 52.0 0
  191.78822300000002 60.0 0
  191.935532 148.0 0
  191.94279500000002 140.0 0
  192.019775 124.0 0
  192.055786 212.0 0
  192.096115 132.0 0
  192.12088 988.0 0
  192.2995 168.0 0
  192.35311900000002 196.0 0
  192.972916 144.0 0
  193.098129 412.0 0
  193.119659 248.0 0
  193.14698800000002 144.0 0
  193.535706 132.0 0
  193.91850300000002 3.6 0
  194.053131 3320.0 1
  194.06547500000002 376.0 0
  194.074295 3988.0 1
  194.081894 500.0 0
  194.090775 60.0 0
  194.184174 168.0 0
  194.73100300000002 22.57222 0
  195.01800500000002 140180.0 41
  195.087646 208.0 0
  195.169937 188.0 0
  195.197723 124.0 0
  195.28421 44.0 0
  195.3069 168.0 0
  195.472382 88.0 0
  195.56642200000002 132.0 0
  195.66940300000002 124.0 0
  195.757233 232.0 0
  195.939941 75.656662 0
  196.02461200000002 148.0 0
  196.353195 160.0 0
  196.814713 156.0 0
  197.012497 108.0 0
  197.058289 160.0 0
  197.06372100000002 45.316891 0
  197.08100000000002 1.0 0
  197.10839800000002 360.0 0
  197.24527 21.857109 0
  197.441696 9.291667 0
  197.46653700000002 216.0 0
  197.83869900000002 176.0 0
  198.11821 100.0 0
  198.120819 220.0 0
  198.818817 196.0 0
  198.968018 124.0 0
  199.031509 140.0 0
  199.03602600000002 1925.0 1
  199.07869 15.40032 0
  199.089111 932.0 0
  199.094345 108.0 0
  199.110107 30588.0 9
  199.124146 148.0 0
  199.14471400000002 184.0 0
  199.167953 204.0 0
  199.18879700000002 236.0 0
  199.395737 176.0 0
  199.763184 60.0 0
  200.04426600000002 10023.0 3
  200.111481 112.0 0
  200.134964 52.0 0
  200.143311 2020.0 1
  200.154602 40.0 0
  200.54577600000002 136.0 0
  200.81716300000002 100.0 0
  201.05114700000001 836.0 0
  201.08758500000002 23789.0 7
  201.11436500000002 140.0 0
  201.29191600000001 76.0 0
  201.348419 72.0 0
  201.462601 8.818548 0
  201.640152 168.0 0
  201.699341 40.0 0
  201.776825 156.0 0
  201.851425 112.0 0
  202.026321 25.68474 0
  202.05633500000002 168.0 0
  202.086365 340.0 0
  202.121292 108.0 0
  202.152267 144.0 0
  202.172256 140.0 0
  202.234543 180.0 0
  202.536835 160.0 0
  202.587204 200.0 0
  202.864166 40.0 0
  202.866577 76.0 0
  203.034515 1736.0 1
  203.071426 276.0 0
  203.079407 17.669451 0
  203.10817 13248.0 4
  203.133621 180.0 0
  203.166489 140.0 0
  203.245819 180.0 0
  203.37458800000002 112.0 0
  203.629074 140.0 0
  203.79203800000002 188.0 0
  204.03035 268.0 0
  204.03299800000002 659.0 0
  204.138306 60.0 0
  204.262283 48.0 0
  204.600662 148.0 0
  204.620972 48.0 0
  204.845474 136.0 0
  204.934662 204.0 0
  204.96147200000001 156.0 0
  205.069366 216.0 0
  205.078964 449.0 0
  205.137024 9.082317 0
  205.142975 128522.0 37
  205.210983 76.0 0
  205.359528 164.0 0
  205.69078100000002 148.0 0
  205.717896 36.0 0
  205.819244 144.0 0
  206.03332500000002 172.0 0
  206.06938200000002 312.0 0
  207.064713 384.0 0
  207.074799 43.096889 0
  207.098969 116.0 0
  207.11045800000002 204.0 0
  207.179733 4.438571 0
  207.57638500000002 104.0 0
  207.87724300000002 160.0 0
  208.00486800000002 152.0 0
  208.081284 208.0 0
  208.363861 160.0 0
  208.420624 140.0 0
  208.43000800000002 188.0 0
  208.827438 160.0 0
  209.04007000000001 145.0 0
  209.09719800000002 536.0 0
  209.366013 44.0 0
  209.671524 13.73409 0
  209.75860600000001 128.0 0
  209.90136700000002 192.0 0
  210.02676400000001 59.875 0
  210.061584 176.0 0
  210.09108 98.75132 0
  210.124786 548.0 0
  210.18525100000002 164.0 0
  211.021683 232.0 0
  211.027475 240.0 0
  211.033813 244.0 0
  211.104385 10.69531 0
  211.123138 7408.0 2
  211.144143 160.0 0
  211.62146 144.0 0
  211.92906200000002 208.0 0
  211.959259 80.0 0
  212.007507 52.0 0
  212.05311600000002 140.0 0
  212.104095 68.0 0
  212.34848 64.0 0
  212.38613900000001 92.0 0
  212.51705900000002 116.0 0
  212.627731 128.0 0
  213.086868 229.013702 0
  213.090729 28752.0 8
  213.617233 144.0 0
  213.980103 160.0 0
  214.17959000000002 184.0 0
  214.235107 200.0 0
  214.259689 164.0 0
  214.294281 196.0 0
  214.470749 256.0 0
  214.51649500000002 136.0 0
  214.530777 196.0 0
  214.583786 152.0 0
  214.595901 28.0 0
  215.006302 917.21698 0
  215.043686 204.0 0
  215.23207100000002 204.0 0
  215.633316 48.0 0
  215.984482 6.740942 0
  216.009308 172.0 0
  216.118179 47.39743 0
  216.16317700000002 11.73253 0
  216.493454 204.0 0
  217.044137 160.0 0
  217.175903 112.0 0
  217.31050100000002 88.0 0
  217.35408 168.0 0
  217.642075 84.0 0
  217.649963 96.0 0
  217.804077 176.0 0
  218.056634 76.0 0
  218.15785200000002 21.000971 0
  218.467239 268.0 0
  218.84776300000001 148.0 0
  219.073303 180.0 0
  219.122589 33.43 0
  219.950546 124.0 0
  220.016129 152.0 0
  220.36183200000002 112.0 0
  220.390457 96.0 0
  220.655777 128.0 0
  220.735092 176.0 0
  220.847824 172.0 0
  221.042191 136.0 0
  221.061234 176.0 0
  221.308762 136.0 0
  221.68605 76.0 0
  221.73838800000001 160.0 0
  221.772781 172.0 0
  221.924713 3.024801 0
  222.136032 116.0 0
  222.935379 156.0 0
  223.07569900000001 144.0 0
  223.184518 150.0 0
  223.34175100000002 3.802778 0
  223.41658 136.0 0
  223.6129 128.0 0
  223.648102 156.0 0
  223.838852 13.29427 0
  224.149719 148.0 0
  225.051254 852.0 0
  225.290787 164.0 0
  225.622116 152.0 0
  225.81362900000002 172.0 0
  226.114944 792.0 0
  226.167383 140.0 0
  226.435776 92.0 0
  226.592834 148.0 0
  227.04852300000002 4.006945 0
  227.10879500000001 140.0 0
  227.601181 72.0 0
  227.775848 120.0 0
  228.021027 124.0 0
  228.049988 212.0 0
  228.13273600000002 48.333328 0
  228.994256 332.0 0
  229.047562 1150.0 0
  229.11166400000002 890.0 0
  229.596451 164.0 0
  229.60702500000002 28.0 0
  229.693329 120.0 0
  229.94090300000002 3.708333 0
  230.01973 416.0 0
  230.078964 20216.0 6
  230.110962 148.0 0
  230.76895100000002 92.0 0
  231.050476 6596.0 2
  231.0746 124.0 0
  231.20275900000001 140.0 0
  231.28219 160.0 0
  231.448944 104.0 0
  231.476212 44.071918 0
  231.749481 200.0 0
  231.880356 156.0 0
  231.94125400000001 212.0 0
  232.37617500000002 188.0 0
  232.59831200000002 112.0 0
  233.065186 144.0 0
  233.06938200000002 120.0 0
  233.095673 300.87439 0
  233.371613 64.0 0
  233.437225 176.0 0
  233.468307 128.0 0
  234.058578 4592.0 1
  234.07518000000002 136.0 0
  234.231873 136.0 0
  234.31604000000002 32.0 0
  234.46637 80.0 0
  234.46954300000002 204.0 0
  234.713211 108.0 0
  235.074463 25416.0 7
  235.112762 1464.0 0
  235.131516 15784.0 5
  235.149796 112.0 0
  235.15535 212.0 0
  235.34132400000001 116.0 0
  235.536865 96.0 0
  235.958435 224.0 0
  236.04837 200.0 0
  236.33122300000002 188.0 0
  236.419205 120.0 0
  236.939163 156.0 0
  237.089981 424.0 0
  237.105133 60.059368 0
  237.11223700000002 406.0 0
  237.126999 10736.0 3
  237.290863 192.0 0
  237.47731000000002 40.0 0
  237.57380700000002 80.0 0
  237.784241 244.0 0
  237.898514 112.0 0
  238.121567 260.0 0
  238.266693 100.0 0
  238.91883900000002 140.0 0
  239.018112 176.0 0
  239.1091 700.0 0
  239.49736000000001 276.0 0
  240.019089 60.0 0
  240.065979 156.0 0
  240.12706 204.0 0
  240.612152 428.0 0
  241.04817200000002 156.0 0
  241.097214 236.0 0
  241.598251 56.0 0
  241.65335100000001 140.0 0
  241.782089 36.207489 0
  241.797211 156.0 0
  241.862045 56.0 0
  242.071793 9.527778 0
  242.75602700000002 80.0 0
  244.02598600000002 196.0 0
  244.107574 16113.0 5
  245.013245 216.0 0
  245.06350700000002 172.0 0
  245.076157 292.0 0
  245.092407 164.0 0
  245.147827 188.0 0
  245.15856300000002 284.0 0
  245.351761 160.0 0
  245.52207900000002 244.0 0
  245.559525 10.33704 0
  246.175476 38.266441 0
  246.870071 152.0 0
  247.107719 1.0 0
  247.24292 112.0 0
  247.824783 112.0 0
  248.012314 368.0 0
  248.045425 156.0 0
  248.081024 176.0 0
  248.15773000000002 120.0 0
  248.34153700000002 180.0 0
  248.95636000000002 196.0 0
  249.711533 140.0 0
  249.82934600000002 108.0 0
  250.0923 152.0 0
  250.11360200000001 232.0 0
  250.838287 124.0 0
  251.039322 140.0 0
  251.04624900000002 20232.0 6
  251.140228 1428.0 0
  251.393997 168.0 0
  251.509476 140.0 0
  251.843521 224.0 0
  252.095001 3441703.0 999
  252.270355 168.0 0
  252.34494 172.0 0
  252.634293 236.0 0
  253.02061500000002 252.0 0
  253.115417 28.0 0
  253.305023 100.0 0
  253.598068 32.0 0
  253.887482 40.0 0
  254.03552200000001 736.0 0
  254.381638 168.0 0
  254.67868 196.0 0
  254.790817 144.0 0
  254.922394 172.0 0
  254.928223 3.25 0
  255.292603 10.02126 0
  255.32659900000002 164.0 0
  255.332703 48.0 0
  255.78038 128.0 0
  256.034119 18432.0 5
  256.109833 85192.0 25
  256.24386599999997 48.0 0
  256.421228 112.0 0
  256.450287 176.0 0
  256.854828 96.0 0
  256.887787 168.0 0
  257.02121 120.0 0
  257.08254999999997 152.0 0
  257.11236599999995 128.0 0
  257.16146899999995 109.120697 0
  258.113525 1384.0 0
  258.24035599999996 120.0 0
  258.27477999999996 112.0 0
  258.3479 128.0 0
  258.371582 144.0 0
  258.412872 248.0 0
  258.48272699999995 12.05833 0
  258.628632 80.0 0
  259.09490999999997 106.198097 0
  259.25048799999996 68.0 0
  259.349518 17.04217 0
  259.657471 144.0 0
  259.74447599999996 23.68918 0
  259.81753499999996 140.0 0
  260.09854099999995 284.0 0
  260.133026 144.0 0
  260.139374 10316.0 3
  260.770355 60.0 0
  261.133179 168.0 0
  261.17904699999997 192.0 0
  261.758514 64.0 0
  262.12213099999997 64.0 0
  262.332581 148.0 0
  262.832031 176.0 0
  262.910126 60.0 0
  263.088867 172.0 0
  263.441193 148.0 0
  263.689728 48.0 0
  263.81744399999997 100.0 0
  264.08746299999996 136.0 0
  264.221612 144.0 0
  264.301331 168.0 0
  265.082581 164.0 0
  265.156189 640.0 0
  266.44561799999997 71.49012 0
  266.454498 2.747024 0
  266.555389 72.0 0
  266.945679 328.0 0
  267.173248 253.771698 0
  267.189942 36.0 0
  267.205536 144.0 0
  268.200562 124.0 0
  269.08969099999996 172.0 0
  269.18841599999996 712.0 0
  269.43954499999995 248.0 0
  269.44476299999997 180.0 0
  269.78949 100.0 0
  270.640808 60.0 0
  270.830139 180.0 0
  271.122498 110.016426 0
  272.1875 144.0 0
  272.372253 148.0 0
  272.598633 44.0 0
  273.042877 116.0 0
  273.132233 180.0 0
  273.96932999999996 92.0 0
  274.13424699999996 188.0 0
  274.585419 172.0 0
  274.674744 172.0 0
  274.84878499999996 36.0 0
  275.164062 76.0 0
  275.44409199999996 44.0 0
  275.562012 188.0 0
  275.92486599999995 220.0 0
  276.142181 112.0 0
  276.20806899999997 32.0 0
  276.410645 120.0 0
  276.56424 184.0 0
  276.790283 184.0 0
  276.862122 96.0 0
  276.994354 0.389549 0
  277.01824999999997 84.0 0
  277.126495 144.0 0
  277.137543 192.0 0
  277.158844 6192.03418 2
  277.47879 64.0 0
  278.307373 16.68259 0
  278.509888 64.0 0
  278.654785 44.0 0
  278.7099 260.0 0
  279.08248899999995 52.0 0
  279.10745199999997 8.193491 0
  279.46106 108.648201 0
  279.52966299999997 96.0 0
  279.595032 110.703598 0
  280.17019 228.0 0
  280.951996 176.0 0
  281.047485 80.0 0
  281.06485 340.0 0
  282.0224 164.0 0
  282.73330699999997 128.0 0
  282.966522 104.0 0
  283.14068599999996 4538.0 1
  283.80688499999997 244.0 0
  284.323486 200.0 0
  284.932129 56.0 0
  285.035217 4313.0 1
  285.07733199999996 720.0 0
  285.0802 1416.0 0
  285.115906 212.0 0
  285.122803 124.0 0
  285.282959 188.0 0
  285.69696 92.0 0
  286.150513 132.0 0
  286.44854699999996 164.0 0
  286.563019 56.0 0
  286.67690999999996 92.0 0
  287.14083899999997 2132.0 1
  287.385315 200.0 0
  287.731323 4.708333 0
  288.05483999999996 5415.0 2
  288.137909 76.0 0
  288.83529699999997 104.0 0
  288.99575799999997 120.0 0
  289.09631299999995 168.0 0
  289.140564 36.0 0
  290.05389399999996 156.0 0
  290.20730599999996 196.0 0
  291.10607899999997 164.0 0
  291.11190799999997 132.0 0
  291.912598 80.0 0
  292.601074 144.0 0
  293.07892799999996 165.0 0
  293.090179 4692.0 1
  293.39032 168.0 0
  293.484558 60.0 0
  294.035706 172.0 0
  294.080261 1040.0 0
  294.377594 136.0 0
  294.63571199999996 64.0 0
  295.01416 144.0 0
  295.26473999999996 28.0 0
  295.538635 132.0 0
  295.686584 236.0 0
  296.121307 92.0 0
  296.13674899999995 136.0 0
  296.178741 952.0 0
  296.396759 164.0 0
  298.45153799999997 144.0 0
  298.70129399999996 160.0 0
  298.796295 36.0 0
  300.190582 96.0 0
  300.632507 68.0 0
  300.90966799999995 140.0 0
  301.024933 172.0 0
  301.200653 92.0 0
  301.21597299999996 764.0 0
  302.144531 54.92297 0
  302.781372 136.0 0
  303.427399 3.708333 0
  303.58117699999997 116.0 0
  303.91516099999996 168.0 0
  304.307434 188.0 0
  305.08727999999996 788.0 0
  305.178528 244.0 0
  306.156799 236.0 0
  306.294739 5.946934 0
  307.16867099999996 230.0 0
  307.848907 416.0 0
  308.05508399999997 180.0 0
  308.928247 164.0 0
  310.047638 124.0 0
  310.137878 82.06144 0
  310.142 1.0 0
  310.168304 172.0 0
  310.21289099999996 156.0 0
  310.64059399999996 68.0 0
  310.82885699999997 148.0 0
  311.371429 9.083333 0
  311.852631 128.0 0
  312.332153 48.0 0
  313.12884499999996 30.62701 0
  313.180115 476.0 0
  313.677704 204.0 0
  313.75289899999996 10.01389 0
  314.05035399999997 96.0 0
  314.459137 140.0 0
  314.673248 156.0 0
  314.79769899999997 200.0 0
  315.370148 128.0 0
  316.02487199999996 1004.0 0
  316.078217 49.668652 0
  316.294403 60.0 0
  316.321594 100.0 0
  316.386597 116.0 0
  316.696686 48.0 0
  316.866577 144.0 0
  316.973572 40.0 0
  318.446686 208.0 0
  318.714386 136.0 0
  318.755157 180.0 0
  319.090912 6.0 0
  319.20639 13708.0 4
  319.429962 200.0 0
  321.00924699999996 52.0 0
  321.08763999999996 1221.0 0
  321.18911699999995 156.0 0
  322.161255 60.0 0
  322.88287399999996 140.0 0
  323.194061 232.0 0
  323.225128 64.0 0
  323.479736 68.0 0
  323.77832 192.0 0
  323.861603 176.0 0
  324.49603299999995 56.0 0
  324.844177 148.0 0
  326.098846 292.0 0
  326.12231499999996 20551.0 6
  327.553955 48.0 0
  328.001404 60.0 0
  328.171655 160.0 0
  328.538818 144.0 0
  329.536316 244.0 0
  329.724792 116.0 0
  330.671295 84.0 0
  330.702698 88.0 0
  331.01223799999997 112.0 0
  331.076019 4235.0 1
  331.588287 192.0 0
  332.28628499999996 72.0 0
  332.6409 112.0 0
  334.69201699999996 72.0 0
  336.076416 124.0 0
  336.121429 180.0 0
  337.143066 2008.0 1
  337.611176 108.0 0
  339.00125099999997 2984.0 1
  339.081848 122.0 0
  339.10162399999996 160.0 0
  339.156158 14.2752 0
  339.170624 11904.0 3
  339.522186 140.0 0
  339.59002699999996 64.0 0
  340.06668099999996 180.0 0
  340.11639399999996 2089.218994 1
  340.770081 59.679371 0
  341.21340899999996 66.031311 0
  341.37918099999996 90.273392 0
  342.26498399999997 52.0 0
  342.560364 6.049138 0
  342.89682 156.0 0
  343.202118 120.0 0
  343.331146 320.0 0
  343.496576 72.0 0
  343.51080299999995 64.0 0
  345.10086099999995 194.0 0
  345.16076699999996 116.0 0
  345.284088 136.0 0
  345.44229099999995 216.0 0
  345.530396 140.0 0
  346.06417799999997 528.0 0
  347.089539 140.0 0
  348.056274 172.0 0
  348.73278799999997 92.0 0
  348.758423 148.0 0
  350.87704499999995 144.0 0
  351.052643 144.0 0
  351.30895999999996 96.0 0
  351.38339199999996 56.0 0
  351.39523299999996 84.0 0
  351.87719699999997 228.0 0
  353.06436199999996 136.0 0
  353.30105599999996 68.0 0
  354.422577 228.0 0
  354.81967199999997 72.0 0
  355.019836 128.0 0
  357.122192 212.0 0
  357.957153 112.0 0
  358.03716399999996 976.0 0
  359.19043 1.8 0
  359.211731 1.007139 0
  360.270355 44.0 0
  361.52633699999996 76.0 0
  361.855621 120.0 0
  362.0 5.732998 0
  362.07037399999996 336.0 0
  362.14318799999995 38227.0 11
  362.153107 212756.0 62
//
