ACCESSION: CCMSLIB00000085796
RECORD_TITLE: decoy
DATE: 2015.11.20
AUTHORS: Administrator
LICENSE: CC BY-SA
CH$NAME: decoy
CH$COMPOUND_CLASS: Natural Product
CH$FORMULA: C19H23N3O
CH$EXACT_MASS: 309.18411235599996
CH$SMILES: N/A
CH$IUPAC: decoy
CH$LINK: N/A
AC$INSTRUMENT: decoy
AC$INSTRUMENT_TYPE: decoy
AC$MASS_SPECTROMETRY: MS_TYPE MS2
AC$MASS_SPECTROMETRY: ION_MODE POSITIVE
AC$MASS_SPECTROMETRY: COLLISION_ENERGY 10 V
MS$FOCUSED_ION: PRECURSOR_M/Z 310
MS$FOCUSED_ION: PRECURSOR_TYPE [M+H]+
PK$NUM_PEAK: 383
PK$PEAK: m/z int. rel.int.
  47.169052 180.0 2
  47.494938000000005 96.0 1
  49.482971 172.0 2
  49.528561 180.0 2
  50.762886 160.0 2
  50.850883 36.0 0
  53.021202 168.0 2
  53.051105 92.0 1
  53.626266 128.0 1
  53.812553 236.0 2
  54.546688 152.0 1
  55.614346000000005 152.0 1
  56.843407 188.0 2
  58.160404 140.0 1
  58.248951 184.0 2
  58.361675 92.0 1
  58.534485000000004 164.0 2
  59.961308 96.0 1
  60.711815 180.0 2
  61.701847 124.0 1
  61.913502 160.0 2
  62.035404 180.0 2
  62.06765 128.0 1
  62.561859 188.0 2
  63.159939 152.0 1
  63.298153 156.0 2
  64.313302 164.0 2
  64.400444 140.0 1
  64.809387 128.0 1
  65.91540499999999 140.0 1
  68.32642399999999 64.0 1
  69.608925 224.0 2
  69.81851999999999 120.0 1
  70.297066 200.0 2
  70.655632 84.0 1
  71.40459399999999 176.0 2
  73.68428 128.0 1
  73.83537299999999 204.0 2
  73.900505 212.0 2
  78.27542899999999 148.0 1
  78.33672299999999 172.0 2
  79.85035699999999 172.0 2
  79.910561 140.0 1
  81.03128799999999 196.0 2
  81.786766 132.0 1
  82.883438 172.0 2
  83.086541 440.0 4
  83.95198099999999 44.0 0
  84.14396699999999 144.0 1
  85.149574 156.0 2
  87.95124799999999 244.0 2
  91.697662 232.0 2
  93.685509 212.0 2
  94.302078 180.0 2
  94.691406 116.0 1
  95.22277799999999 148.0 1
  95.918999 152.0 1
  96.24076099999999 232.0 2
  96.72351099999999 204.0 2
  96.85896299999999 176.0 2
  97.135178 160.0 2
  98.61910999999999 172.0 2
  99.44811999999999 164.0 2
  99.73441299999999 268.0 3
  99.747536 148.0 1
  100.196693 128.0 1
  100.917801 108.0 1
  101.490814 128.0 1
  101.602318 192.0 2
  101.785439 156.0 2
  102.04615799999999 168.0 2
  102.588425 124.0 1
  102.84072099999999 160.0 2
  103.55306999999999 188.0 2
  103.758766 172.0 2
  103.872749 168.0 2
  104.49201199999999 40.15823 0
  104.76205399999999 84.0 1
  104.80530499999999 220.0 2
  104.935959 64.0 1
  105.070709 1028.0 10
  105.137383 168.0 2
  106.11760699999999 176.0 2
  106.96738599999999 327.0 3
  107.047356 204.0 2
  108.043022 60.0 1
  108.05279499999999 200.0 2
  108.081795 2036.0 20
  108.16422299999999 184.0 2
  108.276421 264.0 3
  108.554802 168.0 2
  109.02617599999999 144.0 1
  109.147667 144.0 1
  110.439377 416.0 4
  111.243484 188.0 2
  111.912872 116.0 1
  111.976669 64.0 1
  112.07096899999999 216.0 2
  112.363312 156.0 2
  112.43764499999999 92.0 1
  112.538551 148.0 1
  112.641212 212.0 2
  114.445679 216.0 2
  114.469589 136.0 1
  115.493088 164.0 2
  115.927864 2.183333 0
  117.053635 260.0 3
  118.729935 16.42942 0
  118.765816 164.0 2
  118.84999099999999 216.0 2
  119.04633299999999 684.0 7
  119.07959 108.0 1
  119.321861 200.0 2
  119.998329 180.0 2
  120.009453 180.0 2
  120.05682399999999 58.591839 1
  120.398529 11.62632 0
  121.039177 156.0 2
  121.12808199999999 13.66667 0
  121.820465 132.0 1
  122.09767199999999 188.0 2
  122.172401 268.0 3
  122.38926699999999 112.0 1
  122.68672199999999 140.0 1
  122.783546 184.0 2
  123.09784699999999 152.0 1
  123.206558 204.0 2
  123.379272 116.0 1
  123.79800399999999 160.0 2
  124.049065 1196.0 12
  124.61046599999999 192.0 2
  124.734032 168.0 2
  126.51696799999999 19.230551 0
  127.012253 220.0 2
  127.14980399999999 1192.0 12
  127.17205799999999 100.0 1
  127.26299999999999 44.0 0
  127.463715 180.0 2
  127.86715699999999 104.0 1
  128.006607 244.0 2
  128.025742 164.0 2
  128.033005 40910.0 395
  128.445038 176.0 2
  128.544525 14.83951 0
  128.757401 200.0 2
  129.963806 404.0 4
  130.450546 39.311329 0
  130.98291 37.059212 0
  131.003418 172.0 2
  131.067566 2864.0 28
  131.08363300000002 100.484802 1
  131.08604400000002 5988.0 58
  131.800613 18.09339 0
  131.931046 192.0 2
  133.066238 184.0 2
  133.74018900000002 64.0 1
  134.173157 172.0 2
  134.991379 72.0 1
  135.38252300000002 96.0 1
  137.087997 144.0 1
  137.325806 132.0 1
  137.857224 152.0 1
  140.14398200000002 58992.0 569
  140.632797 104.0 1
  140.995056 27.232321 0
  141.231842 196.0 2
  141.252823 316.0 3
  142.132858 40.75 0
  143.54303000000002 68.0 1
  143.70845 180.0 2
  143.97023000000002 196.0 2
  144.027924 22552.0 218
  144.083572 184.0 2
  144.720108 180.0 2
  145.01033 188.0 2
  145.03663600000002 80.763634 1
  145.075714 220.0 2
  145.103043 812.0 8
  146.02977 176.0 2
  146.089325 160.0 2
  147.04457100000002 516.0 5
  147.075455 112.0 1
  147.08148200000002 332.0 3
  147.976654 48.0 0
  150.219894 28.0 0
  150.417603 288.0 3
  151.96327200000002 164.0 2
  152.820206 172.0 2
  152.94575500000002 83.70417 1
  153.669586 80.0 1
  154.744659 88.0 1
  156.258072 52.0 1
  157.063568 164.509796 2
  157.10200500000002 126.0 1
  158.064606 216.0 2
  158.083328 28.067429 0
  158.317078 176.0 2
  159.201538 140.0 1
  160.05835000000002 164.0 2
  160.07518000000002 2036.0 20
  160.156815 68.0 1
  161.079971 28652.0 276
  161.437668 128.0 1
  161.491928 84.0 1
  162.019135 328.0 3
  162.314545 72.0 1
  163.322739 164.0 2
  163.708237 4.335145 0
  164.073395 388.0 4
  164.14599 168.0 2
  164.476395 148.0 1
  164.552231 104.0 1
  164.612213 168.0 2
  165.661987 160.0 2
  166.062637 184.0 2
  166.078384 112.0 1
  166.299622 48.0 0
  166.834076 144.0 1
  167.06072400000002 210.0 2
  167.06388900000002 164.0 2
  167.072754 105.649399 1
  167.85754400000002 148.0 1
  168.145981 116.0 1
  168.379333 216.0 2
  168.606827 236.0 2
  169.00761400000002 216.0 2
  170.000504 144.0 1
  170.21756000000002 60.0 1
  171.067764 156.0 2
  171.192383 556.0 5
  171.334396 172.0 2
  172.075623 148.0 1
  172.27117900000002 64.0 1
  172.8797 160.0 2
  173.087128 156.0 2
  173.506744 144.0 1
  173.70678700000002 192.0 2
  173.801804 168.0 2
  174.315827 116.0 1
  174.962814 272.0 3
  175.139679 204.0 2
  178.500854 148.0 1
  179.05751 508.0 5
  179.41708400000002 124.0 1
  181.023163 268.0 3
  181.083817 239.0 2
  181.716507 196.0 2
  182.280655 92.0 1
  183.039795 144.0 1
  183.302505 48.0 0
  184.32444800000002 144.0 1
  185.972778 188.0 2
  186.930786 180.0 2
  187.763824 164.0 2
  187.766296 56.0 1
  188.824631 184.0 2
  189.06642200000002 144.0 1
  189.366638 144.0 1
  190.16043100000002 144.0 1
  191.107697 464.0 4
  191.399704 48.0 0
  191.75885 120.0 1
  193.123886 210.8237 2
  193.458527 108.0 1
  194.089478 140.0 1
  194.219528 76.0 1
  194.928818 84.0 1
  196.63093600000002 96.0 1
  196.764847 120.0 1
  196.815323 168.0 2
  197.05976900000002 156.0 2
  197.13488800000002 484.0 5
  197.329071 48.0 0
  197.53186 232.0 2
  197.793686 224.0 2
  198.147705 72.0 1
  199.456421 172.0 2
  200.387924 48.0 0
  200.575729 96.0 1
  200.968262 68.0 1
  201.356888 188.0 2
  201.750778 48.0 0
  202.130753 108.0 1
  203.20825200000002 44.0 0
  204.367599 128.0 1
  204.535446 80.0 1
  205.03916900000002 32.20409 0
  205.557556 156.0 2
  206.055145 304.0 3
  206.095474 192.0 2
  207.064972 152.0 1
  207.330338 164.0 2
  207.83311500000002 164.0 2
  208.305573 52.0 1
  208.526962 152.0 1
  208.60694900000001 6.25 0
  209.101913 96.0 1
  209.1073 124.0 1
  210.08380100000002 3184.0 31
  210.121948 152.0 1
  210.58415200000002 28.0 0
  213.174179 52.0 1
  215.064178 192.0 2
  215.114517 156.0 2
  216.04663100000002 148.0 1
  216.082825 180.0 2
  216.828491 4.120098 0
  217.069794 168.0 2
  217.07865900000002 120.0 1
  219.091827 168.0 2
  219.711456 92.0 1
  220.122513 81.986603 1
  222.568375 68.0 1
  227.07144200000002 244.0 2
  227.081848 188.0 2
  227.247192 152.0 1
  227.81329300000002 72.0 1
  229.167542 2100.0 20
  230.019058 68.0 1
  230.611649 80.0 1
  231.066742 380.0 4
  231.092758 64.0 1
  231.157135 232.0 2
  231.183472 678.349976 7
  231.94700600000002 4563.0 44
  231.98687700000002 156.0 2
  232.480347 92.05687 1
  233.01779200000001 192.0 2
  234.071793 108.0 1
  235.847733 168.0 2
  236.040985 136.0 1
  236.897781 140.0 1
  241.109238 200.0 2
  243.172943 280.0 3
  243.40737900000002 148.0 1
  243.500854 128.0 1
  244.704544 11.24039 0
  246.07496600000002 63858.0 616
  246.127151 628.0 6
  248.128525 30.8001 0
  248.632843 108.0 1
  252.541122 200.0 2
  253.048599 356.0 3
  253.076004 103530.0 999
  254.589722 200.0 2
  254.63067600000002 124.0 1
  255.619156 72.0 1
  256.138458 160.0 2
  257.685944 88.0 1
  259.854218 17.71167 0
  261.430115 76.0 1
  263.084991 48237.0 465
  263.177704 240.0 2
  264.15142799999995 168.0 2
  264.395264 148.0 1
  265.13079799999997 33.875 0
  271.15167199999996 136.0 1
  274.726593 128.0 1
  276.601593 100.0 1
  277.219879 148.0 1
  278.010071 152.0 1
  279.23898299999996 104.0 1
  279.77691699999997 21.94672 0
  281.070557 70093.953125 676
  283.023895 144.0 1
  283.063141 283.0 3
  283.182129 140.0 1
  284.180542 92.0 1
  285.648132 52.0 1
  286.69162 72.0 1
  287.76171899999997 260.0 3
  288.410553 160.0 2
  289.942596 18856.0 182
  292.04959099999996 2728.0 26
  294.11663799999997 120.0 1
  295.16162099999997 104.0 1
  298.114563 140.0 1
  302.810394 192.0 2
  303.846527 188.0 2
  304.011322 2652.0 26
  307.17868 304.0 3
  309.121582 180.0 2
  310.18811 344.0 3
//
