ACCESSION: CCMSLIB00000085336
RECORD_TITLE: decoy
DATE: 2015.11.20
AUTHORS: Administrator
LICENSE: CC BY-SA
CH$NAME: decoy
CH$COMPOUND_CLASS: Natural Product
CH$FORMULA: C18H18ClIN6O4
CH$EXACT_MASS: 544.012278736
CH$SMILES: N/A
CH$IUPAC: decoy
CH$LINK: N/A
AC$INSTRUMENT: decoy
AC$INSTRUMENT_TYPE: decoy
AC$MASS_SPECTROMETRY: MS_TYPE MS2
AC$MASS_SPECTROMETRY: ION_MODE POSITIVE
AC$MASS_SPECTROMETRY: COLLISION_ENERGY 10 V
MS$FOCUSED_ION: PRECURSOR_M/Z 545
MS$FOCUSED_ION: PRECURSOR_TYPE [M+H]+
PK$NUM_PEAK: 2372
PK$PEAK: m/z int. rel.int.
  32.048325 71.768623 0
  41.485189 168.0 0
  42.923875 176.0 0
  44.894363 116.0 0
  45.22554 152.0 0
  45.342239 140.0 0
  45.452026000000004 168.0 0
  46.039421000000004 180.0 0
  46.155228 204.0 0
  46.199707000000004 184.0 0
  46.459347 96.0 0
  46.781693000000004 116.0 0
  46.960995000000004 184.0 0
  47.276321 168.0 0
  47.279953 172.0 0
  47.329987 136.0 0
  47.351406000000004 532.0 1
  47.359577 176.0 0
  47.558125000000004 44.0 0
  47.576344 180.0 0
  47.783722000000004 152.0 0
  48.071629 164.0 0
  48.119442 180.0 0
  48.201267 196.0 0
  48.250088 96.0 0
  48.93314 108.0 0
  49.127487 144.0 0
  49.288597 192.0 0
  49.306248000000004 200.0 0
  49.663311 136.0 0
  49.947033000000005 148.0 0
  49.992977 192.0 0
  50.048912 128.0 0
  50.093548 148.0 0
  50.324345 168.0 0
  50.371086 124.0 0
  50.655731 124.0 0
  50.794773 168.0 0
  51.089287 128.0 0
  51.142784 116.0 0
  51.275150000000004 220.0 0
  51.80645 164.0 0
  51.830067 136.0 0
  51.892097 220.0 0
  51.971867 184.0 0
  51.980091 168.0 0
  52.218452 40.0 0
  52.309292 184.0 0
  52.461113000000005 36.0 0
  52.561802 176.0 0
  52.635292 184.0 0
  52.750324 216.0 0
  52.841469000000004 164.0 0
  53.179867 116.0 0
  53.20306 148.0 0
  53.597233 152.0 0
  53.659351 132.0 0
  53.809467000000005 172.0 0
  53.94326 156.0 0
  53.962715 216.0 0
  54.021942 160.0 0
  54.086483 176.0 0
  54.64278 152.0 0
  54.798492 164.0 0
  54.820496 188.0 0
  54.895798 144.0 0
  55.157627 200.0 0
  55.230957000000004 104.0 0
  55.67046 208.0 0
  55.89933 48.0 0
  56.059963 168.0 0
  56.099336 152.0 0
  57.497395000000004 216.0 0
  57.605961 120.0 0
  57.636364 0.0 0
  57.646709 192.0 0
  57.717915000000005 88.0 0
  57.863121 44.0 0
  57.913822 112.0 0
  57.97961 180.0 0
  58.02895 272.0 1
  58.384388 84.0 0
  58.584991 128.0 0
  58.677406000000005 196.0 0
  58.733345 188.0 0
  59.108368 168.0 0
  59.221085 160.0 0
  59.357872 204.0 0
  59.454281 156.0 0
  59.537521 160.0 0
  59.546253 116.0 0
  59.721981 188.0 0
  59.882099000000004 156.0 0
  59.947933 148.0 0
  60.379925 160.0 0
  60.438427000000004 160.0 0
  60.529472 144.0 0
  60.562153 168.0 0
  60.653008 128.0 0
  60.681343 128.0 0
  60.692982 180.0 0
  60.732239 196.0 0
  60.747929 284.0 1
  60.772003 192.0 0
  60.790916 136.0 0
  60.825031 180.0 0
  60.992455 204.0 0
  61.00782 64.0 0
  61.034195000000004 160.0 0
  61.090862 200.0 0
  61.218861000000004 80.0 0
  61.22168 196.0 0
  61.316124 176.0 0
  61.452438 168.0 0
  61.522449 184.0 0
  61.818897 196.0 0
  62.054195 112.0 0
  62.450157000000004 156.0 0
  62.567215000000004 164.0 0
  62.668766 88.0 0
  62.782448 156.0 0
  62.871971 208.0 0
  63.100834 160.0 0
  63.624592 268.0 1
  63.675629 208.0 0
  63.831074 176.0 0
  63.854164000000004 180.0 0
  63.915123 160.0 0
  64.079674 160.0 0
  64.203194 148.0 0
  64.45058399999999 216.0 0
  64.47448 148.0 0
  64.805481 144.0 0
  65.003113 132.0 0
  65.193939 100.0 0
  65.229225 64.0 0
  65.245987 204.0 0
  65.593452 196.0 0
  65.859116 168.0 0
  65.936577 208.0 0
  66.217445 212.0 0
  66.298233 184.0 0
  66.376984 60.0 0
  66.66858699999999 156.0 0
  66.700035 180.0 0
  66.98075899999999 160.0 0
  67.067101 132.0 0
  67.07049599999999 76.0 0
  67.60288999999999 80.0 0
  67.711784 176.0 0
  67.766251 108.0 0
  67.828423 120.0 0
  67.866402 160.0 0
  68.228088 144.0 0
  68.55922699999999 188.0 0
  68.94841 184.0 0
  68.990173 176.0 0
  69.217896 152.0 0
  69.366638 184.0 0
  69.44818099999999 176.0 0
  69.483437 240.0 0
  69.64018999999999 136.0 0
  69.839371 128.0 0
  69.849831 176.0 0
  70.03023499999999 132.0 0
  70.148392 296.0 1
  70.216408 60.0 0
  70.267105 192.0 0
  70.289299 136.0 0
  70.52959399999999 160.0 0
  70.654045 184.0 0
  70.91352099999999 176.0 0
  71.114784 184.0 0
  71.48177299999999 200.0 0
  71.57891099999999 144.0 0
  71.84197999999999 176.0 0
  71.848602 164.0 0
  71.97934 172.0 0
  72.043549 130.320297 0
  72.14138 212.0 0
  72.244301 160.0 0
  72.477097 172.0 0
  72.573578 128.0 0
  72.601402 172.0 0
  72.620132 204.0 0
  73.120239 116.0 0
  73.18379999999999 184.0 0
  73.189217 152.0 0
  73.27256799999999 148.0 0
  73.369339 176.0 0
  73.697632 164.0 0
  73.85299699999999 168.0 0
  73.951584 52.0 0
  73.97262599999999 176.0 0
  74.03534699999999 224.0 0
  74.07723999999999 212.0 0
  74.103943 200.0 0
  74.33644899999999 164.0 0
  74.53147899999999 180.0 0
  74.808098 52.0 0
  74.866737 68.0 0
  74.89314999999999 124.0 0
  74.902695 160.0 0
  75.01293899999999 148.0 0
  75.02197299999999 152.0 0
  75.10511 164.0 0
  75.386833 228.0 0
  75.571182 208.0 0
  75.77797699999999 192.0 0
  75.820374 288.0 1
  76.062974 84.0 0
  76.118355 172.0 0
  76.340797 160.0 0
  76.395584 232.0 0
  76.538635 184.0 0
  76.54766799999999 144.0 0
  76.65083299999999 100.0 0
  76.71756699999999 140.0 0
  76.843414 224.0 0
  76.966545 140.0 0
  77.040703 161.958298 0
  77.258606 132.0 0
  77.510307 144.0 0
  77.53029599999999 160.0 0
  77.57395199999999 204.0 0
  77.57910899999999 184.0 0
  77.58150499999999 212.0 0
  77.768028 176.0 0
  77.951866 120.0 0
  78.00089299999999 140.0 0
  78.21915399999999 176.0 0
  78.222229 164.0 0
  78.237465 176.0 0
  78.375221 176.0 0
  78.52413899999999 176.0 0
  78.685555 156.0 0
  78.838051 220.0 0
  79.28302799999999 172.0 0
  79.382607 88.0 0
  79.505074 208.0 0
  79.81243099999999 164.0 0
  80.044579 156.0 0
  80.27078999999999 180.0 0
  80.311066 124.0 0
  80.31663499999999 168.0 0
  80.381676 192.0 0
  80.889877 172.0 0
  80.99095899999999 188.0 0
  81.54390699999999 32.0 0
  82.27005799999999 180.0 0
  82.280693 144.0 0
  82.68744699999999 64.0 0
  82.81741299999999 212.0 0
  83.023918 228.0 0
  83.159554 200.0 0
  83.20388 228.0 0
  83.208801 180.0 0
  83.21822399999999 336.0 1
  83.604782 100.0 0
  83.652985 216.0 0
  83.716438 60.0 0
  83.725189 224.0 0
  83.920113 152.0 0
  83.97554 160.0 0
  84.068108 144.0 0
  84.22466299999999 184.0 0
  84.568314 164.0 0
  84.659302 140.0 0
  84.74179799999999 136.0 0
  84.80740399999999 208.0 0
  84.915855 204.0 0
  85.009148 84.0 0
  85.235733 148.0 0
  85.250694 212.0 0
  85.39872 156.0 0
  85.53446199999999 188.0 0
  85.64291399999999 56.0 0
  85.82861299999999 140.0 0
  86.291603 200.0 0
  86.39040399999999 152.0 0
  86.397522 208.0 0
  86.491013 176.0 0
  86.56356799999999 216.0 0
  87.078796 200.0 0
  87.25697299999999 152.0 0
  87.28854399999999 176.0 0
  87.31598699999999 160.0 0
  87.392944 224.0 0
  87.47597499999999 120.0 0
  87.73171199999999 72.0 0
  88.10928299999999 112.0 0
  88.178795 216.0 0
  88.22126 132.0 0
  88.478691 168.0 0
  88.654381 140.0 0
  88.718437 172.0 0
  88.723587 152.0 0
  88.74325599999999 160.0 0
  88.76130699999999 160.0 0
  88.76755499999999 192.0 0
  88.944122 160.0 0
  89.468063 168.0 0
  89.486122 152.0 0
  89.62490799999999 144.0 0
  89.993797 156.0 0
  90.34196499999999 180.0 0
  90.587723 160.0 0
  90.653358 120.0 0
  90.886986 164.0 0
  90.935593 172.0 0
  91.05478699999999 172.0 0
  91.376007 156.0 0
  91.391228 164.0 0
  91.448456 92.0 0
  91.568535 184.0 0
  91.597038 248.0 0
  91.8274 140.0 0
  92.05555 160.0 0
  92.31603199999999 144.0 0
  92.443726 96.0 0
  92.51819599999999 156.0 0
  92.82618 148.0 0
  92.84677099999999 176.0 0
  92.902519 148.0 0
  93.059091 200.0 0
  93.199371 152.0 0
  93.671066 136.0 0
  94.033997 168.0 0
  94.09124 256.0 1
  94.612366 108.0 0
  94.750885 140.0 0
  94.849083 140.0 0
  95.039383 144.0 0
  95.046562 160.0 0
  95.050163 264.0 1
  95.07131199999999 168.0 0
  95.151466 128.0 0
  95.22829399999999 144.0 0
  95.30281099999999 184.0 0
  95.49021099999999 176.0 0
  95.615898 224.0 0
  95.728241 120.0 0
  95.787094 180.0 0
  95.85870399999999 20.0 0
  95.94891399999999 144.0 0
  95.96020499999999 172.0 0
  96.04364 296.0 1
  96.05457299999999 172.0 0
  96.089333 176.0 0
  96.09684 104.0 0
  96.125954 144.0 0
  96.188507 140.0 0
  96.27476499999999 176.0 0
  96.32504999999999 140.0 0
  96.351906 92.0 0
  96.380455 164.0 0
  96.430595 176.0 0
  96.487602 204.0 0
  96.49114999999999 140.0 0
  96.49594099999999 92.0 0
  96.50228899999999 148.0 0
  96.532112 152.0 0
  96.57534 164.0 0
  96.77422299999999 144.0 0
  96.802284 172.0 0
  96.81624599999999 112.0 0
  96.944519 168.0 0
  97.03025799999999 184.0 0
  97.063614 2304.0 5
  97.114182 116.0 0
  97.307091 212.0 0
  97.448563 124.0 0
  97.75819399999999 40.0 0
  97.99498 168.0 0
  98.023933 168.0 0
  98.08101699999999 196.0 0
  98.260201 48.0 0
  98.492104 108.0 0
  98.517724 236.0 0
  98.64437099999999 148.0 0
  98.683876 204.0 0
  98.708687 40.0 0
  98.759102 164.0 0
  98.859101 156.0 0
  98.86128199999999 224.0 0
  98.86515 232.0 0
  98.92667399999999 212.0 0
  98.96047999999999 140.0 0
  99.00106 180.0 0
  99.02416199999999 348.0 1
  99.04074899999999 144.0 0
  99.071388 180.0 0
  99.23870799999999 44.0 0
  99.34259 160.0 0
  99.451797 188.0 0
  99.456329 192.0 0
  99.601013 144.0 0
  99.61325099999999 84.0 0
  99.620232 172.0 0
  99.70835899999999 140.0 0
  99.772942 148.0 0
  99.85670499999999 144.0 0
  99.924095 176.0 0
  100.12422199999999 132.0 0
  100.271187 188.0 0
  100.431541 164.0 0
  100.43643999999999 148.0 0
  100.44131499999999 31.761881 0
  100.505493 120.0 0
  100.53073099999999 152.0 0
  100.541367 176.0 0
  100.56335399999999 136.0 0
  100.622429 64.0 0
  100.68412 132.0 0
  100.70065299999999 140.0 0
  100.872124 128.0 0
  100.89437099999999 31.001261 0
  100.90517399999999 64.0 0
  100.940857 204.0 0
  100.99054699999999 176.0 0
  101.023094 603.245911 1
  101.10009 184.0 0
  101.12262 136.0 0
  101.194679 172.0 0
  101.22777599999999 9.375 0
  101.24076799999999 160.0 0
  101.379089 164.0 0
  101.507751 220.0 0
  101.588173 112.0 0
  101.66452 88.0 0
  101.78167699999999 236.0 0
  101.831947 212.0 0
  101.948662 144.0 0
  102.030289 316.0 1
  102.06496399999999 208.0 0
  102.13604699999999 156.0 0
  102.190643 144.0 0
  102.20376599999999 19.61232 0
  102.23780099999999 160.0 0
  102.241928 84.0 0
  102.341118 160.0 0
  102.38761099999999 212.0 0
  102.50014499999999 176.0 0
  102.50855999999999 160.0 0
  102.69725 148.0 0
  102.761635 148.0 0
  102.81501 172.0 0
  102.92236299999999 168.0 0
  102.98117099999999 148.0 0
  103.020973 44.0 0
  103.047882 136.0 0
  103.05403899999999 264.0 1
  103.074585 136.0 0
  103.125481 36.0 0
  103.34898399999999 192.0 0
  103.39201399999999 148.0 0
  103.591026 68.0 0
  103.744301 148.0 0
  103.782066 80.0 0
  104.020432 116.0 0
  104.024147 164.0 0
  104.07148 116.0 0
  104.09606199999999 60.0 0
  104.158447 168.0 0
  104.387405 216.0 0
  104.77701599999999 120.0 0
  104.846008 180.0 0
  104.984032 132.0 0
  105.03331 1924.0 4
  105.037247 220.0 0
  105.07 263.318115 1
  105.07610299999999 128.0 0
  105.084824 192.0 0
  105.08773 200.0 0
  105.18824799999999 92.0 0
  105.201546 14.1589 0
  105.248436 168.0 0
  105.25050399999999 92.0 0
  105.35606399999999 15.49745 0
  105.39813199999999 23.4769 0
  105.410934 160.0 0
  105.44274899999999 76.0 0
  105.598557 212.0 0
  105.80819699999999 232.0 0
  105.813148 184.0 0
  105.82646899999999 156.0 0
  105.97612 60.0 0
  106.022644 300.0 1
  106.03340899999999 208.0 0
  106.03661299999999 200.0 0
  106.063828 1208.0 2
  106.14003 88.0 0
  106.284286 216.0 0
  106.36363999999999 0.659415 0
  106.386833 4.602083 0
  106.484566 96.0 0
  106.651276 160.0 0
  106.656883 4.332201 0
  106.70653499999999 120.0 0
  106.89014399999999 216.0 0
  106.920425 128.0 0
  106.93152599999999 168.0 0
  106.953087 40.0 0
  106.968285 100.0 0
  107.024666 124.0 0
  107.04738599999999 124.0 0
  107.05072 432.0 1
  107.089615 152.0 0
  107.408546 6.906746 0
  107.419952 152.0 0
  107.42984799999999 60.0 0
  107.4356 144.0 0
  107.466095 144.0 0
  107.617279 164.0 0
  107.709198 204.0 0
  107.8806 228.0 0
  107.924454 152.0 0
  108.05723599999999 112.409698 0
  108.07268499999999 280.0 1
  108.07723999999999 45.863689 0
  108.081604 384.0 1
  108.116417 184.0 0
  108.17804699999999 41.365318 0
  108.18856 144.0 0
  108.34790799999999 152.0 0
  108.708717 284.0 1
  108.844864 196.0 0
  108.893311 168.0 0
  108.93248 140.0 0
  108.959305 164.0 0
  109.02696999999999 100.0 0
  109.02950299999999 150.001297 0
  109.032883 236.0 0
  109.088799 184.0 0
  109.095253 15.70513 0
  109.139748 196.0 0
  109.162033 60.0 0
  109.186577 32.0 0
  109.27186599999999 108.0 0
  109.31150799999999 224.0 0
  109.328316 76.0 0
  109.401733 14.17235 0
  109.446991 48.0 0
  109.555222 60.0 0
  110.015678 224.0 0
  110.401657 164.0 0
  110.437607 100.0 0
  110.449005 108.0 0
  110.46369899999999 136.0 0
  110.581291 172.0 0
  110.60091399999999 20.705879 0
  110.752144 72.0 0
  110.818039 112.0 0
  110.876251 188.0 0
  110.89338699999999 192.0 0
  111.02094299999999 196.0 0
  111.19461799999999 108.0 0
  111.237854 204.0 0
  111.33771499999999 148.0 0
  111.52443699999999 24.497129 0
  111.581841 60.0 0
  111.59506999999999 180.0 0
  111.633629 156.0 0
  111.637131 244.0 0
  111.647308 168.0 0
  111.675522 128.0 0
  111.69079599999999 188.0 0
  111.73216199999999 204.0 0
  111.735687 172.0 0
  111.75515 156.0 0
  111.77867099999999 88.0 0
  111.853172 208.0 0
  112.015343 152.0 0
  112.038353 200.0 0
  112.04461699999999 156.0 0
  112.055595 69.675583 0
  112.0765 156.0 0
  112.230064 88.0 0
  112.370216 108.0 0
  112.377579 188.0 0
  112.38626099999999 196.0 0
  112.51156599999999 140.0 0
  112.57530999999999 104.0 0
  112.636406 104.0 0
  112.692337 76.0 0
  112.766365 196.0 0
  112.880844 160.0 0
  113.052224 128.0 0
  113.07086199999999 144.0 0
  113.22972899999999 172.0 0
  113.26763899999999 92.0 0
  113.299858 176.0 0
  113.312027 208.0 0
  113.55979199999999 204.0 0
  113.562057 133.0979 0
  113.590813 144.0 0
  113.639313 128.0 0
  113.82346299999999 136.0 0
  113.85745999999999 112.0 0
  113.961884 160.0 0
  114.064911 164.0 0
  114.17920699999999 64.0 0
  114.42600999999999 252.0 0
  114.45193499999999 164.0 0
  114.51521299999999 10.18939 0
  114.543228 188.0 0
  114.851036 156.0 0
  114.859917 172.0 0
  114.883293 192.0 0
  115.014282 196.0 0
  115.05532799999999 2540.0 5
  115.161903 72.0 0
  115.48937199999999 184.0 0
  115.523293 152.0 0
  115.536926 52.0 0
  115.59378099999999 144.0 0
  115.71610299999999 164.0 0
  115.760048 136.0 0
  115.889412 148.0 0
  115.920593 172.0 0
  115.947723 200.0 0
  116.012512 240.0 0
  116.04567 152.0 0
  116.059654 404.0 1
  116.062027 232.0 0
  116.070053 763.222473 2
  116.233391 56.0 0
  116.46707199999999 196.0 0
  116.548119 172.0 0
  116.75016 17.683201 0
  116.753891 80.0 0
  116.803017 196.0 0
  116.814674 184.0 0
  116.915848 160.0 0
  116.976036 144.0 0
  116.990494 184.0 0
  116.995926 144.0 0
  116.997986 232.0 0
  117.043236 73.056709 0
  117.071556 168.0 0
  117.106438 104.0 0
  117.11496 188.0 0
  117.12133 152.0 0
  117.20620699999999 72.0 0
  117.393051 160.0 0
  117.944633 152.0 0
  117.988503 72.0 0
  118.029388 1100.0 2
  118.031494 23.67029 0
  118.06514 403.970795 1
  118.131363 136.0 0
  118.190826 236.0 0
  118.3992 272.0 1
  118.462555 248.0 0
  118.478218 160.0 0
  118.780594 228.0 0
  118.859383 108.0 0
  118.962662 132.0 0
  119.01471699999999 72.0 0
  119.03907799999999 589.0 1
  119.07016 308.0 1
  119.08515899999999 4476.0 9
  119.140282 116.0 0
  119.275139 48.0 0
  119.394386 160.0 0
  119.56233999999999 84.0 0
  119.606979 164.0 0
  119.651955 152.0 0
  119.690117 148.0 0
  119.77860299999999 132.0 0
  119.853287 92.0 0
  119.946075 68.0 0
  119.97689799999999 176.0 0
  120.03789499999999 136.0 0
  120.065727 112.0 0
  120.090752 68.0 0
  120.11868299999999 36.0 0
  120.373245 48.0 0
  120.43208299999999 156.0 0
  120.445076 160.0 0
  120.50741599999999 152.0 0
  120.53653 188.0 0
  120.589783 12.42614 0
  120.704926 204.0 0
  120.893372 176.0 0
  121.01184099999999 252.0 0
  121.024918 42.903381 0
  121.03437799999999 184.0 0
  121.05658 176.0 0
  121.05966199999999 2888.0 6
  121.08511399999999 32.60738 0
  121.08925599999999 512.0 1
  121.10099799999999 39185.0 77
  121.16179699999999 160.0 0
  121.21759 17.502819 0
  121.362144 28.975451 0
  121.37419899999999 132.0 0
  121.40872999999999 5.227904 0
  121.47694399999999 15.44511 0
  121.56691 80.0 0
  121.61142 172.0 0
  121.676041 184.0 0
  121.72666199999999 176.0 0
  121.770264 64.0 0
  121.92792499999999 9.974359 0
  121.9524 164.0 0
  122.014282 192.0 0
  122.090875 1125.0 2
  122.099037 184.0 0
  122.223259 92.0 0
  122.441154 168.0 0
  122.46092999999999 7.533333 0
  122.51293899999999 204.0 0
  122.60762 148.0 0
  122.64514899999999 13.54121 0
  122.69886799999999 76.0 0
  122.769745 144.0 0
  122.781914 14.18534 0
  122.836655 124.0 0
  122.981293 196.0 0
  123.024918 196.0 0
  123.03292099999999 108.0 0
  123.05747199999999 180.0 0
  123.06079899999999 188.0 0
  123.08135999999999 55.660519 0
  123.08418999999999 152.0 0
  123.11537899999999 119.0 0
  123.12043 104.0 0
  123.123238 80.0 0
  123.20311 264.0 1
  123.22076399999999 140.0 0
  123.498222 156.0 0
  123.61824 204.0 0
  123.662437 192.0 0
  123.754341 44.0 0
  123.99745899999999 284.071808 1
  124.15435799999999 92.0 0
  124.16411599999999 204.0 0
  124.177025 232.0 0
  124.223129 11.15648 0
  124.403183 200.0 0
  124.42716999999999 52.0 0
  124.442764 36.197128 0
  124.48833499999999 168.0 0
  124.581223 9.419832 0
  124.62409199999999 168.0 0
  124.86895799999999 204.0 0
  124.89061 208.0 0
  124.944374 172.0 0
  124.980492 164.0 0
  125.025612 164.0 0
  125.03768199999999 10.68627 0
  125.095253 158.857697 0
  125.130753 31.516109 0
  125.224548 92.0 0
  125.515495 152.0 0
  125.522049 144.0 0
  125.583992 176.0 0
  125.60958099999999 164.0 0
  125.66851799999999 200.0 0
  125.803406 84.0 0
  125.872253 104.0 0
  125.984032 488.0 1
  126.14079299999999 120.0 0
  126.163956 340.0 1
  126.37662499999999 252.0 0
  126.433571 124.0 0
  126.512321 100.0 0
  126.538094 216.0 0
  126.975487 148.0 0
  126.99395799999999 96.0 0
  127.00634799999999 172.0 0
  127.038429 704.0 1
  127.050743 216.0 0
  127.056595 144.0 0
  127.08539599999999 180.0 0
  127.166328 36.0 0
  127.18019899999999 148.0 0
  127.201996 124.0 0
  127.214165 164.0 0
  127.269348 184.0 0
  127.271935 148.0 0
  127.28585799999999 184.0 0
  127.34742 200.0 0
  127.368302 204.0 0
  127.44232199999999 164.0 0
  127.4562 180.0 0
  127.510117 24.674801 0
  127.60983999999999 160.0 0
  127.626938 184.0 0
  127.85690299999999 140.0 0
  127.911301 132.0 0
  127.92057 176.0 0
  127.93590499999999 160.0 0
  128.044846 25.312929 0
  128.05500800000002 188.0 0
  128.061478 742.022278 1
  128.064468 46.980659 0
  128.071075 932.0 2
  128.092896 48.0 0
  128.195938 224.0 0
  128.217682 172.0 0
  128.807175 36.0 0
  128.829559 176.0 0
  128.855209 8.500331 0
  128.940857 140.0 0
  128.948334 180.0 0
  128.960815 200.0 0
  129.010239 548.0 1
  129.042618 180.0 0
  129.067673 1497.0 3
  129.073914 520.0 1
  129.125772 144.0 0
  129.38179 120.0 0
  129.39415 63.826591 0
  129.498932 32.0 0
  129.729599 156.0 0
  129.947891 192.0 0
  129.97717300000002 212.0 0
  130.016602 144.0 0
  130.02958700000002 168.0 0
  130.039703 248.0 0
  130.062332 228.0 0
  130.08673100000001 13468.0 27
  130.160202 148.0 0
  130.26963800000001 180.0 0
  130.488998 156.0 0
  130.50825500000002 168.0 0
  130.53083800000002 164.0 0
  130.59260600000002 184.0 0
  130.616394 53.555759 0
  130.672226 68.0 0
  130.707245 176.0 0
  130.777969 196.0 0
  130.891525 196.0 0
  130.955536 144.0 0
  131.037201 10616.0 21
  131.039825 64.0 0
  131.048203 200.0 0
  131.075851 188.0 0
  131.101929 108.0 0
  131.106873 40.0 0
  131.297867 188.0 0
  131.317261 144.0 0
  131.371246 148.0 0
  131.414429 116.0 0
  131.427246 204.0 0
  131.44776900000002 124.0 0
  131.54911800000002 132.0 0
  131.580566 144.0 0
  131.671707 92.0 0
  131.828079 132.0 0
  131.838379 188.0 0
  131.996017 140.0 0
  132.004807 152.0 0
  132.080765 47.796299 0
  132.21772800000002 236.0 0
  132.220154 176.0 0
  132.234329 68.0 0
  132.265747 136.0 0
  132.437866 240.0 0
  132.576584 180.0 0
  132.756851 192.0 0
  132.930359 56.0 0
  132.986298 152.0 0
  133.027115 156.0 0
  133.064255 168.0 0
  133.074081 144.0 0
  133.077789 168.0 0
  133.10058600000002 13924.0 27
  133.156982 164.0 0
  133.381317 140.0 0
  133.499664 264.0 1
  133.55358900000002 92.0 0
  133.90065 196.0 0
  134.021683 140.0 0
  134.030502 176.0 0
  134.060135 1744.0 3
  134.06424 128.0 0
  134.085831 284.0 1
  134.19873 132.0 0
  134.21701000000002 312.0 1
  134.719559 92.0 0
  134.781464 20.322371 0
  134.815613 172.0 0
  134.83429 64.0 0
  134.841827 188.0 0
  134.94790600000002 168.0 0
  134.985657 204.0 0
  135.008118 132.0 0
  135.02615400000002 500.0 1
  135.029449 1600.0 3
  135.046997 152.0 0
  135.054565 172.0 0
  135.08093300000002 1704.0 3
  135.084442 156.0 0
  135.105621 224.0 0
  135.11093100000002 11.90972 0
  135.281662 120.0 0
  135.441574 180.0 0
  135.560425 80.0 0
  135.56367500000002 72.0 0
  135.788727 144.0 0
  135.811691 104.0 0
  135.92572 120.0 0
  136.040039 660.0 1
  136.110367 1696.0 3
  136.11943100000002 120.0 0
  136.20001200000002 176.0 0
  136.512482 108.0 0
  136.70961 140.0 0
  136.771423 112.0 0
  136.796356 52.0 0
  136.90943900000002 84.0 0
  137.019272 1104.0 2
  137.0513 2546.0 5
  137.058685 156.0 0
  137.086014 2.609783 0
  137.089767 132.0 0
  137.13093600000002 70.373352 0
  137.147583 2.347222 0
  137.17034900000002 120.0 0
  137.371338 76.0 0
  137.38324 232.0 0
  137.446198 52.0 0
  137.691605 180.0 0
  137.800079 4.171474 0
  137.83873 144.0 0
  138.05169700000002 94006.0 185
  138.060135 219.0 0
  138.173401 128.0 0
  138.20214800000002 144.0 0
  138.24606300000002 21.277781 0
  138.28839100000002 160.0 0
  138.560608 192.0 0
  138.58609 160.0 0
  138.59573400000002 144.0 0
  138.663834 132.0 0
  138.68867500000002 18.62331 0
  138.75027500000002 144.0 0
  138.832031 180.0 0
  138.887787 176.0 0
  138.998795 79.088654 0
  139.05006400000002 92.0 0
  139.07785 188.0 0
  139.21983300000002 128.0 0
  139.236374 76.0 0
  139.243118 96.0 0
  139.306046 160.0 0
  139.387604 168.0 0
  139.554779 164.0 0
  139.737579 164.0 0
  139.74890100000002 176.0 0
  139.898727 120.0 0
  140.00997900000002 64.0 0
  140.01585400000002 38.882351 0
  140.071777 256.0 1
  140.07442600000002 554.0 1
  140.096542 116.0 0
  140.135651 208.0 0
  140.151779 152.0 0
  140.58311500000002 132.0 0
  140.976944 116.0 0
  141.06625400000001 1854.0 4
  141.069489 312.0 1
  141.08663900000002 192.0 0
  141.099533 88.0 0
  141.10591100000002 228.0 0
  141.268295 196.0 0
  141.606613 240.0 0
  141.790466 184.0 0
  141.833435 136.0 0
  141.951965 136.0 0
  142.01149 200.0 0
  142.057434 2950.0 6
  142.075058 34.166451 0
  142.07797200000002 412.0 1
  142.086792 194.878296 0
  142.15448 72.0 0
  142.34259 12.14108 0
  142.348541 176.0 0
  142.363327 48.0 0
  142.370438 0.78125 0
  142.792358 52.0 0
  142.99357600000002 192.0 0
  142.99937400000002 156.0 0
  143.042694 7573.0 15
  143.04563900000002 100.0 0
  143.048035 192.0 0
  143.201157 80.0 0
  143.46519500000002 172.0 0
  143.468735 128.0 0
  143.55320700000001 100.0 0
  143.578842 92.0 0
  143.608734 88.0 0
  143.767212 156.0 0
  143.81401100000002 68.0 0
  143.832581 152.0 0
  143.939819 168.0 0
  144.057266 507.0 1
  144.076309 10437.730469 21
  144.080948 376.0 1
  144.09333800000002 200.0 0
  144.104126 39.19165 0
  144.11038200000002 140.0 0
  144.168472 37.069248 0
  144.23306300000002 196.0 0
  144.26722700000002 5.889423 0
  144.420166 7.897436 0
  144.457672 144.0 0
  144.578476 156.0 0
  144.71713300000002 11.89633 0
  144.734665 184.0 0
  144.82165500000002 236.0 0
  144.84002700000002 56.0 0
  145.045059 144.0 0
  145.047357 164.0 0
  145.049927 3474.0 7
  145.063385 136.0 0
  145.17961100000002 68.0 0
  145.20983900000002 312.0 1
  145.29788200000002 124.0 0
  145.37922700000001 120.0 0
  145.472687 44.0 0
  145.478409 68.0 0
  145.499771 176.0 0
  145.528336 172.0 0
  145.681366 60.0 0
  145.84539800000002 172.0 0
  145.858307 164.0 0
  145.90034500000002 164.0 0
  145.9375 36.0 0
  145.97288500000002 92.0 0
  146.006516 136.0 0
  146.058701 188.0 0
  146.06320200000002 6.667535 0
  146.074387 32.861038 0
  146.07646200000002 128.0 0
  146.09750400000001 836.0 2
  146.127792 172.0 0
  146.153885 116.0 0
  146.186981 96.0 0
  146.237061 48.0 0
  146.576691 60.0 0
  146.633926 164.0 0
  146.977539 176.0 0
  147.026978 5.711957 0
  147.057938 38.77586 0
  147.064697 552.0 1
  147.07577500000002 4.335318 0
  147.116592 228.0 0
  147.15051300000002 84.0 0
  147.228516 132.0 0
  147.299103 84.0 0
  147.306793 68.0 0
  147.390228 180.0 0
  147.913025 56.0 0
  147.977509 140.0 0
  148.034164 891.0 2
  148.045975 1472.0 3
  148.08696 232.0 0
  148.09707600000002 44.0 0
  148.110687 220.0 0
  148.195908 96.0 0
  148.27572600000002 44.0 0
  148.520004 260.0 1
  148.567139 184.0 0
  148.590683 92.0 0
  148.893356 204.0 0
  148.972183 172.0 0
  149.02207900000002 2658.0 5
  149.026703 160.0 0
  149.031982 220.0 0
  149.05787700000002 148.0 0
  149.077774 144.0 0
  149.107086 12939.0 26
  149.11509700000002 84.0 0
  149.130966 128.0 0
  149.136658 96.0 0
  149.228088 176.0 0
  149.23559600000002 180.0 0
  149.290955 216.0 0
  149.49421700000002 76.0 0
  149.596359 108.0 0
  149.606659 52.0 0
  150.057672 346.0 1
  150.067764 484.0 1
  150.09935900000002 192.0 0
  150.121475 172.0 0
  150.17775 84.0 0
  150.223282 148.0 0
  150.40063500000002 80.0 0
  150.757294 204.0 0
  151.022858 115.0 0
  151.03692600000002 380.0 1
  151.03938300000002 632.0 1
  151.046921 72.0 0
  151.098565 1281.0 3
  151.124298 212.0 0
  151.41052200000001 164.0 0
  151.45076 144.0 0
  151.47731000000002 152.0 0
  151.965897 44.0 0
  152.03093 444.0 1
  152.03526300000001 1092.0 2
  152.062576 140.0 0
  152.078156 816.0 2
  152.494934 120.0 0
  152.602631 132.0 0
  152.619141 9.468333 0
  152.95578 136.0 0
  153.021362 432.0 1
  153.044006 23924.0 47
  153.056747 224.0 0
  153.06410200000002 347.958405 1
  153.067383 748.0 1
  153.09793100000002 224.0 0
  153.109161 116.0 0
  153.44236800000002 176.0 0
  154.007324 324.0 1
  154.09217800000002 176.0 0
  154.111084 140.0 0
  154.157562 124.0 0
  154.161987 108.0 0
  154.174936 192.0 0
  154.198181 164.0 0
  154.29744 144.0 0
  154.633118 200.0 0
  154.79740900000002 164.0 0
  154.978561 176.0 0
  155.04315200000002 128.0 0
  155.07165500000002 681.0 1
  155.122894 176.0 0
  155.190704 208.0 0
  155.281799 27.510229 0
  155.541122 148.0 0
  155.693375 240.0 0
  155.923126 132.0 0
  155.995758 520.0 1
  156.00823300000002 152.0 0
  156.061554 6922.0 14
  156.066223 172.0 0
  156.136703 156.0 0
  156.16931200000002 164.0 0
  156.277588 132.0 0
  156.38029500000002 168.0 0
  156.47666900000002 240.0 0
  156.563904 68.0 0
  156.59457400000002 107.877998 0
  156.762619 176.0 0
  156.815399 40.0 0
  156.890991 164.0 0
  156.92176800000001 144.0 0
  157.03862 148.0 0
  157.09689300000002 692.0 1
  157.147141 9.568412 0
  157.177307 164.0 0
  157.421555 35.629761 0
  157.743423 196.0 0
  157.926407 220.0 0
  158.034714 195.2267 0
  158.060608 168.0 0
  158.07058700000002 30.64777 0
  158.083298 852.0 2
  158.114441 188.0 0
  158.268036 68.0 0
  158.275177 100.0 0
  158.48692300000002 140.0 0
  158.608032 168.0 0
  158.784729 344.0 1
  158.921982 96.0 0
  158.96327200000002 140.0 0
  159.066528 2800.0 6
  159.10200500000002 347.0 1
  159.802078 168.0 0
  159.869851 312.0 1
  159.931137 116.0 0
  159.99443100000002 180.0 0
  160.04538 180.0 0
  160.05732700000002 15.001298 0
  160.064713 312.0 1
  160.317673 84.0 0
  160.341699 204.0 0
  160.69249000000002 180.0 0
  160.82196000000002 204.0 0
  160.86372400000002 120.0 0
  161.000977 124.0 0
  161.038315 25.83477 0
  161.048065 6328.0 12
  161.08152800000002 176.0 0
  161.095886 1308.0 3
  161.133026 512.0 1
  161.136246 116.0 0
  161.169159 152.0 0
  161.280823 124.0 0
  161.394943 132.0 0
  161.553513 48.0 0
  161.69953900000002 160.0 0
  161.85385100000002 196.0 0
  162.091003 672.0 1
  162.10359200000002 188.0 0
  162.11308300000002 148.0 0
  162.189911 44.0 0
  162.37991300000002 52.0 0
  162.541504 128.0 0
  162.547028 128.0 0
  162.59947200000002 136.0 0
  162.602982 252.0 0
  162.717484 164.0 0
  162.73764 196.0 0
  162.875504 152.0 0
  162.908646 132.0 0
  162.939178 56.0 0
  162.965103 168.0 0
  163.010651 752.0 1
  163.029709 493.0 1
  163.036987 116.0 0
  163.07551600000002 724.0 1
  163.246017 56.0 0
  163.266998 4.8 0
  163.323776 60.0 0
  163.329102 2.053571 0
  163.421753 92.0 0
  163.47018400000002 212.0 0
  163.523331 68.0 0
  163.53251600000002 180.0 0
  163.605804 100.0 0
  164.02991600000001 640.0 1
  164.032837 184.0 0
  164.03732300000001 1146.0 2
  164.05548100000001 132.0 0
  164.067703 240.0 0
  164.075882 144.0 0
  164.082336 440.0 1
  164.159378 3.640152 0
  164.164001 156.0 0
  164.49234 32.0 0
  164.67025800000002 160.0 0
  164.769318 200.0 0
  164.959305 136.0 0
  165.048035 152.0 0
  165.069748 1892.0 4
  165.08775300000002 300.0 1
  165.198822 4.056548 0
  165.209381 60.0 0
  165.220322 164.0 0
  165.233566 56.0 0
  165.271255 156.0 0
  165.313828 44.268688 0
  165.411316 204.0 0
  165.523819 64.0 0
  165.708908 200.0 0
  165.842453 160.0 0
  165.978821 156.0 0
  166.001373 212.0 0
  166.004028 76.0 0
  166.027237 212.0 0
  166.045074 212.0 0
  166.061325 812.0 2
  166.075714 200.0 0
  166.087082 8772.938477 17
  166.251999 124.0 0
  166.573898 160.0 0
  166.758575 132.0 0
  166.899033 136.0 0
  167.012558 221.871201 0
  167.05728100000002 132.0 0
  167.08221400000002 18596.0 37
  167.12376400000002 164.0 0
  167.14883400000002 220.0 0
  167.43544 172.0 0
  167.469223 168.0 0
  167.56156900000002 116.0 0
  167.61085500000002 12.96346 0
  167.698318 144.0 0
  167.70245400000002 11.08333 0
  167.754745 172.0 0
  167.907394 172.0 0
  168.084396 156.0 0
  168.20700100000002 5.702587 0
  168.26374800000002 240.0 0
  168.266251 196.0 0
  168.342758 184.0 0
  168.435989 148.0 0
  168.49928300000002 228.0 0
  168.985428 152.0 0
  169.049789 152.0 0
  169.052423 509.0 1
  169.061111 152.0 0
  169.064331 676.0 1
  169.08354200000002 148.0 0
  169.15332 144.0 0
  169.387497 164.0 0
  169.408936 116.0 0
  169.65477 212.0 0
  169.916626 156.0 0
  169.982895 148.0 0
  170.063828 108.0 0
  170.06601 148.0 0
  170.076874 180.0 0
  170.08268700000002 224.0 0
  170.213593 144.0 0
  170.454758 208.0 0
  170.91476400000002 116.0 0
  170.961319 140.0 0
  170.96966600000002 196.0 0
  171.02533 1797.0 4
  171.03453100000002 544.0 1
  171.067474 9422.0 19
  171.072617 216.0 0
  171.092026 1400.0 3
  171.119202 184.0 0
  171.552368 23.154341 0
  171.92811600000002 120.0 0
  172.058456 312.0 1
  172.07186900000002 84.403297 0
  172.110703 32.748741 0
  172.157791 240.0 0
  172.199295 14.38363 0
  172.40704300000002 144.0 0
  172.55122400000002 22.42857 0
  172.576279 3.080128 0
  172.62170400000002 204.0 0
  173.01992800000002 816.0 2
  173.051132 224.0 0
  173.055328 162.0 0
  173.096481 280.0 1
  173.13244600000002 25308.160156 50
  173.18751500000002 144.0 0
  173.191284 188.0 0
  173.221909 196.0 0
  173.254379 84.0 0
  173.388474 48.0 0
  173.54556300000002 176.0 0
  173.57757600000002 164.0 0
  173.825211 68.0 0
  173.91253700000001 228.0 0
  174.013443 184.0 0
  174.057602 356.900787 1
  174.06839000000002 396.0 1
  174.13154600000001 140.0 0
  174.69953900000002 136.0 0
  174.71104400000002 168.0 0
  174.952866 156.0 0
  175.009445 272.0 1
  175.035675 27227.0 54
  175.075806 1440.0 3
  175.107773 3737.0 7
  175.305054 160.0 0
  175.33105500000002 136.0 0
  175.47615100000002 152.0 0
  175.62944000000002 160.0 0
  175.725922 160.0 0
  175.79281600000002 72.0 0
  175.880203 220.0 0
  175.89537 256.0 1
  176.019394 236.0 0
  176.072037 168.0 0
  176.084854 444.0 1
  176.12416100000002 25.18841 0
  176.148056 152.0 0
  176.15103100000002 164.0 0
  176.453033 164.0 0
  176.494888 164.0 0
  176.966858 244.0 0
  177.019913 24.34704 0
  177.039474 140.0 0
  177.069199 1860.0 4
  177.09227 228.0 0
  177.123718 208.0 0
  177.163025 192.0 0
  177.39939900000002 68.0 0
  177.427353 172.0 0
  177.49400300000002 76.0 0
  177.803009 68.0 0
  177.894531 160.0 0
  178.01336700000002 84.0 0
  178.02984600000002 120.0 0
  178.056259 2120.0 4
  178.099442 188.0 0
  178.121429 176.0 0
  178.13098100000002 172.0 0
  178.198318 176.0 0
  178.261581 13.05357 0
  178.312607 212.0 0
  178.355728 120.0 0
  178.373093 172.0 0
  178.607224 136.0 0
  178.76718100000002 160.0 0
  178.867615 128.0 0
  178.982925 23.883329 0
  178.99205 208.0 0
  179.084641 17.07 0
  179.10221900000002 120.0 0
  179.139618 153.921204 0
  179.167496 3.375 0
  179.28817700000002 184.0 0
  179.537125 80.0 0
  179.68193100000002 212.0 0
  179.735657 48.0 0
  179.90269500000002 136.0 0
  180.02456700000002 132.0 0
  180.027222 72.0 0
  180.05693100000002 312.0 1
  180.065796 785.0 2
  180.079071 168.0 0
  180.093399 296.0 1
  180.19734200000002 76.0 0
  180.254028 24.195511 0
  180.362793 40.94569 0
  180.608887 52.0 0
  180.731094 56.0 0
  180.886581 72.0 0
  181.03038 164.0 0
  181.07650800000002 660.0 1
  181.08380100000002 868.0 2
  181.08616600000002 1297.160034 3
  181.096115 172.0 0
  181.33453400000002 104.0 0
  181.471649 10.125 0
  181.56835900000002 48.0 0
  181.728195 216.0 0
  181.768707 200.0 0
  182.060654 680.0 1
  182.067825 140.0 0
  182.34809900000002 176.0 0
  182.463638 108.0 0
  182.498077 196.0 0
  182.780731 252.0 0
  182.826965 196.0 0
  182.84501600000002 148.0 0
  183.003311 280.0 1
  183.07963600000002 42.79615 0
  183.08779900000002 66.445511 0
  183.116837 3680.0 7
  183.159149 25.35 0
  183.228317 72.0 0
  183.289795 40.0 0
  183.61930800000002 156.0 0
  183.928314 196.0 0
  184.06388900000002 156.0 0
  184.074295 3220.0 6
  184.103653 671.0 1
  184.25534100000002 116.0 0
  184.441483 60.0 0
  184.51748700000002 172.0 0
  184.677963 116.0 0
  184.78289800000002 64.0 0
  184.918655 12.41667 0
  184.937851 164.0 0
  184.97155800000002 140.0 0
  185.05667100000002 236.0 0
  185.077469 1184.0 2
  185.079971 35.313759 0
  185.105331 380.0 1
  185.288254 220.0 0
  185.33311500000002 200.0 0
  185.399933 100.0 0
  185.407455 88.0 0
  185.43277 128.0 0
  185.775955 192.0 0
  185.81246900000002 112.0 0
  185.933151 344.0 1
  185.942703 212.0 0
  186.0634 88.0 0
  186.089935 1272.0 3
  186.095901 616.0 1
  186.10148600000002 716.0 1
  186.219513 92.0 0
  186.388977 192.0 0
  186.46661400000002 60.0 0
  186.503464 144.0 0
  186.877182 204.0 0
  187.040268 340.0 1
  187.113068 228.0 0
  187.318848 148.0 0
  187.52607700000002 144.0 0
  187.69047500000002 124.0 0
  187.829285 280.0 1
  188.003677 108.0 0
  188.01237500000002 5425.542969 11
  188.03808600000002 267.704102 1
  188.08526600000002 152.0 0
  189.041428 112.0 0
  189.056732 264.0 1
  189.09999100000002 140.0 0
  189.287079 200.0 0
  189.29014600000002 112.0 0
  189.34063700000002 136.0 0
  189.35441600000001 200.0 0
  189.97283900000002 64.0 0
  190.041122 208.0 0
  190.04809600000002 244.0 0
  190.076218 188.0 0
  190.10162400000002 96.0 0
  190.131821 176.0 0
  190.147614 39.847759 0
  190.228271 220.0 0
  190.27864100000002 52.0 0
  190.43566900000002 176.0 0
  190.893356 80.0 0
  191.05728100000002 200.0 0
  191.059708 380.0 1
  191.06985500000002 392.0 1
  191.073013 280.0 1
  191.12179600000002 140.0 0
  191.195816 56.0 0
  191.58294700000002 132.0 0
  191.598282 76.0 0
  191.611694 156.0 0
  192.040726 791.0 2
  192.078812 63.379631 0
  192.095169 1020.0 2
  192.430664 26.934151 0
  192.60067700000002 40.0 0
  192.846268 40.0 0
  193.063995 142956.0 282
  193.09466600000002 148.0 0
  193.100067 128.0 0
  193.16394 96.0 0
  193.377533 204.0 0
  193.56694000000002 204.0 0
  193.775223 144.0 0
  193.851456 112.0 0
  193.86174 128.0 0
  193.93412800000002 120.0 0
  194.031372 300.0 1
  194.05294800000001 184.0 0
  194.174454 92.0 0
  194.48791500000002 84.0 0
  194.616547 144.0 0
  194.747345 124.0 0
  194.843872 52.0 0
  195.042007 388527.0 766
  195.06320200000002 340.0 1
  195.069016 152.0 0
  195.08145100000002 308.0 1
  195.108841 539.0 1
  195.462952 93.258476 0
  195.52563500000002 56.0 0
  195.626373 900.0 2
  195.900543 56.0 0
  195.947418 164.0 0
  195.96528600000002 184.0 0
  196.125366 32.0 0
  196.198044 176.0 0
  197.06114200000002 316.0 1
  197.089783 176.0 0
  197.13346900000002 136.0 0
  197.179947 152.0 0
  197.259598 128.0 0
  197.34977700000002 13.00036 0
  197.94163500000002 7.342593 0
  198.03251600000002 2140.0 4
  198.054031 324.0 1
  198.098465 38.306999 0
  198.184143 54360.0 107
  198.349884 76.0 0
  198.39793400000002 44.0 0
  198.409134 156.0 0
  198.466904 136.0 0
  198.550339 88.0 0
  198.573822 152.0 0
  198.84108 212.0 0
  198.998047 184.0 0
  199.02752700000002 959.560486 2
  199.094986 160.0 0
  199.125366 216.0 0
  199.127747 128.0 0
  199.145782 856.0 2
  199.24173000000002 132.0 0
  199.273682 180.0 0
  199.27652 172.0 0
  199.776398 120.0 0
  199.83239700000001 148.0 0
  199.949417 124.0 0
  200.023315 368.0 1
  200.03881800000002 139.0 0
  200.208618 252.0 0
  200.94899 180.0 0
  200.960129 120.0 0
  201.006683 184.0 0
  201.017761 104.0 0
  201.082855 280.0 1
  201.18782000000002 44.0 0
  201.303146 120.0 0
  201.333496 100.0 0
  201.6185 192.0 0
  201.944763 156.0 0
  202.078644 4.297619 0
  202.09346000000002 132.0 0
  202.108582 312.0 1
  202.27122500000002 104.0 0
  202.45872500000002 104.0 0
  202.63826 152.0 0
  203.09925800000002 1084.0 2
  203.106445 388.0 1
  203.28315700000002 168.0 0
  203.77688600000002 200.0 0
  204.031448 132.0 0
  204.03447 120.0 0
  204.077698 74.168694 0
  204.093109 108.0 0
  204.1082 1304.0 3
  204.139145 144971.5 286
  204.14854400000002 276.0 1
  204.62413 124.0 0
  204.73967000000002 188.0 0
  204.859283 52.0 0
  204.942932 2.060049 0
  205.040887 413.0 1
  205.21713300000002 40.0 0
  205.915085 228.0 0
  206.053513 159056.0 314
  206.073395 2788.0 5
  206.109573 252.0 0
  206.12939500000002 196.0 0
  206.16673300000002 566.0 1
  206.300003 18.303949 0
  206.339783 88.0 0
  206.667282 220.0 0
  206.714401 136.0 0
  206.739487 19.53389 0
  206.900116 76.0 0
  206.97004700000002 160.0 0
  206.981491 696.0 1
  207.027603 328.0 1
  207.03161 212.0 0
  207.035614 108.0 0
  207.039566 192.0 0
  207.086563 43.009449 0
  207.092682 127176.0 251
  207.097946 196.0 0
  207.675858 124.0 0
  207.865295 140.0 0
  208.064728 180.0 0
  208.075058 1240.0 2
  208.12913500000002 9.201652 0
  208.19725 144.0 0
  208.4095 192.0 0
  208.557114 380.0 1
  208.604858 164.0 0
  208.62321500000002 64.0 0
  209.111481 128.0 0
  209.239059 48.0 0
  209.24340800000002 84.0 0
  209.29039 132.0 0
  209.429138 65.154228 0
  209.43185400000002 64.0 0
  209.55542 152.0 0
  210.02705400000002 160.0 0
  210.040909 832.0 2
  210.06173700000002 34.890739 0
  210.109634 504.0 1
  210.12812200000002 168.0 0
  210.304718 72.0 0
  210.44368 160.0 0
  210.59591700000001 136.0 0
  210.88171400000002 124.0 0
  211.077866 216.0 0
  211.10791 18.922621 0
  211.14238 111580.0 220
  211.555237 84.0 0
  211.566055 96.0 0
  211.738495 80.0 0
  211.886459 180.0 0
  211.93270900000002 180.0 0
  212.019485 276.0 1
  212.071991 608.0 1
  212.082199 308.0 1
  212.113068 110.0 0
  212.15535 9.387536 0
  212.161179 112.0 0
  212.44052100000002 88.0 0
  212.443558 116.0 0
  212.520828 116.0 0
  212.657608 156.0 0
  212.874435 88.0 0
  212.910233 100.0 0
  212.977914 104.0 0
  213.062378 43.26321 0
  213.162262 592.0 1
  213.279266 352.0 1
  213.39767500000002 132.0 0
  213.415771 132.0 0
  213.49005100000002 104.0 0
  213.788239 64.0 0
  213.79113800000002 164.0 0
  214.055405 160.0 0
  214.058929 1832.0 4
  214.159424 4576.0 9
  214.30877700000002 144.0 0
  214.528183 200.0 0
  214.76760900000002 60.0 0
  214.909256 224.0 0
  215.420609 80.0 0
  216.15625 68.0 0
  216.469482 232.0 0
  216.575256 36.0 0
  216.577606 60.0 0
  216.69279500000002 32.0 0
  216.88140900000002 57.330639 0
  216.893707 120.0 0
  216.982773 776.0 2
  217.011292 152.0 0
  217.016144 104.0 0
  217.032486 330.514313 1
  217.118515 96.0 0
  217.24276700000001 172.0 0
  217.440186 176.0 0
  217.468307 31.82436 0
  217.73976100000002 52.0 0
  217.765961 192.0 0
  217.77478000000002 58.469051 0
  217.795166 28.82803 0
  218.020035 80.0 0
  218.147385 22.00952 0
  218.377884 56.0 0
  218.82809400000002 9.29847 0
  218.94693 6986.728027 14
  219.078278 32.55875 0
  219.09642 168.0 0
  219.139587 264.0 1
  219.190896 117.0 0
  219.452271 172.0 0
  219.823486 96.0 0
  219.992615 76.0 0
  220.137756 308.159302 1
  220.35385100000002 152.0 0
  220.62716700000001 108.0 0
  220.846588 108.0 0
  220.88900800000002 12470.0 25
  221.18086200000002 132.0 0
  221.200119 156.0 0
  221.494675 140.0 0
  221.49838300000002 4.413265 0
  222.02757300000002 128.0 0
  222.127014 184.0 0
  222.15686 80.0 0
  222.353134 344.0 1
  222.41497800000002 20.023809 0
  222.50737 25.51173 0
  222.807007 108.0 0
  222.815811 168.0 0
  222.99700900000002 280.0 1
  223.342255 156.0 0
  223.36634800000002 144.0 0
  223.845505 100.0 0
  223.89956700000002 128.0 0
  224.022186 836.0 2
  224.03654500000002 144.0 0
  224.12340700000001 164.0 0
  224.17906200000002 188.0 0
  224.24142500000002 180.0 0
  224.444534 148.0 0
  224.554672 180.0 0
  225.002274 352.0 1
  225.08700000000002 1.0 0
  225.12439 83.830978 0
  225.162567 432.0 1
  225.201218 58.519562 0
  225.253128 80.0 0
  225.264725 5.37037 0
  225.616653 68.0 0
  225.62489300000001 6.349638 0
  225.854218 164.0 0
  225.860284 180.0 0
  225.87170400000002 244.0 0
  226.014816 276.0 1
  226.05839500000002 2204.0 4
  226.66185000000002 64.0 0
  226.793167 192.0 0
  226.95344500000002 200.0 0
  227.102875 360.0 1
  227.15548700000002 44.0 0
  227.178436 608.0 1
  227.639496 288.0 1
  228.10818500000002 9097.0 18
  228.147232 108.0 0
  228.16433700000002 148.0 0
  228.872421 180.0 0
  229.10051 19920.0 39
  229.11166400000002 890.0 2
  229.11644 208.0 0
  229.120789 60.85714 0
  229.42984 148.0 0
  229.58607500000002 228.0 0
  229.745361 148.0 0
  230.082626 1320.0 3
  230.23172 120.0 0
  230.427719 148.0 0
  230.450851 164.0 0
  230.508759 96.0 0
  230.888931 196.0 0
  230.897629 188.0 0
  231.063049 120.0 0
  231.077164 1136.0 2
  231.093735 17005.0 34
  231.105392 2872.0 6
  231.12574800000002 144.0 0
  231.26474000000002 164.0 0
  231.32170100000002 164.0 0
  231.398773 188.0 0
  231.47821000000002 108.0 0
  231.48654200000001 48.0 0
  231.63133200000001 136.0 0
  231.641983 220.0 0
  231.65728800000002 140.0 0
  231.81878700000001 152.0 0
  232.04882800000001 3335.0 7
  232.085281 32.0 0
  232.141931 144.0 0
  232.48263500000002 120.0 0
  233.000412 5588.0 11
  233.08796700000002 104.0 0
  233.103348 432.0 1
  233.232224 148.0 0
  233.47314500000002 216.0 0
  233.506165 88.0 0
  233.78714000000002 7.958333 0
  233.80654900000002 160.0 0
  234.059967 148.0 0
  234.102127 156.0 0
  234.135162 260.0 1
  234.14444 196.0 0
  234.164398 152.0 0
  234.746597 31.09091 0
  235.575104 152.0 0
  235.742188 156.0 0
  235.767197 116.0 0
  236.067978 196.0 0
  236.09217800000002 3196.0 6
  236.266479 80.0 0
  236.442932 76.0 0
  236.44622800000002 212.0 0
  237.038452 376.0 1
  237.069183 476.0 1
  237.106537 912.0 2
  237.120667 292.0 1
  237.12622100000002 4032.0 8
  237.177933 72.0 0
  237.24589500000002 48.0 0
  237.57908600000002 148.0 0
  237.857193 188.0 0
  237.886932 120.0 0
  237.90948500000002 68.0 0
  238.057419 168.0 0
  238.08642600000002 24588.0 48
  238.09625200000002 496.0 1
  238.347122 200.0 0
  238.48387100000002 148.0 0
  238.805237 40.0 0
  238.94151300000001 132.0 0
  239.05809000000002 836.0 2
  239.06268300000002 556.0 1
  239.1091 700.0 1
  239.335938 4.668561 0
  239.405594 168.0 0
  239.61767600000002 116.0 0
  239.997238 180.0 0
  240.055161 132.0 0
  240.772003 3.80303 0
  241.070816 356.0 1
  241.076324 8620.0 17
  241.100479 164.0 0
  241.180206 160.0 0
  241.36523400000002 52.0 0
  242.123459 164.0 0
  242.194305 3.506944 0
  242.273376 58.860031 0
  242.360352 56.0 0
  242.479309 228.0 0
  242.673065 208.0 0
  242.86346400000002 132.0 0
  243.083786 108.0 0
  243.100525 1248.0 2
  243.114395 156.0 0
  243.13916 160.0 0
  243.40858500000002 108.0 0
  243.829376 72.0 0
  244.03517200000002 352.0 1
  244.06552100000002 1672.0 3
  244.072662 13692.0 27
  244.10595700000002 11841.0 23
  244.13916 43.128281 0
  244.72631800000002 8.371913 0
  245.003204 32.083328 0
  245.064774 156.0 0
  245.080704 384.0 1
  245.11566200000001 31608.0 62
  245.268097 84.0 0
  245.318207 288.0 1
  245.377914 136.0 0
  245.873184 180.0 0
  246.089096 104.0 0
  246.094513 392.0 1
  246.12702900000002 140.0 0
  246.138428 188.0 0
  246.249405 64.0 0
  246.463089 88.0 0
  246.826004 208.0 0
  246.965302 152.0 0
  247.08145100000002 72631.0 143
  247.092285 128.0 0
  247.62887600000002 88.0 0
  247.83247400000002 32.0 0
  247.912415 188.0 0
  248.085083 40.0 0
  248.09767200000002 140.0 0
  248.119705 636.0 1
  248.193634 49.042881 0
  248.249649 196.0 0
  248.754364 156.0 0
  248.815536 156.0 0
  249.127411 192.027802 0
  249.939514 172.0 0
  250.044434 1620.0 3
  250.07482900000002 64.12458 0
  250.16609200000002 276.0 1
  250.194611 56.0 0
  250.201263 140.0 0
  250.330063 92.0 0
  250.427826 172.0 0
  250.45953400000002 128.0 0
  250.640289 196.0 0
  250.81831400000002 132.0 0
  250.84681700000002 184.0 0
  251.02787800000002 136.0 0
  251.121307 4822.0 10
  251.132629 168.0 0
  251.175354 176.0 0
  251.197617 36.0 0
  251.55735800000002 164.0 0
  252.047607 180.0 0
  252.14369200000002 200.0 0
  252.15863000000002 80.0 0
  252.415253 164.0 0
  252.99151600000002 80.0 0
  253.157272 296.0 1
  253.653717 100.0 0
  253.94485500000002 62.211559 0
  254.003296 212.0 0
  255.209869 1434.196045 3
  255.223984 160.0 0
  255.244247 104.0 0
  255.67025800000002 23.089279 0
  256.05584699999997 712.0 1
  256.11441 652.0 1
  256.195465 144.0 0
  256.478912 144.0 0
  256.878693 52.0 0
  257.12496899999996 268.0 1
  257.19683799999996 152.0 0
  258.14721699999996 156.0 0
  258.267334 184.0 0
  258.6008 120.0 0
  258.67562899999996 44.0 0
  258.691284 148.0 0
  258.704071 144.0 0
  258.787109 11.00139 0
  259.04428099999996 220.0 0
  259.143372 864.0 2
  259.393829 144.0 0
  259.39916999999997 72.0 0
  259.45233199999996 100.0 0
  259.624237 116.0 0
  260.043732 36.0 0
  260.07757599999997 314.0 1
  260.412109 44.0 0
  260.50830099999996 260.0 1
  260.573853 80.0 0
  261.01861599999995 242.0 0
  261.11055899999997 24733.0 49
  261.28414899999996 27.71875 0
  261.333527 160.0 0
  261.940704 160.0 0
  262.14385999999996 276.0 1
  262.16223099999996 148.0 0
  262.201569 124.0 0
  262.469177 96.0 0
  262.61209099999996 200.0 0
  262.64935299999996 168.0 0
  263.681152 9.019608 0
  264.11438 276.0 1
  264.14547699999997 188.0 0
  265.068268 116.0 0
  265.16720599999996 58.506721 0
  265.417419 92.0 0
  265.998474 112.0 0
  266.449768 48.0 0
  266.59432999999996 56.0 0
  266.7034 168.0 0
  266.832581 80.0 0
  266.89822399999997 68.0 0
  267.019592 180.0 0
  267.067505 160.0 0
  267.47168 88.0 0
  267.604828 12.33344 0
  268.220123 7.683333 0
  268.35488899999996 48.0 0
  268.477936 152.0 0
  269.091858 180.0 0
  269.22576899999996 172.0 0
  269.772705 156.0 0
  269.935211 84.0 0
  270.74472 136.0 0
  271.276001 15.84375 0
  271.37524399999995 112.0 0
  271.528351 116.0 0
  271.74334699999997 60.0 0
  272.02496299999996 112.0 0
  272.086212 88.0 0
  272.704956 104.0 0
  272.901001 48.0 0
  273.013696 239.0 0
  273.11019899999997 688.0 1
  273.438995 136.0 0
  273.841278 84.0 0
  274.06874999999997 404.0 1
  274.16452 84.0 0
  274.561371 100.0 0
  274.646484 92.0 0
  274.921143 3.580357 0
  275.07742299999995 304.0 1
  275.081635 1968.0 4
  275.285065 152.0 0
  275.758331 7.763889 0
  276.895447 108.0 0
  277.065857 164.0 0
  277.07074 84.455452 0
  277.120636 484.0 1
  278.05777 116.0 0
  278.318848 40.0 0
  278.621246 40.0 0
  278.74645999999996 180.0 0
  279.072876 144.0 0
  279.355682 156.0 0
  279.54367099999996 78.757347 0
  280.159454 88.063568 0
  280.75 108.0 0
  281.07901 506835.0 999
  281.49154699999997 116.0 0
  282.12771599999996 116.0 0
  282.310028 136.0 0
  282.534698 112.0 0
  282.657745 156.0 0
  282.987579 148.0 0
  283.070648 164.0 0
  283.118652 144.0 0
  283.28140299999995 2660.0 5
  284.007141 160.0 0
  284.067474 900.0 2
  284.08822599999996 768.0 2
  284.105377 248.0 0
  284.123047 120.0 0
  284.158752 148.0 0
  284.32388299999997 164.0 0
  284.455444 72.0 0
  284.865845 124.0 0
  285.000702 612.0 1
  285.050262 136.0 0
  285.074005 4.0 0
  285.138733 257.084503 1
  285.142761 356.0 1
  285.2901 196.0 0
  285.29504399999996 84.0 0
  285.71151699999996 164.0 0
  285.81311 196.0 0
  285.842468 40.726509 0
  285.85101299999997 168.0 0
  286.043793 140.0 0
  286.065796 221.291794 0
  286.171295 160.0 0
  286.33111599999995 88.0 0
  287.063873 128.0 0
  287.105194 7.168243 0
  287.12582399999997 52.0 0
  287.304535 168.0 0
  287.318604 120.0 0
  287.4104 100.0 0
  288.00427199999996 148.0 0
  288.04953 1500.0 3
  288.63268999999997 172.0 0
  289.144073 6320.0 12
  289.26876799999997 128.0 0
  290.11038199999996 268.0 1
  290.182098 196.0 0
  290.216003 116.0 0
  290.415527 128.0 0
  291.064941 21.9 0
  291.10513299999997 180.0 0
  291.20694 140.0 0
  291.28704799999997 100.0 0
  291.53006 184.0 0
  291.875 67.371681 0
  292.11004599999995 780.0 2
  292.316888 164.0 0
  292.971436 92.0 0
  293.092224 137.0 0
  293.149078 324.0 1
  293.29805899999997 208.0 0
  294.109985 36.0 0
  294.23916599999995 76.0 0
  294.73996 19.93297 0
  295.04071 84.0 0
  295.51944 44.0 0
  295.776978 16.66667 0
  295.897278 140.0 0
  296.10555999999997 120.0 0
  296.13766499999997 120.0 0
  296.148773 132.0 0
  297.14694199999997 228.0 0
  298.06478899999996 156.0 0
  298.07226599999996 152.0 0
  298.14282199999997 892.0 2
  298.221832 288.0 1
  298.90097 44.0 0
  299.048584 604.0 1
  299.057251 672.0 1
  299.163452 654.138489 1
  300.100128 8700.0 17
  300.47641 64.0 0
  301.314728 13.03811 0
  301.64205899999996 52.0 0
  301.796906 92.0 0
  301.977539 156.0 0
  302.39599599999997 148.0 0
  303.147583 184.0 0
  303.38998399999997 144.0 0
  304.196259 3388.0 7
  304.219391 22296.490234 44
  304.75958299999996 148.0 0
  304.928589 112.0 0
  305.02950999999996 104.0 0
  305.127747 148.0 0
  305.24172999999996 5.125 0
  305.737488 112.0 0
  305.789154 44.0 0
  305.830627 56.0 0
  306.131622 2244.0 4
  306.58325199999996 228.0 0
  306.908936 164.0 0
  307.093323 442628.0 872
  308.138306 88.0 0
  308.15011599999997 252.0 0
  308.211639 156.0 0
  308.257141 1860.0 4
  308.865509 128.0 0
  308.897919 148.0 0
  309.119446 144.0 0
  310.043976 1.749276 0
  310.12942499999997 38.133701 0
  310.962311 60.0 0
  311.450134 39.163792 0
  311.512024 52.0 0
  311.685272 232.0 0
  312.220337 2644.0 5
  312.62203999999997 88.0 0
  313.322327 1318.514771 3
  313.37179599999996 120.0 0
  314.024292 100.0 0
  314.16696199999996 168.0 0
  315.077026 188.0 0
  315.187317 9072.0 18
  315.695312 148.0 0
  316.165985 116.0 0
  316.50778199999996 140.0 0
  316.636536 152.0 0
  316.762726 96.0 0
  316.89559299999996 96.0 0
  317.91592399999996 108.0 0
  317.92932099999996 148.0 0
  318.108612 344.0 1
  318.41110199999997 176.0 0
  319.110162 1035.0 2
  319.937927 168.0 0
  320.32638499999996 160.0 0
  320.511505 104.0 0
  321.369751 240.0 0
  322.030396 164.0 0
  322.086792 656.0 1
  322.23690799999997 140.0 0
  322.856293 7.779762 0
  322.908173 5.640625 0
  323.07089199999996 180.0 0
  323.364777 40.14859 0
  323.73425299999997 5.013889 0
  323.950195 276.0 1
  324.777771 140.0 0
  324.844177 148.0 0
  325.211823 156.0 0
  326.12084999999996 5880.0 12
  327.04513499999996 2776.0 5
  327.11159599999996 295.0 1
  328.154205 1296.0 3
  330.06735199999997 241.0 0
  330.183502 1924.0 4
  330.363434 204.0 0
  330.48538199999996 60.0 0
  331.412018 68.0 0
  331.57586699999996 124.0 0
  332.20907 176.0 0
  332.80346699999996 160.0 0
  332.886414 216.0 0
  333.358795 176.0 0
  333.96255499999995 7788.0 15
  334.83624299999997 104.0 0
  334.872681 80.0 0
  335.37506099999996 13.49709 0
  335.581909 144.0 0
  337.109924 355.989685 1
  337.83718899999997 48.0 0
  338.81237799999997 33.450809 0
  339.02533 15.184591 0
  339.054535 144.0 0
  339.09826699999996 152.0 0
  339.222284 5930.0 12
  339.52993799999996 124.0 0
  340.057007 184.0 0
  340.281036 44.0 0
  341.24087499999996 260.0 1
  341.61459399999995 48.0 0
  342.02774 16.482 0
  342.105682 384.0 1
  342.224091 47.16914 0
  343.074975 144.0 0
  346.033569 40.0 0
  346.25854499999997 48.0 0
  346.287903 124.0 0
  346.756042 88.0 0
  346.872681 204.0 0
  348.880524 144.0 0
  349.096795 1075.0 2
  349.39113699999996 180.0 0
  350.00906399999997 140.0 0
  350.16223099999996 156.0 0
  351.63710899999995 148.0 0
  353.895966 152.0 0
  354.142456 148.0 0
  354.644409 68.0 0
  354.943268 15.33418 0
  356.134003 492.0 1
  356.707367 92.19458 0
  357.050751 152.0 0
  359.796295 184.0 0
  359.978699 60.0 0
  362.15450999999996 384.0 1
  362.407745 160.0 0
  362.567841 17.792299 0
  363.61319 104.0 0
  364.07809399999996 176.0 0
  364.358978 36.0 0
  364.410065 176.0 0
  365.13183599999996 152.0 0
  366.088806 144.0 0
  366.487848 176.0 0
  367.11123699999996 64.0 0
  367.117401 17.003679 0
  368.085205 84.0 0
  368.55010999999996 1118.0 2
  368.60083 188.0 0
  368.665985 152.0 0
  369.64102199999996 7.453703 0
  370.000641 180.0 0
  370.086029 499.844788 1
  370.90853899999996 17.02206 0
  371.249261 112.0 0
  371.598724 144.0 0
  371.70462 76.0 0
  373.374268 64.0 0
  375.111603 204.0 0
  377.865417 196.0 0
  379.63528399999996 16.683741 0
  380.24942 200.0 0
  381.08978299999995 1315.0 3
  381.977509 104.0 0
  382.950317 1972.0 4
  383.059052 20.68643 0
  383.17520099999996 164.0 0
  383.26467299999996 92.0 0
  383.270868 252.0 0
  384.123962 220.0 0
  384.75351 140.0 0
  385.60049399999997 128.0 0
  387.07458499999996 184.0 0
  388.43399 144.0 0
  388.48526 128.0 0
  391.75143399999996 92.0 0
  392.474274 56.0 0
  393.62008699999996 37.336441 0
  395.61407499999996 44.0 0
  395.637817 108.0 0
  395.975708 46.077518 0
  397.809235 40.0 0
  398.236725 852.0 2
  399.052979 80.0 0
  399.701141 84.0 0
  400.298791 192.0 0
  401.19692999999995 184.0 0
  401.847351 188.0 0
  402.395935 124.0 0
  402.606323 4.702571 0
  404.18035899999995 112.0 0
  404.289062 160.0 0
  406.121582 668.0 1
  408.50176999999996 64.0 0
  409.180145 13.08333 0
  410.572479 112.0 0
  411.993591 104.0 0
  412.169891 188.0 0
  413.217316 136.0 0
  415.733002 172.0 0
  415.855713 56.0 0
  419.994019 34.625 0
  420.846252 176.0 0
  421.270538 65518.0 129
  421.477356 228.0 0
  422.25115999999997 160.0 0
  422.602509 124.0 0
  424.206818 6492.0 13
  425.09210199999995 156.0 0
  426.935364 176.0 0
  427.059021 56.0 0
  427.071649 2888.0 6
  428.58831799999996 240.0 0
  428.595642 32.76136 0
  429.145172 136.0 0
  430.81512499999997 58.724258 0
  431.178162 36.0 0
  431.241784 704.0 1
  431.416809 108.0 0
  431.611389 8.712037 0
  432.43936199999996 88.0 0
  436.867645 36.0 0
  438.79949999999997 72.0 0
  439.604156 124.0 0
  441.215424 96.0 0
  444.297241 63.8811 0
  445.92562899999996 16.37051 0
  448.133 1.0 0
  450.43936199999996 148.0 0
  450.546631 40.0 0
  458.018982 272.0 1
  460.84655799999996 104.0 0
  464.19100299999997 204.0 0
  466.16668699999997 1.968433 0
  470.966095 192.0 0
  483.353119 957.824829 2
  489.235077 2436.0 5
  494.217194 156.0 0
  498.17279099999996 23412.0 46
  502.261932 264.915894 1
  502.63638299999997 12.008854 0
  504.689935 152.0 0
  506.39367699999997 1179.109985 2
  506.78844599999996 148.0 0
  510.140625 288.0 1
  510.609039 136.0 0
  510.94589199999996 8.353125 0
  512.232483 396.0 1
  515.234314 280.0 1
  516.2217410000001 288.674011 1
  517.787109 11.70576 0
  522.592224 144.0 0
  528.1810240000001 136.0 0
  528.729364 172.0 0
  531.2658690000001 2.825742 0
  537.235229 23391.0 46
  540.350952 66.7006 0
  544.2777100000001 152.0 0
  544.9318850000001 14670.0 29
  545.015564 1172.0 2
//
