ACCESSION: CCMSLIB00000078475
RECORD_TITLE: decoy
DATE: 2015.11.20
AUTHORS: Administrator
LICENSE: CC BY-SA
CH$NAME: decoy
CH$COMPOUND_CLASS: Natural Product
CH$FORMULA: C18H19ClN4
CH$EXACT_MASS: 326.129824288
CH$SMILES: N/A
CH$IUPAC: decoy
CH$LINK: N/A
AC$INSTRUMENT: decoy
AC$INSTRUMENT_TYPE: decoy
AC$MASS_SPECTROMETRY: MS_TYPE MS2
AC$MASS_SPECTROMETRY: ION_MODE POSITIVE
AC$MASS_SPECTROMETRY: COLLISION_ENERGY 10 V
MS$FOCUSED_ION: PRECURSOR_M/Z 327
MS$FOCUSED_ION: PRECURSOR_TYPE [M+H]+
PK$NUM_PEAK: 84
PK$PEAK: m/z int. rel.int.
  45.608341 152.0 9
  45.755684 116.0 7
  61.496441000000004 100.0 6
  61.803387 244.0 14
  72.930672 76.0 4
  75.229401 128.0 8
  75.412796 188.0 11
  77.3209 176.0 10
  79.127106 104.0 6
  81.81633799999999 148.0 9
  83.19079599999999 176.0 10
  90.92592599999999 152.0 9
  91.74383499999999 172.0 10
  96.361633 116.0 7
  98.250839 208.0 12
  98.573082 44.0 3
  101.547478 172.0 10
  104.936516 96.0 6
  106.29023 160.0 9
  107.471313 160.0 9
  111.105584 236.0 14
  116.786919 176.0 10
  117.072655 216.0 13
  117.315933 92.0 5
  119.63937399999999 164.0 10
  119.68148799999999 6.011364 0
  121.588219 148.0 9
  123.478882 132.0 8
  130.022842 180.0 11
  130.746735 212.0 13
  130.776566 124.0 7
  131.866272 52.0 3
  133.02401700000001 2860.0 169
  133.95439100000002 104.0 6
  136.00820900000002 128.0 8
  138.50967400000002 148.0 9
  140.100555 36.0 2
  140.291672 120.0 7
  145.814041 92.0 5
  149.05543500000002 1456.0 86
  153.212448 276.0 16
  153.328201 172.0 10
  154.56732200000002 192.0 11
  159.078262 144.0 8
  159.51821900000002 15.1405 1
  160.064972 216.0 13
  163.199249 19.578251 1
  167.983368 168.0 10
  168.084396 156.0 9
  173.470413 144.0 8
  174.169342 160.0 9
  175.12162800000002 44.0 3
  175.20510900000002 224.0 13
  179.073822 136.0 8
  180.218582 220.0 13
  183.38626100000002 200.0 12
  184.728601 228.0 13
  185.047616 677.0 40
  190.99400300000002 100.0 6
  191.533722 48.0 3
  196.305191 1.50142 0
  197.101456 63.199139 4
  200.860565 160.0 9
  201.301682 236.0 14
  205.097122 168.0 10
  205.454071 176.0 10
  208.396255 56.0 3
  210.06272900000002 144.0 8
  217.036133 64.0 4
  217.15219100000002 276.0 16
  220.49876400000002 76.0 4
  222.13592500000001 168.0 10
  222.99748200000002 12.514516 1
  225.255456 188.0 11
  232.077316 312.0 18
  238.800049 84.0 5
  248.10183700000002 7.391203 0
  271.40698199999997 40.0 2
  274.11724899999996 288.0 17
  292.26757799999996 204.0 12
  294.849701 188.0 11
  318.05172699999997 128.0 8
  323.405151 152.0 9
  327.136444 16936.0 999
//
