ACCESSION: CCMSLIB00000080593
RECORD_TITLE: decoy
DATE: 2015.11.20
AUTHORS: Administrator
LICENSE: CC BY-SA
CH$NAME: decoy
CH$COMPOUND_CLASS: Natural Product
CH$FORMULA: C21H23ClN4O3
CH$EXACT_MASS: 414.145868276
CH$SMILES: N/A
CH$IUPAC: decoy
CH$LINK: N/A
AC$INSTRUMENT: decoy
AC$INSTRUMENT_TYPE: decoy
AC$MASS_SPECTROMETRY: MS_TYPE MS2
AC$MASS_SPECTROMETRY: ION_MODE POSITIVE
AC$MASS_SPECTROMETRY: COLLISION_ENERGY 10 V
MS$FOCUSED_ION: PRECURSOR_M/Z 415
MS$FOCUSED_ION: PRECURSOR_TYPE [M+H]+
PK$NUM_PEAK: 1411
PK$PEAK: m/z int. rel.int.
  45.087948000000004 144.0 0
  45.403442 77.570953 0
  45.83477 64.0 0
  45.902454 152.0 0
  46.256386 156.0 0
  46.687416 272.0 0
  46.775257 160.0 0
  47.078976000000004 160.0 0
  47.302555 164.0 0
  47.615978 176.0 0
  47.679165000000005 168.0 0
  47.720154 172.0 0
  47.778488 188.0 0
  47.788586 264.0 0
  47.96241 144.0 0
  48.078083 148.0 0
  48.297195 116.0 0
  49.152267 152.0 0
  49.402771 148.0 0
  49.456108 176.0 0
  49.46405 124.0 0
  49.763870000000004 148.0 0
  49.789913 196.0 0
  50.126625000000004 188.0 0
  50.688179 28.0 0
  50.836651 136.0 0
  50.870628 208.0 0
  51.109371 192.0 0
  51.454578000000005 228.0 0
  51.468067000000005 84.0 0
  51.772175000000004 248.0 0
  52.053735 176.0 0
  52.072826 40.0 0
  52.098629 212.0 0
  52.673126 196.0 0
  53.093048 128.0 0
  53.230984 300.0 0
  53.615501 124.0 0
  53.730526000000005 180.0 0
  54.85532 144.0 0
  55.046158 72.0 0
  55.227066 180.0 0
  55.666264 228.0 0
  55.795509 192.0 0
  55.800537 184.0 0
  55.807098 248.0 0
  55.91465 168.0 0
  56.182285 120.0 0
  56.422924 224.0 0
  56.461014 232.0 0
  56.860783000000005 156.0 0
  57.458172000000005 168.0 0
  57.582283000000004 168.0 0
  58.42976 144.0 0
  58.826801 208.0 0
  58.876553 204.0 0
  59.076019 72.0 0
  59.096233 188.0 0
  59.135242 196.0 0
  59.380104 108.0 0
  59.933399 148.0 0
  59.950630000000004 188.0 0
  60.328144 172.0 0
  60.403149 160.0 0
  60.414402 184.0 0
  61.262009 260.0 0
  61.433861 144.0 0
  61.495441 204.0 0
  61.524063 112.0 0
  61.593842 60.0 0
  61.707111000000005 196.0 0
  61.787434000000005 204.0 0
  61.944973000000005 136.0 0
  62.034653 212.0 0
  62.316410000000005 148.0 0
  62.416451 144.0 0
  62.501976 184.0 0
  63.289116 144.0 0
  63.499714000000004 208.0 0
  63.933441 156.0 0
  64.084045 164.0 0
  65.358589 196.0 0
  65.556816 416.0 0
  65.62767799999999 148.0 0
  65.72983599999999 180.0 0
  65.916939 100.0 0
  65.932671 164.0 0
  66.22756199999999 224.0 0
  66.833992 164.0 0
  67.131813 168.0 0
  67.377106 232.0 0
  67.39267699999999 208.0 0
  67.593475 216.0 0
  67.82852899999999 184.0 0
  67.838448 152.0 0
  68.313965 288.0 0
  68.46149399999999 196.0 0
  68.477875 172.0 0
  68.966698 164.0 0
  69.072311 216.0 0
  69.09368099999999 68.0 0
  69.11741599999999 40.0 0
  69.226265 140.0 0
  69.432549 180.0 0
  69.849739 180.0 0
  70.32386 164.0 0
  70.764572 148.0 0
  71.374977 152.0 0
  72.100006 76.0 0
  72.20858 188.0 0
  72.57289899999999 148.0 0
  72.827675 156.0 0
  72.85657499999999 180.0 0
  72.88475799999999 168.0 0
  73.354568 60.0 0
  73.400604 164.0 0
  73.60063199999999 160.0 0
  73.912201 160.0 0
  74.03534699999999 224.0 0
  74.178474 48.0 0
  74.194954 208.0 0
  74.212852 144.0 0
  74.459198 212.0 0
  74.599998 168.0 0
  74.776855 132.0 0
  75.639313 148.0 0
  76.127327 124.0 0
  77.543167 188.0 0
  77.601456 164.0 0
  77.78214299999999 188.0 0
  77.907074 68.0 0
  78.05871599999999 224.0 0
  78.14568299999999 52.0 0
  78.28279099999999 168.0 0
  78.882042 108.0 0
  79.320343 164.0 0
  79.746269 200.0 0
  80.070015 96.0 0
  80.255432 128.0 0
  80.63636799999999 0.0 0
  81.09311699999999 144.0 0
  81.59910599999999 236.0 0
  81.862282 164.0 0
  81.90033 196.0 0
  82.04306 168.0 0
  82.137283 208.0 0
  82.150291 160.0 0
  82.437912 200.0 0
  82.707962 152.0 0
  82.740845 188.0 0
  82.90106999999999 248.0 0
  83.25920099999999 204.0 0
  83.373604 188.0 0
  83.48114799999999 124.0 0
  83.595125 80.0 0
  83.717766 200.0 0
  85.017799 84.0 0
  85.641403 120.0 0
  85.742516 124.0 0
  86.1223 132.0 0
  86.362207 160.0 0
  87.0242 232.0 0
  87.12734999999999 160.0 0
  87.286942 44.0 0
  87.478371 172.0 0
  87.90370899999999 180.0 0
  87.916084 168.0 0
  88.021019 40.0 0
  88.10632299999999 136.0 0
  88.140244 132.0 0
  88.453812 208.0 0
  89.03811599999999 172.0 0
  89.158165 56.0 0
  89.51109299999999 236.0 0
  89.949638 136.0 0
  90.01830299999999 224.0 0
  90.242004 204.0 0
  90.578949 232.0 0
  90.61569999999999 132.0 0
  90.794052 144.0 0
  91.052132 164.0 0
  91.05654899999999 192.0 0
  91.23702999999999 196.0 0
  91.376869 164.0 0
  91.802872 140.0 0
  92.323067 64.0 0
  92.42727699999999 188.0 0
  92.572845 156.0 0
  93.030037 196.0 0
  93.063881 224.0 0
  93.069206 272.0 0
  93.084778 156.0 0
  93.618263 160.0 0
  93.683228 144.0 0
  93.962761 152.0 0
  94.66847999999999 144.0 0
  95.060013 272.0 0
  95.077249 155.0 0
  95.56534599999999 204.0 0
  95.72940799999999 80.0 0
  95.805565 136.0 0
  95.97161899999999 144.0 0
  96.02484899999999 132.0 0
  96.17899299999999 28.0 0
  96.23590899999999 148.0 0
  96.257477 40.0 0
  96.43534899999999 144.0 0
  96.45337699999999 172.0 0
  96.79042799999999 124.0 0
  96.98998999999999 140.0 0
  97.08090999999999 204.0 0
  97.08931 172.0 0
  97.453728 124.0 0
  97.585236 200.0 0
  97.706604 196.0 0
  97.811066 160.0 0
  97.88095899999999 212.0 0
  98.097366 196.0 0
  98.15634899999999 128.0 0
  98.280121 168.0 0
  98.39641599999999 152.0 0
  98.405762 44.0 0
  98.41242199999999 240.0 0
  98.602341 180.0 0
  98.65866899999999 160.0 0
  98.69324499999999 196.0 0
  98.718987 208.0 0
  99.070709 84.0 0
  99.378952 116.0 0
  99.735275 152.0 0
  99.75548599999999 168.0 0
  100.381378 224.0 0
  100.417885 19.79431 0
  100.461906 172.0 0
  100.775375 80.0 0
  101.00492899999999 240.0 0
  101.06066899999999 204.0 0
  101.293724 172.0 0
  101.697639 112.0 0
  101.735489 304.0 0
  101.93697399999999 128.0 0
  102.06616199999999 9.148334 0
  102.124428 11.82353 0
  102.152864 164.0 0
  102.24887799999999 188.0 0
  102.489273 164.0 0
  102.84285 156.0 0
  103.054108 5394.345215 4
  103.05734299999999 148.0 0
  103.06513199999999 160.0 0
  103.09621399999999 40.0 0
  103.54017599999999 172.0 0
  103.748741 156.0 0
  104.05210899999999 1.666667 0
  104.083755 136.0 0
  104.504272 39.96294 0
  104.776733 176.0 0
  104.80418399999999 216.0 0
  104.90119899999999 120.0 0
  104.929802 224.0 0
  105.06888599999999 99.802132 0
  105.09228499999999 124.0 0
  105.137383 168.0 0
  105.168205 168.0 0
  105.19189499999999 40.0 0
  105.523102 276.0 0
  105.57298999999999 132.0 0
  105.60288999999999 76.0 0
  105.81985499999999 192.0 0
  105.839951 172.0 0
  106.024689 176.0 0
  106.038467 360.0 0
  106.11058799999999 19.890739 0
  106.120865 132.0 0
  106.261879 76.0 0
  106.39169299999999 180.0 0
  106.39900999999999 164.0 0
  106.51991299999999 11.36232 0
  106.527023 144.0 0
  106.58893599999999 44.0 0
  106.642731 172.0 0
  106.937477 172.0 0
  107.049286 1536.05603 1
  107.084328 1232.0 1
  107.43730199999999 256.0 0
  107.48342099999999 52.0 0
  107.55615999999999 116.0 0
  107.564667 100.0 0
  107.570297 128.0 0
  107.67742199999999 176.0 0
  107.75 220.0 0
  107.76154299999999 12.0 0
  107.80579399999999 288.0 0
  107.836998 156.0 0
  107.839638 124.0 0
  107.88036299999999 116.0 0
  107.935059 172.0 0
  108.05470299999999 172.0 0
  108.068535 64.552292 0
  108.282288 236.0 0
  108.75846899999999 156.0 0
  108.76746399999999 208.0 0
  108.81017299999999 132.0 0
  108.838303 64.0 0
  108.93491399999999 156.0 0
  108.98153699999999 32.0 0
  109.011124 288.0 0
  109.02696999999999 100.0 0
  109.038704 73.547897 0
  109.060616 172.0 0
  109.16455099999999 148.0 0
  109.17324099999999 80.0 0
  109.47831 180.0 0
  109.503654 128.0 0
  109.59381099999999 100.0 0
  110.035271 352.0 0
  110.067841 160.0 0
  110.088989 136.0 0
  110.12050599999999 12.05357 0
  110.126465 132.0 0
  110.247643 164.0 0
  110.291443 80.0 0
  110.339355 180.0 0
  110.678871 144.0 0
  110.831322 148.0 0
  110.952095 176.0 0
  110.980392 176.0 0
  111.001419 23.778351 0
  111.07367699999999 140.0 0
  111.143616 124.0 0
  111.15090199999999 180.0 0
  111.500084 192.0 0
  111.54351799999999 136.0 0
  111.798485 112.0 0
  111.966286 176.0 0
  112.04201499999999 164.0 0
  112.179642 120.0 0
  112.21567499999999 172.0 0
  112.29594399999999 88.0 0
  112.30064399999999 152.0 0
  112.585793 152.0 0
  112.726486 148.0 0
  112.792351 120.0 0
  113.10840599999999 200.0 0
  113.28697199999999 148.0 0
  113.321625 164.0 0
  113.455658 100.0 0
  113.522903 144.0 0
  113.576797 152.0 0
  113.953262 180.0 0
  113.962685 160.0 0
  114.07556899999999 192.0 0
  114.08951599999999 128.0 0
  114.11837 228.0 0
  114.152245 112.0 0
  114.18663799999999 172.0 0
  114.302139 172.0 0
  114.394684 168.0 0
  114.615494 256.0 0
  114.75593599999999 164.0 0
  114.90785199999999 136.0 0
  114.96876499999999 164.0 0
  114.982536 152.0 0
  115.007103 108.0 0
  115.054863 228.0 0
  115.082504 327.648499 0
  115.10108899999999 200.0 0
  115.169067 52.0 0
  115.22011599999999 140.0 0
  115.277695 208.0 0
  115.36232 212.0 0
  115.368202 19.464939 0
  115.394836 168.0 0
  115.58358 240.0 0
  115.83919499999999 10.262 0
  115.89207499999999 148.0 0
  115.900757 144.0 0
  115.94867699999999 176.0 0
  116.03693399999999 168.0 0
  116.06324799999999 136.375 0
  116.07088499999999 1424.0 1
  116.116676 121.653702 0
  116.14443999999999 48.0 0
  116.158188 120.0 0
  116.224716 160.0 0
  116.233391 56.0 0
  116.27780899999999 144.0 0
  116.40656999999999 144.0 0
  116.77207899999999 100.0 0
  116.775177 208.0 0
  117.119209 27.94809 0
  117.13999899999999 64.0 0
  117.15656299999999 132.0 0
  117.159233 5.357143 0
  117.22263299999999 232.0 0
  117.422585 104.0 0
  117.87495399999999 136.0 0
  117.94124599999999 108.0 0
  118.00656099999999 212.0 0
  118.02922099999999 332.0 0
  118.06514 403.970795 0
  118.17064699999999 16.14826 0
  118.21605699999999 21.058729 0
  118.45324699999999 128.0 0
  118.703682 124.0 0
  118.923988 148.0 0
  118.957611 216.0 0
  119.08358799999999 2006.0 1
  119.245773 196.0 0
  119.77439899999999 196.0 0
  119.97241199999999 140.0 0
  120.05957 260.0 0
  120.08107799999999 3172.0 2
  120.195847 36.0 0
  120.31638299999999 60.0 0
  120.463585 156.0 0
  120.579453 220.0 0
  120.622574 188.0 0
  120.753571 152.0 0
  121.052628 224.0 0
  121.06034899999999 49066.0 35
  121.06304899999999 678.0 0
  121.101631 312.0 0
  121.12821199999999 12.0672 0
  121.556564 128.0 0
  121.87541999999999 220.0 0
  121.89620199999999 216.0 0
  121.979401 112.0 0
  122.074753 116.0 0
  122.107841 124.0 0
  122.188042 220.0 0
  122.726479 124.0 0
  122.934395 196.0 0
  122.94854 244.0 0
  123.011681 172.0 0
  123.080727 480.0 0
  124.11492899999999 164.0 0
  124.26059 60.0 0
  124.458282 240.0 0
  124.512299 148.0 0
  124.528244 84.0 0
  124.63752 144.0 0
  124.973152 76.0 0
  125.02136999999999 108.0 0
  125.024788 180.0 0
  125.036453 284.0 0
  125.050919 216.0 0
  125.174217 28.775511 0
  125.415779 74.322708 0
  125.937325 120.0 0
  126.015884 144.0 0
  126.098709 160.0 0
  126.33318299999999 152.0 0
  126.471764 148.0 0
  126.47711899999999 164.0 0
  126.630157 128.0 0
  126.96108199999999 100.0 0
  127.025452 192.0 0
  127.028824 136.0 0
  127.03582 511.0 0
  127.044174 156.0 0
  127.082939 14.6301 0
  127.124313 136.0 0
  127.142105 268.0 0
  127.159836 17.03026 0
  127.29324299999999 128.0 0
  127.829849 140.0 0
  128.00209 148.0 0
  128.058685 852.0 1
  128.062088 1484.0 1
  128.123932 124.0 0
  128.244308 200.0 0
  128.44610600000001 160.0 0
  128.947845 72.149391 0
  129.110138 144.0 0
  129.11853000000002 1172.0 1
  129.128152 192.0 0
  129.224014 116.0 0
  129.453934 112.0 0
  129.67416400000002 208.0 0
  129.678177 39.32703 0
  129.948883 132.0 0
  129.96305800000002 164.0 0
  130.0 5.457681 0
  130.015961 208.0 0
  130.13308700000002 60.0 0
  130.450546 39.311329 0
  130.648041 152.0 0
  130.70816000000002 140.0 0
  130.746338 68.0 0
  130.91467300000002 164.0 0
  131.042282 396.0 0
  131.06398000000002 135.770096 0
  131.16841100000002 116.0 0
  131.19184900000002 40.0 0
  131.79863 200.0 0
  131.837524 168.0 0
  131.965088 116.0 0
  132.045059 5032.0 4
  132.05200200000002 2549.0 2
  132.21099900000002 124.0 0
  132.36007700000002 48.0 0
  132.65399200000002 124.0 0
  132.68592800000002 120.0 0
  132.699844 224.0 0
  132.979858 76.0 0
  132.998566 140.0 0
  133.02581800000002 128.0 0
  133.043823 152.0 0
  133.124207 40.0 0
  133.172302 136.0 0
  133.268784 88.0 0
  133.37913500000002 156.0 0
  133.621811 148.0 0
  133.647018 17.67816 0
  133.67700200000002 112.0 0
  133.77040100000002 132.0 0
  133.95929 92.0 0
  134.031494 196.0 0
  134.050568 176.0 0
  134.067566 262.0 0
  134.09802200000001 116.0 0
  134.110657 156.0 0
  134.173462 164.0 0
  134.336304 40.0 0
  134.556046 32.0 0
  134.74456800000002 176.0 0
  134.884613 168.0 0
  135.07582100000002 180.0 0
  135.12445100000002 152.0 0
  135.205811 188.0 0
  135.36116 148.0 0
  135.452774 176.0 0
  135.611603 48.0 0
  135.69281 144.0 0
  135.758224 200.0 0
  136.541763 152.0 0
  136.745667 144.0 0
  136.879471 116.0 0
  137.05896 656.0 0
  137.083664 200.0 0
  137.117615 188.0 0
  137.150955 56.0 0
  137.436234 188.0 0
  137.825958 216.0 0
  137.845795 124.0 0
  137.88085900000002 124.0 0
  137.884003 32.0 0
  137.983154 332.0 0
  137.989807 160.0 0
  137.998749 412.0 0
  138.156967 32.0 0
  138.207962 220.0 0
  138.28865100000002 144.0 0
  138.668915 88.0 0
  138.731781 200.0 0
  138.941956 208.0 0
  138.966095 148.0 0
  139.028748 216.0 0
  139.068756 1904.0 1
  139.071732 160.0 0
  139.152481 204.0 0
  139.27508500000002 136.0 0
  139.296143 200.0 0
  139.366501 160.0 0
  139.398041 168.0 0
  139.40210000000002 144.0 0
  139.525497 204.0 0
  139.559738 76.0 0
  139.58273300000002 208.0 0
  139.589966 176.0 0
  139.871307 32.0 0
  139.979095 328.0 0
  140.654297 172.0 0
  140.714401 224.0 0
  140.950943 100.0 0
  140.96611000000001 172.0 0
  141.053528 176.0 0
  141.062119 192.0 0
  141.07092300000002 128.0 0
  141.12442000000001 176.0 0
  141.145218 148.0 0
  141.9785 228.0 0
  142.04852300000002 168.0 0
  142.07328800000002 228.0 0
  142.120316 168.0 0
  142.14901700000001 120.0 0
  142.359848 144.0 0
  142.40205400000002 60.0 0
  142.60716200000002 132.0 0
  142.737686 4.336309 0
  142.904022 144.0 0
  142.998871 456.0 0
  143.177444 204.0 0
  143.383911 36.0 0
  143.57302900000002 136.0 0
  143.937927 200.0 0
  143.969009 220.0 0
  144.051575 580.0 0
  144.056488 312.0 0
  144.12411500000002 160.0 0
  144.13287400000002 152.0 0
  144.251755 36.0 0
  144.35162400000002 144.0 0
  144.443429 184.0 0
  144.885498 188.0 0
  144.99551400000001 164.0 0
  145.024246 4676.0 3
  145.028763 1064.0 1
  145.086761 216.0 0
  145.17240900000002 2.375 0
  145.31366 220.0 0
  145.429352 140.0 0
  145.47442600000002 196.0 0
  145.48786900000002 148.0 0
  145.49511700000002 9.7 0
  145.509689 192.0 0
  145.65316800000002 56.0 0
  145.81968700000002 15.2272 0
  146.025909 513.0 0
  146.027985 268.0 0
  146.08148200000002 139.453598 0
  146.35401900000002 160.0 0
  146.414902 52.0 0
  146.45953400000002 36.0 0
  146.481964 192.0 0
  146.491791 176.0 0
  146.50259400000002 32.0 0
  146.760132 204.0 0
  146.896805 64.0 0
  146.913528 136.0 0
  146.942688 84.0 0
  146.981522 116.0 0
  147.028625 160.0 0
  147.071503 216.0 0
  147.09106400000002 2620.0 2
  147.123971 120.0 0
  147.13298 36.0 0
  147.38050800000002 48.0 0
  147.70387300000002 7.347222 0
  147.779861 160.0 0
  147.796814 4.694444 0
  147.80685400000002 168.0 0
  147.886505 156.0 0
  148.12384 168.0 0
  148.340515 196.0 0
  148.534195 84.0 0
  148.659134 208.0 0
  148.991547 176.0 0
  149.067291 136.0 0
  149.070618 168.0 0
  149.159409 180.0 0
  149.65664700000002 136.0 0
  150.01937900000001 195.0 0
  150.030991 440.0 0
  150.076477 2152.0 2
  150.157532 172.0 0
  150.516647 188.0 0
  150.611588 148.0 0
  150.645462 192.0 0
  150.673492 200.0 0
  150.927887 48.0 0
  150.953079 204.0 0
  151.00598100000002 144.0 0
  151.043167 252.0 0
  151.052612 872.0 1
  151.09913600000002 188.0 0
  151.16720600000002 152.0 0
  151.346268 76.0 0
  151.82968100000002 180.0 0
  151.940338 176.0 0
  151.96554600000002 192.0 0
  152.057037 214.0 0
  152.241318 64.0 0
  152.272781 116.0 0
  152.346268 80.0 0
  152.579971 208.0 0
  152.762085 120.0 0
  153.04414400000002 340.0 0
  153.222183 120.0 0
  153.230286 84.0 0
  153.264633 22.91667 0
  153.314926 132.0 0
  153.363266 148.0 0
  153.475235 180.0 0
  153.527161 2.240741 0
  153.82582100000002 116.0 0
  153.889282 152.0 0
  154.026321 148.0 0
  154.048187 172.0 0
  154.07811 236.0 0
  154.086609 3062.091064 2
  154.127396 212.0 0
  154.148041 112.0 0
  154.271454 148.0 0
  154.27499400000002 24.66256 0
  154.59989900000002 84.0 0
  154.91777000000002 196.0 0
  155.068536 400.0 0
  155.07380700000002 164.0 0
  155.125046 164.0 0
  155.72520400000002 220.0 0
  155.817764 196.0 0
  155.988632 184.0 0
  156.010086 308.0 0
  156.131561 7.573412 0
  156.147308 176.0 0
  156.317352 168.0 0
  156.472214 148.0 0
  156.690109 4.113636 0
  157.02555800000002 933.0 1
  157.04234300000002 160.0 0
  157.22403 40.0 0
  157.318497 68.0 0
  157.38128700000001 44.124378 0
  157.476181 944.0 1
  157.543015 44.0 0
  157.616745 192.0 0
  157.775314 5.125 0
  157.790131 72.0 0
  158.02124 12.91785 0
  158.060104 476.0 0
  158.071503 152.0 0
  158.115417 152.0 0
  158.45262100000002 15.12096 0
  158.48722800000002 64.0 0
  158.521271 164.0 0
  158.67631500000002 100.0 0
  158.729935 152.0 0
  159.029861 236285.0 171
  159.116058 1020.0 1
  159.175995 228.0 0
  159.433472 16.54722 0
  159.564224 200.0 0
  159.722061 8.333333 0
  159.800217 68.0 0
  160.037308 124.0 0
  160.052322 184.0 0
  160.075897 444.0 0
  160.080704 364.0 0
  160.112885 224.0 0
  160.155975 112.0 0
  160.662048 68.0 0
  161.016953 216.0 0
  161.03627 172.0 0
  161.052713 152.0 0
  161.09526100000002 95.48288 0
  161.127106 128.0 0
  161.262924 156.0 0
  161.286789 172.0 0
  161.423111 56.0 0
  161.60969500000002 56.0 0
  161.626938 200.0 0
  162.027344 292.0 0
  162.138077 156.0 0
  162.141144 160.0 0
  162.174149 372.0 0
  162.560791 264.0 0
  163.029709 493.0 0
  163.043076 196.0 0
  163.112671 232.0 0
  163.119141 72.0 0
  163.174927 160.0 0
  163.752869 34.880032 0
  163.766861 180.0 0
  163.93356300000002 80.0 0
  164.027328 267.0 0
  164.061111 60.0 0
  164.068115 164.0 0
  164.070816 31.948099 0
  164.096313 136.0 0
  164.259903 96.0 0
  164.509644 40.260422 0
  165.015289 128.0 0
  165.1138 18.65661 0
  165.537262 220.0 0
  165.744598 32.0 0
  165.804459 152.0 0
  166.020599 76.0 0
  166.054642 148.0 0
  166.085464 24392.0 18
  166.13627 192.0 0
  166.24035600000002 50.856178 0
  166.450836 132.0 0
  166.607178 60.0 0
  167.05294800000001 110.0 0
  167.074326 172.0 0
  167.13214100000002 160.0 0
  167.543183 136.0 0
  168.06796300000002 464.0 0
  168.10434 124.0 0
  168.336975 156.0 0
  168.40420500000002 164.0 0
  168.468475 168.0 0
  168.523849 168.0 0
  168.81218 4.44079 0
  168.93454 152.0 0
  169.102631 180.0 0
  169.498077 180.0 0
  169.5625 180.0 0
  169.597961 216.0 0
  169.672562 176.0 0
  169.78418000000002 204.0 0
  169.84462000000002 148.0 0
  170.05744900000002 312.0 0
  170.070206 1496.0 1
  170.10524 176.0 0
  170.285507 140.0 0
  170.315674 208.0 0
  170.346924 96.0 0
  170.704803 60.0 0
  170.718399 96.0 0
  170.791534 152.0 0
  170.824478 168.0 0
  170.919983 96.0 0
  170.953735 43.978642 0
  171.036682 144.0 0
  171.10273700000002 160.440598 0
  171.151596 92.0 0
  171.562241 116.0 0
  171.648346 124.0 0
  171.872131 136.0 0
  172.013 11798.0 9
  172.065659 300.0 0
  172.072067 120.0 0
  172.12655600000002 388.0 0
  172.368469 180.0 0
  172.399902 144.0 0
  172.44447300000002 80.0 0
  173.01857 792.0 1
  173.070099 24434.0 18
  173.09530600000002 10484.0 8
  173.54624900000002 16.0875 0
  173.79388400000002 112.0 0
  173.84754900000001 172.0 0
  174.067551 1320.0 1
  174.078934 144.0 0
  174.086136 75054.0 54
  174.089828 424.0 0
  174.112885 2536.0 2
  174.76585400000002 220.0 0
  175.00058 176.0 0
  175.010391 180.0 0
  175.01774600000002 296.0 0
  175.035416 88.0 0
  175.14537 142.1698 0
  175.279068 200.0 0
  175.559921 224.0 0
  175.69743300000002 60.0 0
  175.816574 180.0 0
  176.063004 180.0 0
  176.09277300000002 457.085785 0
  176.097656 272.0 0
  176.267639 112.0 0
  176.284332 80.0 0
  176.30117800000002 60.0 0
  176.575256 25.083481 0
  176.78479000000002 172.0 0
  176.810577 156.0 0
  176.83041400000002 52.0 0
  176.879196 160.0 0
  177.074173 212.0 0
  178.013763 200.0 0
  178.041504 4056.0 3
  178.077255 4708.0 3
  178.089417 6682.0 5
  178.166321 140.0 0
  178.49426300000002 172.0 0
  178.746338 104.0 0
  178.760422 72.0 0
  178.98323100000002 84.0 0
  179.89325 132.0 0
  179.97335800000002 156.0 0
  179.98379500000001 248.0 0
  180.06848100000002 252.0 0
  180.111435 192.0 0
  180.281982 84.0 0
  180.873535 240.0 0
  180.94580100000002 264.0 0
  181.357788 120.0 0
  181.598129 196.0 0
  181.64606600000002 184.0 0
  181.955307 36.0 0
  182.108002 224.0 0
  182.32470700000002 2.191468 0
  182.755219 156.0 0
  183.066101 168.0 0
  183.146194 204.0 0
  183.413971 212.0 0
  183.469568 244.0 0
  183.650497 116.0 0
  183.994156 148.0 0
  184.04747 160.0 0
  184.06611600000002 636.0 0
  184.554413 200.0 0
  184.598221 7.653823 0
  184.85806300000002 188.0 0
  185.00089400000002 2125.0 2
  185.04122900000002 176.0 0
  185.047592 1032.0 1
  186.074219 408.0 0
  186.112747 148.0 0
  186.122421 208.0 0
  186.453476 76.0 0
  186.563187 180.0 0
  186.957184 148.0 0
  186.973938 224.0 0
  187.03855900000002 1032.0 1
  187.06633000000002 108.0 0
  187.205139 88.0 0
  187.839722 40.0 0
  188.112122 708.0 1
  188.264893 136.0 0
  188.53453100000002 144.0 0
  188.96434000000002 168.0 0
  189.166718 148.0 0
  189.427933 212.0 0
  189.585373 176.0 0
  189.66514600000002 180.0 0
  189.873032 112.0 0
  189.971436 2220.0 2
  189.992386 124.0 0
  190.060379 896.0 1
  190.069733 1184.0 1
  190.126328 61.70826 0
  190.665939 108.0 0
  190.919174 128.0 0
  190.97314500000002 272.0 0
  191.075104 244.0 0
  191.098236 180.0 0
  191.34222400000002 124.0 0
  191.481705 52.0 0
  191.859741 84.0 0
  192.080322 196.0 0
  192.098114 256.0 0
  192.12544300000002 180.0 0
  192.196503 156.0 0
  192.259521 184.0 0
  193.02939700000002 240.0 0
  193.05084200000002 112.0 0
  193.076996 540.0 0
  193.256119 80.0 0
  193.30247500000002 72.0 0
  193.382172 72.0 0
  193.389938 48.0 0
  193.483505 288.0 0
  193.7901 140.0 0
  193.838882 64.0 0
  193.861847 240.0 0
  194.096161 136.0 0
  194.176758 60.0 0
  194.223175 88.0 0
  194.599106 136.0 0
  194.623795 56.0 0
  194.770599 196.0 0
  195.019058 7328.0 5
  195.08422900000002 46.093788 0
  196.09007300000002 344.0 0
  196.239594 84.0 0
  196.313812 212.0 0
  196.714966 72.0 0
  197.084885 180.0 0
  197.132217 143.984604 0
  197.244232 56.0 0
  197.33888000000002 307.0 0
  197.840744 112.0 0
  198.07960500000002 3679.0 3
  198.118805 216.0 0
  198.125458 148.0 0
  198.320267 92.0 0
  198.40600600000002 204.0 0
  198.423538 144.0 0
  199.04942300000002 557.0 0
  199.093735 424.0 0
  199.356491 148.0 0
  199.46142600000002 22.314569 0
  199.507645 72.0 0
  199.807434 204.0 0
  199.920868 116.0 0
  200.434326 12.60093 0
  200.650955 132.0 0
  201.051666 1121.0 1
  201.05732700000002 176.0 0
  201.097427 140.0 0
  201.433731 172.0 0
  201.685745 72.0 0
  201.694962 200.0 0
  202.05801400000001 192.0 0
  202.062012 172.0 0
  202.123108 180.0 0
  202.995865 192.0 0
  203.101044 40.0 0
  203.144836 896.0 1
  203.485184 76.0 0
  203.905396 144.0 0
  204.06547500000002 8016.0 6
  204.300409 112.0 0
  204.577438 168.0 0
  205.077737 156.0 0
  205.106628 52.0 0
  205.39006 148.0 0
  205.52323900000002 52.0 0
  205.623917 48.0 0
  205.868561 120.0 0
  206.022644 212.0 0
  206.053665 568.0 0
  206.480896 96.0 0
  206.59852600000002 37.00771 0
  206.626785 176.0 0
  206.919037 144.0 0
  207.18884300000002 152.0 0
  207.98867800000002 140.0 0
  208.054291 35.027779 0
  208.093277 148.0 0
  208.477829 4.5375 0
  208.51293900000002 188.0 0
  208.63261400000002 7.816667 0
  208.676819 184.0 0
  209.094437 148.0 0
  209.41999800000002 156.0 0
  209.59741200000002 144.0 0
  210.039871 52.0 0
  210.43544 116.0 0
  210.656708 37.92754 0
  211.109055 2868.0 2
  211.221191 164.0 0
  211.62338300000002 116.0 0
  211.82501200000002 204.0 0
  212.021683 212.0 0
  212.242554 64.0 0
  213.09376500000002 77.846977 0
  213.35701 180.0 0
  214.040512 156.0 0
  214.669159 92.0 0
  215.06869500000002 160.0 0
  215.133743 48.0 0
  215.468155 116.0 0
  216.08084100000002 480.328796 0
  216.451263 136.0 0
  216.916748 88.0 0
  217.081131 276.0 0
  217.199203 224.0 0
  217.33873 160.0 0
  217.771881 72.0 0
  217.829315 152.0 0
  218.10401900000002 176.0 0
  218.237579 40.0 0
  219.076859 600.0 0
  219.094635 740.0 1
  219.415955 164.0 0
  219.51907300000002 180.0 0
  219.733215 152.0 0
  220.797348 4.667593 0
  221.090561 140.0 0
  221.198318 108.0 0
  222.080917 86063.0 62
  222.238785 148.0 0
  222.52658100000002 124.0 0
  222.68879700000002 216.0 0
  223.33763100000002 40.0 0
  224.15484600000002 100.0 0
  224.37796 9.476191 0
  224.39389 192.0 0
  224.45472700000002 188.0 0
  224.661453 108.0 0
  224.841431 68.0 0
  224.91253700000001 100.0 0
  224.977463 48.0 0
  224.99589500000002 144.0 0
  225.339417 144.0 0
  225.342484 56.0 0
  225.873962 148.0 0
  226.083328 162.313995 0
  226.118973 232.0 0
  226.138498 156.0 0
  226.30043 228.0 0
  227.09697 208.0 0
  227.143204 212.0 0
  227.217667 44.0 0
  228.322968 144.0 0
  228.596024 60.0 0
  228.64007600000002 52.0 0
  228.692719 94.866608 0
  229.094055 688.0 0
  229.15329 2333.718018 2
  229.428055 212.0 0
  229.698853 4.034091 0
  230.263824 160.0 0
  230.42828400000002 64.0 0
  230.848129 388.0 0
  231.069763 144.0 0
  231.13703900000002 172.0 0
  231.830536 52.0 0
  232.052185 168.0 0
  232.06734600000001 269.0 0
  232.290796 160.0 0
  233.033401 196.0 0
  233.054779 172.0 0
  233.07470700000002 25482.0 18
  233.250809 232.0 0
  233.373489 228.0 0
  233.529984 144.0 0
  233.66618300000002 108.0 0
  234.269363 136.0 0
  234.473373 96.0 0
  234.830948 104.0 0
  235.01881400000002 204.0 0
  235.050003 25398.0 18
  235.06955000000002 688.0 0
  235.138971 336.0 0
  235.263168 144.0 0
  235.785614 184.0 0
  235.837402 72.0 0
  236.117569 268.0 0
  236.68306 228.0 0
  236.973923 148.0 0
  237.12738000000002 1552.0 1
  237.341171 164.0 0
  237.354446 224.0 0
  237.978363 96.0 0
  239.118423 36.42857 0
  239.164398 244.0 0
  239.17601000000002 96.0 0
  239.666473 200.0 0
  239.71545400000002 148.0 0
  240.1035 148.0 0
  241.567474 44.0 0
  241.81788600000002 272.0 0
  242.086975 240.0 0
  242.447678 88.0 0
  242.838455 108.0 0
  243.01026900000002 144.0 0
  243.051331 132.0 0
  243.058105 379.256195 0
  243.126587 212.0 0
  243.41618300000002 140.0 0
  243.521271 48.0 0
  243.96632400000001 172.0 0
  244.380585 36.0 0
  244.461456 160.0 0
  244.511841 72.0 0
  244.692498 156.0 0
  244.77813700000002 80.0 0
  245.107727 196.0 0
  245.116547 224.0 0
  246.086761 2540.0 2
  246.09947200000002 228.0 0
  246.167169 276.0 0
  246.195984 62.47707 0
  246.465897 44.0 0
  247.103241 176.0 0
  247.110474 591.276611 0
  247.67643700000002 88.0 0
  248.039001 1381450.0 999
  248.07959 280.0 0
  248.149933 156.0 0
  248.524857 96.0 0
  248.852203 48.0 0
  249.14357 96.0 0
  249.478241 200.0 0
  250.06616200000002 128660.0 93
  250.082581 100.0 0
  250.142151 60.0 0
  250.194611 56.0 0
  250.208344 132.0 0
  250.30470300000002 160.0 0
  250.607629 152.0 0
  250.838287 124.0 0
  251.098657 156.0 0
  251.34433 136.0 0
  251.44760100000002 144.0 0
  251.894791 132.0 0
  252.15875200000002 232.0 0
  253.085449 13.65042 0
  253.15927100000002 936.0 1
  254.194138 124.0 0
  254.199768 152.0 0
  254.39917 52.0 0
  254.927719 32.0 0
  255.10290500000002 18.91848 0
  255.12806700000002 216.0 0
  255.138702 68.0 0
  255.76326 44.0 0
  256.764587 152.0 0
  256.903046 160.0 0
  256.97525 108.0 0
  257.01895099999996 92.0 0
  257.050385 388.0 0
  257.2435 176.0 0
  257.888428 628.0 0
  258.087952 112.209602 0
  258.671539 184.0 0
  259.057556 128.0 0
  259.079254 10628.0 8
  259.14797999999996 220.0 0
  260.90631099999996 150.743103 0
  260.971252 368.0 0
  261.03524799999997 108.0 0
  261.07705699999997 116.0 0
  261.69467199999997 128.0 0
  262.01843299999996 240.0 0
  263.01354999999995 128.0 0
  263.084076 40.75148 0
  263.109406 132.0 0
  263.11886599999997 148.0 0
  263.470062 120.0 0
  264.12972399999995 120.0 0
  265.09817499999997 352.0 0
  265.82309 17.613331 0
  265.860748 140.0 0
  266.056244 444.0 0
  266.16293299999995 580.0 0
  266.228455 152.0 0
  266.707672 164.0 0
  266.98547399999995 64.0 0
  267.076935 144.0 0
  267.530731 200.0 0
  267.86496 100.0 0
  267.90389999999996 112.0 0
  268.131775 220.0 0
  268.144501 123.532303 0
  268.527924 155.193695 0
  268.795868 6.366936 0
  269.13021899999995 172.0 0
  270.01748699999996 212.0 0
  270.37747199999995 132.0 0
  270.675934 132.0 0
  271.695251 152.0 0
  271.772003 136.0 0
  271.82653799999997 6.121212 0
  271.93035899999995 148.0 0
  272.22601299999997 96.0 0
  272.87793 16.471149 0
  273.124756 144.012405 0
  273.167236 280.0 0
  273.246399 80.0 0
  273.29040499999996 136.0 0
  276.384033 794.0 1
  277.245056 9.406061 0
  278.040253 1584.0 1
  278.321625 10.33578 0
  278.40228299999995 96.0 0
  278.96759 252.0 0
  279.563049 220.0 0
  280.139526 212.0 0
  280.609283 216.0 0
  280.972992 224.0 0
  281.07440199999996 188.0 0
  281.144836 176.0 0
  281.358429 156.0 0
  281.993378 160.0 0
  283.571594 2.0 0
  284.066101 4156.0 3
  284.30719 80.0 0
  285.072296 164.0 0
  285.128632 164.0 0
  285.13879399999996 21.881519 0
  285.14617899999996 1227.0 1
  285.176758 120.0 0
  286.06857299999996 292.0 0
  286.375458 36.0 0
  286.891815 96.0 0
  288.63638299999997 0.012471 0
  288.998535 44.0 0
  289.11071799999996 348.0 0
  289.13356899999997 184.0 0
  289.17794799999996 244.0 0
  289.891907 64.0 0
  290.17211299999997 364.0 0
  290.18420399999997 148.0 0
  290.598755 228.0 0
  291.106445 112.0 0
  292.138428 792.0 1
  292.580811 112.0 0
  293.13381999999996 168.0 0
  293.715607 152.0 0
  294.550781 136.0 0
  295.056274 228.0 0
  295.14086899999995 156.0 0
  295.72326699999996 188.0 0
  295.85617099999996 48.0 0
  296.31127899999996 44.0 0
  296.483856 84.0 0
  297.19879199999997 184.0 0
  297.990295 232.0 0
  298.17348599999997 120.0 0
  298.314911 36.0 0
  298.94760099999996 184.0 0
  299.118744 144.0 0
  299.77728299999995 96.0 0
  299.972351 128.0 0
  299.98599199999995 180.0 0
  300.086395 48.0 0
  300.794647 140.0 0
  300.968567 132.0 0
  301.119446 156.0 0
  301.141571 244.0 0
  301.15835599999997 539.927979 0
  302.489624 196.0 0
  303.17080699999997 121.0 0
  303.937249 152.0 0
  304.265015 72.0 0
  304.487915 100.0 0
  304.498627 14.38043 0
  305.09646599999996 180.0 0
  305.73168899999996 136.0 0
  307.09698499999996 140.0 0
  307.993744 164.0 0
  308.08718899999997 172.0 0
  308.20791599999995 132.0 0
  308.8255 104.0 0
  308.908051 4.472222 0
  308.95858799999996 124.0 0
  309.13690199999996 132.0 0
  310.065002 356003.0 257
  310.419586 164.0 0
  311.002973 307.0 0
  311.090942 252.0 0
  311.493042 7.854167 0
  311.741333 72.0 0
  312.079956 176.0 0
  313.14766799999995 160.0 0
  314.411774 140.0 0
  315.37118499999997 140.0 0
  317.468933 168.0 0
  317.853326 112.0 0
  318.0961 124.0 0
  318.10522499999996 356.0 0
  318.524811 104.0 0
  318.99881 128.0 0
  320.149079 120.0 0
  320.266571 164.0 0
  320.82714799999997 12.50169 0
  324.311035 40.0 0
  325.105783 215.0 0
  325.441132 124.0 0
  325.810089 48.0 0
  326.559937 192.0 0
  327.36749299999997 168.0 0
  327.402313 34.406631 0
  328.068756 168.0 0
  328.092499 104.0 0
  328.121155 160.0 0
  329.71984899999995 168.0 0
  330.08844 180.0 0
  330.460968 84.0 0
  332.061066 140.0 0
  332.132294 4676.0 3
  332.96582 1008.0 1
  336.546204 96.0 0
  337.180237 1132.140991 1
  338.22421299999996 212.0 0
  338.29659999999996 76.0 0
  339.134094 7.403571 0
  339.898254 184.0 0
  340.11639399999996 2089.218994 2
  341.39901699999996 40.0 0
  342.169985 1.0 0
  345.205499 140.0 0
  346.780334 72.0 0
  347.15545699999996 526.0 0
  350.169464 351.327087 0
  350.975128 120.0 0
  352.070007 96.0 0
  352.139679 340.0 0
  352.79144299999996 152.0 0
  354.17681899999997 84.0 0
  354.77056899999997 136.0 0
  355.37814299999997 68.0 0
  356.031281 385.622406 0
  356.647705 140.0 0
  356.910736 68.0 0
  357.21255499999995 148.0 0
  358.559082 148.0 0
  358.683197 68.0 0
  359.079315 80.288147 0
  359.142975 168.0 0
  359.507416 236.0 0
  360.13595599999996 172.0 0
  361.17028799999997 136.0 0
  362.21083999999996 184.0 0
  363.14239499999996 939.0 1
  363.314056 152.0 0
  363.36715699999996 168.0 0
  365.12084999999996 256.0 0
  365.436249 96.0 0
  366.61098599999997 168.0 0
  367.119751 9.986209 0
  368.091705 240.0 0
  369.65649399999995 11.69338 0
  371.039917 46.345871 0
  374.149774 172.0 0
  375.311578 144.0 0
  378.216461 300.0 0
  382.13940399999996 152.0 0
  384.07982799999996 96.0 0
  385.154199 115.0 0
  385.37463399999996 100.0 0
  386.894409 132.0 0
  387.035583 30011.0 22
  389.222473 148.0 0
  392.729858 31.66515 0
  393.215576 180.0 0
  394.80722 128.0 0
  395.34320099999997 6.289286 0
  395.670556 160.0 0
  396.0784 120.0 0
  407.031281 64.0 0
  407.16999999999996 1.0 0
  409.876764 72.0 0
  415.15564 336.0 0
//
