ACCESSION: CCMSLIB00000079980
RECORD_TITLE: decoy
DATE: 2015.11.20
AUTHORS: Administrator
LICENSE: CC BY-SA
CH$NAME: decoy
CH$COMPOUND_CLASS: Natural Product
CH$FORMULA: C19H21NO4
CH$EXACT_MASS: 327.147058152
CH$SMILES: N/A
CH$IUPAC: decoy
CH$LINK: N/A
AC$INSTRUMENT: decoy
AC$INSTRUMENT_TYPE: decoy
AC$MASS_SPECTROMETRY: MS_TYPE MS2
AC$MASS_SPECTROMETRY: ION_MODE POSITIVE
AC$MASS_SPECTROMETRY: COLLISION_ENERGY 10 V
MS$FOCUSED_ION: PRECURSOR_M/Z 328
MS$FOCUSED_ION: PRECURSOR_TYPE [M+H]+
PK$NUM_PEAK: 1674
PK$PEAK: m/z int. rel.int.
  28.511232000000003 16.0 0
  42.532846 208.0 0
  45.025326 108.0 0
  45.251835 148.0 0
  45.514099 152.0 0
  45.655994 164.0 0
  45.741344 412.0 0
  46.047905 176.0 0
  46.466633 168.0 0
  46.599434 208.0 0
  46.915707000000005 44.0 0
  47.279354000000005 200.0 0
  47.502598 132.0 0
  47.763771 108.0 0
  47.903019 188.0 0
  47.915504 228.0 0
  47.955845000000004 160.0 0
  48.013565 156.0 0
  48.02512 176.0 0
  48.526985 84.0 0
  48.758503000000005 152.0 0
  48.996334000000004 224.0 0
  49.261475000000004 164.0 0
  49.544903000000005 172.0 0
  49.715099 168.0 0
  49.741959 156.0 0
  49.925484000000004 188.0 0
  49.983067 176.0 0
  50.026558 172.0 0
  50.375187000000004 220.0 0
  50.767426 148.0 0
  50.788635 184.0 0
  50.862309 120.0 0
  51.752037 136.0 0
  51.826881 152.0 0
  51.962173 148.0 0
  51.994297 152.0 0
  52.249146 160.0 0
  52.909828000000005 208.0 0
  53.025951 208.0 0
  53.151073000000004 168.0 0
  53.286945 120.0 0
  53.303879 140.0 0
  53.430126 168.0 0
  53.838680000000004 140.0 0
  53.903282000000004 132.0 0
  54.19112 144.0 0
  54.202652 176.0 0
  54.408028 136.0 0
  54.431103 48.0 0
  54.57362 152.0 0
  54.997375 124.0 0
  55.199406 152.0 0
  55.275661 144.0 0
  55.312187 192.0 0
  55.446751 152.0 0
  55.737274 180.0 0
  55.790607 200.0 0
  55.845222 228.0 0
  55.977127 216.0 0
  56.102333 96.0 0
  56.698265 204.0 0
  56.745335000000004 192.0 0
  56.895191000000004 160.0 0
  56.946571 156.0 0
  57.350491 148.0 0
  57.539463000000005 164.0 0
  57.860695 152.0 0
  58.015999 180.0 0
  58.083187 176.0 0
  58.102501000000004 248.0 0
  58.160404 140.0 0
  58.229588 52.0 0
  58.47242 244.0 0
  58.51535 152.0 0
  58.609772 104.0 0
  58.964314 148.0 0
  59.100735 184.0 0
  59.10313 172.0 0
  59.130917000000004 196.0 0
  59.151146000000004 148.0 0
  59.182648 200.0 0
  59.357353 132.0 0
  59.377472000000004 176.0 0
  59.420284 172.0 0
  59.597317000000004 144.0 0
  59.856506 124.0 0
  60.116112 140.0 0
  60.179859 108.0 0
  60.202061 208.0 0
  60.279392 180.0 0
  60.600548 184.0 0
  60.64072 128.0 0
  60.702892 140.0 0
  60.902805 156.0 0
  60.951107 124.0 0
  61.204319 148.0 0
  61.372913000000004 44.0 0
  61.516876 164.0 0
  61.626522 56.0 0
  61.641521000000004 196.0 0
  61.728935 204.0 0
  62.127239 168.0 0
  63.463684 156.0 0
  63.631599 156.0 0
  63.679981000000005 192.0 0
  63.80624 128.0 0
  63.984379000000004 116.0 0
  64.183395 184.0 0
  64.806145 180.0 0
  64.853897 192.0 0
  64.932512 200.0 0
  65.453369 160.0 0
  65.64417999999999 180.0 0
  65.861015 148.0 0
  65.87301599999999 52.0 0
  65.890869 148.0 0
  66.156921 220.0 0
  66.22316699999999 172.0 0
  66.469856 156.0 0
  66.56105 176.0 0
  66.60479 84.0 0
  66.75278499999999 160.0 0
  66.775261 148.0 0
  66.79888199999999 104.0 0
  67.09374199999999 204.0 0
  67.16297899999999 156.0 0
  67.167099 216.0 0
  67.28334799999999 180.0 0
  68.14679 152.0 0
  68.495522 252.0 0
  68.693832 216.0 0
  68.768738 76.0 0
  68.863007 160.0 0
  68.993088 156.0 0
  69.03228 188.0 0
  69.047539 120.0 0
  69.076515 232.0 0
  69.706284 272.0 0
  69.82315799999999 168.0 0
  70.92854299999999 176.0 0
  71.054436 156.0 0
  71.41513099999999 140.0 0
  71.80896 156.0 0
  72.30935699999999 296.0 0
  72.763054 160.0 0
  72.904823 184.0 0
  73.19068899999999 148.0 0
  73.21185299999999 116.0 0
  73.57612599999999 152.0 0
  73.620491 140.0 0
  73.64583599999999 152.0 0
  73.692398 76.0 0
  73.75948299999999 148.0 0
  74.23835 104.0 0
  74.27907599999999 160.0 0
  74.711815 152.0 0
  74.741974 60.0 0
  75.16171999999999 208.0 0
  75.182396 140.0 0
  75.20432299999999 140.0 0
  75.27626799999999 208.0 0
  75.412537 148.0 0
  75.567207 228.0 0
  75.73586999999999 196.0 0
  75.79995 212.0 0
  76.05792199999999 156.0 0
  76.58048199999999 184.0 0
  76.927658 232.0 0
  77.123482 152.0 0
  77.415459 124.0 0
  77.44650299999999 168.0 0
  77.718239 172.0 0
  78.19744899999999 176.0 0
  78.30883 148.0 0
  78.389702 148.0 0
  78.89111299999999 220.0 0
  79.03991699999999 200.0 0
  79.399368 188.0 0
  79.453041 144.0 0
  79.73473399999999 208.0 0
  79.87174999999999 180.0 0
  80.729416 184.0 0
  81.062286 152.0 0
  81.43218999999999 192.0 0
  81.50141099999999 164.0 0
  81.97831 144.0 0
  82.06966399999999 172.0 0
  82.336609 188.0 0
  82.345512 240.0 0
  83.223343 120.0 0
  83.261613 152.0 0
  83.78862799999999 204.0 0
  83.97232799999999 136.0 0
  84.039413 148.0 0
  84.16319999999999 196.0 0
  84.187698 172.0 0
  84.63269799999999 144.0 0
  85.003059 212.0 0
  85.09896099999999 92.0 0
  85.36477699999999 160.0 0
  85.815224 156.0 0
  86.09670299999999 172.0 0
  86.37941 236.0 0
  87.021019 160.0 0
  87.28398899999999 132.0 0
  87.597595 36.0 0
  87.884903 116.0 0
  87.902817 220.0 0
  87.993645 168.0 0
  88.174622 240.0 0
  88.43871299999999 156.0 0
  88.523888 184.0 0
  88.54553999999999 152.0 0
  88.569588 136.0 0
  89.176704 232.0 0
  89.34363599999999 144.0 0
  89.87494699999999 180.0 0
  89.992317 224.0 0
  90.016617 204.0 0
  90.14585899999999 220.0 0
  90.22878999999999 156.0 0
  90.25151799999999 136.0 0
  90.83454099999999 184.0 0
  90.98496999999999 200.0 0
  91.05375699999999 1444.0 1
  91.056839 188.0 0
  91.86250299999999 224.0 0
  92.045761 192.0 0
  92.061661 336.0 0
  92.240341 212.0 0
  92.351936 68.0 0
  92.385178 196.0 0
  92.672562 72.0 0
  92.836243 120.0 0
  92.98299399999999 176.0 0
  93.00904799999999 188.0 0
  93.396339 152.0 0
  93.669502 92.0 0
  93.80937999999999 168.0 0
  94.256615 148.0 0
  94.277176 144.0 0
  94.42835199999999 172.0 0
  94.87657899999999 184.0 0
  94.93197599999999 212.0 0
  95.044235 176.0 0
  95.048462 724.0 0
  95.08532 196.0 0
  95.09651199999999 224.0 0
  95.139122 62.327255 0
  95.217827 48.0 0
  95.470016 168.0 0
  95.49288899999999 148.0 0
  95.57373 176.0 0
  95.680466 56.0 0
  95.71459999999999 156.0 0
  96.08621199999999 244.0 0
  96.095947 232.0 0
  96.262436 156.0 0
  96.354141 176.0 0
  96.87934899999999 128.0 0
  96.892342 160.0 0
  97.068382 156.0 0
  97.126488 160.0 0
  97.344978 212.0 0
  97.57914699999999 112.0 0
  97.685204 160.0 0
  97.695099 36.0 0
  97.87641099999999 200.0 0
  97.953094 152.0 0
  97.97123699999999 160.0 0
  98.05503999999999 153.0 0
  98.084885 192.0 0
  98.187828 140.0 0
  98.21678899999999 184.0 0
  98.53405 216.0 0
  98.56414799999999 92.0 0
  98.651184 244.0 0
  99.02223199999999 136.0 0
  99.066994 168.0 0
  99.12915 176.0 0
  99.172958 252.0 0
  99.17745199999999 172.0 0
  99.196663 132.0 0
  99.30521399999999 144.0 0
  99.44567099999999 48.0 0
  99.90540299999999 128.0 0
  100.004875 152.0 0
  100.066544 236.0 0
  100.096069 168.0 0
  100.49252299999999 152.0 0
  100.58438899999999 15.41879 0
  100.86765299999999 208.0 0
  100.87355 132.0 0
  100.952682 204.0 0
  100.97404499999999 5.333333 0
  101.01637299999999 148.0 0
  101.04652399999999 168.0 0
  101.07927699999999 680.0 0
  101.082802 3.402778 0
  101.10284399999999 172.0 0
  101.27300299999999 220.0 0
  101.284904 136.0 0
  101.88119499999999 160.0 0
  102.032417 164.0 0
  102.057671 160.0 0
  102.272949 10.1201 0
  102.510323 60.0 0
  102.735481 212.0 0
  102.800354 40.0 0
  102.91461199999999 156.0 0
  103.019188 156.0 0
  103.05382499999999 131.945404 0
  103.090668 236.0 0
  103.093628 184.0 0
  103.227104 200.0 0
  103.431877 144.0 0
  103.457611 192.0 0
  103.46618699999999 168.0 0
  103.701729 148.0 0
  103.88214099999999 52.0 0
  104.03369099999999 164.0 0
  104.05987499999999 132.0 0
  104.113419 204.0 0
  104.116447 152.0 0
  104.19062 156.0 0
  104.49028 204.0 0
  104.631676 144.0 0
  104.77622199999999 196.0 0
  105.03259999999999 300.0 0
  105.06397199999999 216.0 0
  105.06617 152.0 0
  105.07045 908.0 0
  105.072876 232.0 0
  105.080444 156.0 0
  105.102829 252.0 0
  105.125587 76.0 0
  105.335709 124.0 0
  105.48267399999999 148.0 0
  105.5084 152.0 0
  105.736336 168.0 0
  105.851593 176.0 0
  105.954292 240.0 0
  106.00465399999999 28.0 0
  106.07376099999999 340.0 0
  106.07595099999999 156.0 0
  106.08769199999999 38.491539 0
  106.128777 128.0 0
  106.421021 132.0 0
  106.559433 304.0 0
  106.73436 204.0 0
  106.82946 12.5 0
  106.890351 60.0 0
  106.918999 50609.0 23
  106.94148299999999 60.0 0
  106.987946 168.0 0
  107.051361 140.0 0
  107.05362699999999 172.0 0
  107.07193799999999 2596.0 1
  107.087182 160.0 0
  107.094276 152.0 0
  107.218437 152.0 0
  107.24073 196.0 0
  107.249741 23.2663 0
  107.255753 164.0 0
  107.258415 14.49508 0
  107.34610699999999 40.0 0
  107.36090899999999 196.0 0
  107.40872999999999 136.0 0
  107.448067 144.0 0
  107.624023 96.0 0
  107.632545 148.0 0
  107.667206 10.36905 0
  107.844521 216.0 0
  107.970619 116.0 0
  108.22000899999999 68.0 0
  108.477638 196.0 0
  108.566811 76.0 0
  108.654747 136.0 0
  108.661903 164.0 0
  108.88602399999999 248.0 0
  108.991845 304.0 0
  109.169884 8.592949 0
  109.285309 76.0 0
  109.621735 140.0 0
  110.02410099999999 4645.188965 2
  110.09730499999999 280.0 0
  110.10765099999999 232.0 0
  110.26720399999999 140.0 0
  110.28403499999999 120.0 0
  110.36741599999999 176.0 0
  110.42633099999999 168.0 0
  110.439072 84.0 0
  110.449913 152.0 0
  110.49814599999999 148.0 0
  110.51109299999999 140.0 0
  110.60823099999999 92.0 0
  110.72898099999999 20.0 0
  111.000526 208.0 0
  111.02604699999999 112.576698 0
  111.099854 244.0 0
  111.170158 192.0 0
  111.27914399999999 196.0 0
  111.30693799999999 80.0 0
  111.36419699999999 108.0 0
  111.45037099999999 152.0 0
  111.52883899999999 248.0 0
  111.63915999999999 200.0 0
  111.69847899999999 180.0 0
  111.711266 152.0 0
  111.714287 160.0 0
  111.819023 140.0 0
  111.84729 204.0 0
  111.870285 120.0 0
  111.886292 68.0 0
  111.948616 136.0 0
  112.05532799999999 196.0 0
  112.07775099999999 300.0 0
  112.07979599999999 184.0 0
  112.182442 148.0 0
  112.20382699999999 160.0 0
  112.221954 144.0 0
  112.24836699999999 48.0 0
  112.316086 144.0 0
  112.674904 108.0 0
  112.77359799999999 152.0 0
  112.86286899999999 216.0 0
  112.93358599999999 40.0 0
  112.99958199999999 136.0 0
  113.121231 168.0 0
  113.148697 160.0 0
  113.18158 164.0 0
  113.234482 144.0 0
  113.30918899999999 28.0 0
  113.330856 148.0 0
  113.504295 144.0 0
  113.76482399999999 148.0 0
  113.875816 196.0 0
  113.94985199999999 132.0 0
  114.087784 184.0 0
  114.12810499999999 800.7146 0
  114.138756 60.0 0
  114.20749699999999 172.0 0
  114.412132 144.0 0
  114.484596 124.0 0
  114.53875699999999 112.0 0
  114.586952 2.738095 0
  114.640182 116.0 0
  114.64667499999999 164.0 0
  114.89907099999999 116.0 0
  114.91716 200.0 0
  114.945335 204.0 0
  115.016235 168.0 0
  115.034195 32.0 0
  115.05086499999999 74.474068 0
  115.05429099999999 1852.0 1
  115.06019599999999 188.0 0
  115.091774 164.0 0
  115.223396 164.0 0
  115.277214 212.0 0
  115.348373 144.0 0
  115.42468299999999 260.0 0
  115.478951 120.0 0
  115.49995399999999 112.0 0
  115.537827 48.0 0
  115.656151 208.0 0
  115.673965 69.249733 0
  115.801231 112.0 0
  115.83108499999999 152.0 0
  115.83773 144.0 0
  115.852325 148.0 0
  115.91568799999999 80.0 0
  116.070251 2693.644043 1
  116.092125 228.0 0
  116.163803 208.0 0
  116.23938799999999 164.0 0
  116.26527399999999 148.0 0
  116.374077 140.0 0
  116.449196 120.0 0
  116.464233 188.0 0
  116.62829599999999 12.54167 0
  116.87442 176.0 0
  117.027428 108.0 0
  117.063538 144.0 0
  117.109314 428.0 0
  117.33315999999999 180.0 0
  117.433983 160.0 0
  117.465836 264.0 0
  117.57283799999999 176.0 0
  117.61187699999999 140.0 0
  117.756378 196.0 0
  117.773361 172.0 0
  117.78719299999999 160.0 0
  117.931007 132.0 0
  118.060631 4198.0 2
  118.06451399999999 244.0 0
  118.144554 88.0 0
  118.18094599999999 144.0 0
  118.42193599999999 176.0 0
  118.727272 0.0 0
  118.73075899999999 152.0 0
  118.82904099999999 192.0 0
  118.911621 4.1875 0
  118.94828799999999 244.0 0
  119.068901 176.0 0
  119.08005499999999 176.0 0
  119.236511 248.0 0
  119.71521 168.0 0
  119.869011 76.0 0
  119.93538699999999 76.0 0
  120.018806 130.016693 0
  120.05328399999999 4008.0 2
  120.08058899999999 7992.0 4
  120.087807 160.0 0
  120.131912 27.04167 0
  120.13765 6.369253 0
  120.149925 8.000443 0
  120.471825 108.0 0
  120.569733 164.0 0
  120.69947099999999 4.676042 0
  120.733498 2.339181 0
  120.77117899999999 32.0 0
  120.861137 108.0 0
  120.98028599999999 10.70032 0
  121.02407099999999 168.0 0
  121.02935799999999 144.0 0
  121.06069199999999 336.0 0
  121.117516 32.0 0
  121.43942299999999 164.0 0
  121.50450099999999 17.637501 0
  121.51265699999999 76.0 0
  121.57150299999999 180.0 0
  121.598236 48.0 0
  121.638374 176.0 0
  121.69444999999999 128.0 0
  121.767029 144.0 0
  121.907349 148.0 0
  122.035736 216.0 0
  122.065514 228.0 0
  122.470108 144.0 0
  122.665306 52.0 0
  123.017731 136.0 0
  123.043854 184.0 0
  123.060425 204.0 0
  123.080147 1570.447998 1
  123.11711899999999 148.0 0
  123.13913 132.0 0
  123.44339 13.5 0
  123.516258 136.0 0
  123.60164599999999 132.0 0
  123.749794 196.0 0
  123.994354 124.0 0
  124.040543 15488.0 7
  124.04279299999999 673.0 0
  124.04879799999999 822.0 0
  124.11704999999999 176.0 0
  124.123604 148.0 0
  124.16727399999999 160.0 0
  124.207336 92.0 0
  124.41446699999999 48.0 0
  124.46687299999999 72.0 0
  124.515709 180.0 0
  124.589081 132.0 0
  124.61868299999999 200.0 0
  124.69751 208.0 0
  124.73986099999999 196.0 0
  124.752113 132.0 0
  124.834099 32.0 0
  124.883095 196.0 0
  125.082855 59.759418 0
  125.11516599999999 156.0 0
  125.120187 316.0 0
  125.133354 124.0 0
  125.26557899999999 172.0 0
  125.327225 152.0 0
  125.47625699999999 68.0 0
  125.80323 152.0 0
  125.84887699999999 188.0 0
  125.942764 212.0 0
  126.01042199999999 6156.0 3
  126.188103 16.4 0
  126.41251399999999 208.0 0
  126.47593699999999 72.0 0
  126.606529 152.0 0
  127.04266399999999 929.0 0
  127.05393199999999 956.0 0
  127.07713299999999 33.927078 0
  127.096786 344.0 0
  127.112831 192.0 0
  127.13001299999999 84.0 0
  127.19595299999999 48.0 0
  127.254189 92.0 0
  127.468994 212.0 0
  127.64083099999999 140.0 0
  127.99630699999999 41.670052 0
  128.000336 176.0 0
  128.061295 607.852173 0
  128.208878 60.0 0
  128.290985 100.0 0
  128.406265 212.0 0
  128.435104 188.0 0
  128.632416 128.0 0
  128.895126 136.0 0
  129.02899200000002 180.0 0
  129.06582600000002 248.0 0
  129.074142 180.0 0
  129.113571 176.0 0
  129.25589000000002 192.0 0
  129.529572 204.0 0
  129.682861 208.0 0
  129.998352 184.0 0
  130.032578 283.0 0
  130.036148 132.0 0
  130.065704 2560.0 1
  130.10173 48.0 0
  130.173294 160.0 0
  130.31590300000002 56.0 0
  130.649841 60.0 0
  130.782104 15.39394 0
  130.889145 136.0 0
  130.898697 128.0 0
  130.993484 320.0 0
  131.037292 140.0 0
  131.04071000000002 517.0 0
  131.046646 212.0 0
  131.059357 32.0 0
  131.070602 556.0 0
  131.08140600000002 120.0 0
  131.14115900000002 124.0 0
  131.282455 64.0 0
  131.453842 88.0 0
  131.514404 164.0 0
  131.63758900000002 164.0 0
  131.665131 124.0 0
  131.73078900000002 136.0 0
  131.768829 172.0 0
  131.827805 64.0 0
  131.937836 148.0 0
  131.95468100000002 200.0 0
  132.046616 224.0 0
  132.061218 152.0 0
  132.12875400000001 180.0 0
  132.15853900000002 7.0625 0
  132.168304 48.0 0
  132.322311 8.000463 0
  132.3535 76.0 0
  132.404816 192.0 0
  132.55671700000002 200.0 0
  132.560593 196.0 0
  132.66026300000001 184.0 0
  132.718216 76.0 0
  132.740326 112.0 0
  132.75766000000002 128.0 0
  132.775864 164.0 0
  132.909986 331.0 0
  132.915787 144.0 0
  132.95430000000002 148.0 0
  132.991104 220.0 0
  133.027588 2212.0 1
  133.033188 208.0 0
  133.06552100000002 205.958496 0
  133.079995 532.0 0
  133.145081 248.0 0
  133.715576 172.0 0
  133.742737 100.0 0
  133.936752 180.0 0
  134.028412 168.0 0
  134.06886300000002 520.0 0
  134.070908 184.0 0
  134.18360900000002 162.415405 0
  134.199051 8.45 0
  134.26452600000002 60.0 0
  134.63147 172.0 0
  134.954178 16.694441 0
  134.959976 84.0 0
  134.99691800000002 216.0 0
  135.02830500000002 172.0 0
  135.040375 4024.0 2
  135.053558 132.0 0
  135.07582100000002 15.89803 0
  135.153122 60.0 0
  135.26199300000002 160.0 0
  135.54335 120.0 0
  135.84750400000001 9.896464 0
  135.85771200000002 192.0 0
  135.97193900000002 63.03949 0
  136.044281 180.0 0
  136.0755 604.0 0
  136.107697 152.0 0
  136.110916 184.0 0
  136.11831700000002 180.0 0
  136.12144500000002 120.0 0
  136.476929 164.0 0
  136.833298 224.0 0
  136.907028 160.0 0
  136.981995 4322.0 2
  137.02392600000002 180.0 0
  137.053558 260.0 0
  137.060303 22284.0 10
  137.079712 340.0 0
  137.088623 156.0 0
  137.152542 42.029469 0
  137.20520000000002 18.382351 0
  137.290176 104.0 0
  137.306412 48.0 0
  137.33702100000002 12.03646 0
  137.378311 80.0 0
  137.39270000000002 35.422482 0
  137.45974700000002 204.0 0
  137.726517 60.0 0
  137.74340800000002 164.0 0
  137.813812 180.0 0
  137.870956 220.0 0
  138.06483500000002 234.0 0
  138.06874100000002 192.0 0
  138.13171400000002 176.0 0
  138.18048100000001 56.0 0
  138.29478500000002 72.0 0
  138.346115 212.0 0
  138.386871 156.0 0
  138.43666100000002 192.0 0
  138.45292700000002 108.0 0
  138.476868 160.0 0
  138.762878 156.0 0
  138.923676 280.0 0
  138.932083 172.0 0
  139.052567 52.0 0
  139.469681 36.0 0
  139.82110600000001 80.0 0
  139.840652 192.0 0
  139.988968 593.119324 0
  139.998154 2352.0 1
  140.02624500000002 172.0 0
  140.043488 168.0 0
  140.05110200000001 160.0 0
  140.056229 128.0 0
  140.07939100000002 276.0 0
  140.112839 148.0 0
  140.182159 164.0 0
  140.367447 160.0 0
  140.393967 172.0 0
  141.013809 96.0 0
  141.319504 168.0 0
  141.395844 128.0 0
  141.49070700000001 152.0 0
  141.62558 156.0 0
  141.67553700000002 60.0 0
  141.717545 180.0 0
  141.75666800000002 96.0 0
  141.804352 10.87073 0
  141.994507 940.0 0
  142.078064 220.0 0
  142.32560700000002 148.0 0
  142.502319 140.0 0
  142.542053 164.0 0
  142.68377700000002 72.0 0
  142.739273 208.0 0
  142.784165 148.0 0
  142.80877700000002 196.0 0
  143.03830000000002 140.0 0
  143.167709 152.0 0
  143.200943 216.0 0
  143.287735 84.0 0
  143.561981 60.0 0
  143.783661 160.0 0
  143.819351 116.0 0
  143.974487 144.0 0
  144.05448900000002 132.0 0
  144.080429 164.0 0
  144.084549 120.0 0
  144.095764 144.0 0
  144.273132 16.695311 0
  144.780045 124.0 0
  144.785156 18.33427 0
  144.844131 216.0 0
  144.909088 1.415517 0
  144.957031 212.0 0
  145.040512 127.0 0
  145.047357 164.0 0
  145.06324800000002 300.0 0
  145.28511 9.486112 0
  145.382004 116.0 0
  145.62922700000001 132.0 0
  145.73181200000002 180.0 0
  145.984146 172.0 0
  146.020004 543.0 0
  146.02684000000002 160.0 0
  146.033737 17.371849 0
  146.040436 216.0 0
  146.05162 468.0 0
  146.06152300000002 2536.0 1
  146.07243300000002 1068.0 0
  146.101685 112.0 0
  146.28479000000002 164.0 0
  146.358719 104.0 0
  146.410751 160.0 0
  146.59914500000002 188.0 0
  146.78041100000002 216.0 0
  146.957336 168.0 0
  147.061279 588.0 0
  147.06871 292.0 0
  147.071411 1821.0 1
  147.08742600000002 144.0 0
  147.11795 428.0 0
  147.228317 148.0 0
  147.236679 72.0 0
  147.38050800000002 48.0 0
  147.744766 120.0 0
  147.90008500000002 240.0 0
  148.044174 1051.0 0
  148.048508 336.0 0
  148.074509 480.0 0
  148.076675 272.0 0
  148.202438 192.0 0
  148.227936 86.537621 0
  148.570221 108.6996 0
  148.60633900000002 92.0 0
  149.001419 24.82424 0
  149.033181 37140.0 17
  149.040863 152.0 0
  149.08796700000002 84.0 0
  149.220413 152.0 0
  149.48841900000002 56.0 0
  149.96687300000002 68.0 0
  150.09079 40.0 0
  150.208817 80.0 0
  150.292572 80.0 0
  150.559219 268.0 0
  150.618286 196.0 0
  150.924835 176.0 0
  150.973175 112.0 0
  150.983093 23.639059 0
  151.019531 68.0 0
  151.022858 115.0 0
  151.029953 172.0 0
  151.066818 14.04891 0
  151.07146600000002 357.0 0
  151.087265 1698.19104 1
  151.240417 32.0 0
  151.634125 180.0 0
  151.766876 184.0 0
  151.773651 116.0 0
  151.80645800000002 92.0 0
  152.060608 325.0 0
  152.12814300000002 344.0 0
  152.167847 152.0 0
  152.329498 80.0 0
  152.814865 244.0 0
  152.84234600000002 108.0 0
  152.91708400000002 168.0 0
  153.00563 4.017857 0
  153.016647 196.0 0
  153.05302400000002 164.0 0
  153.061325 51458.0 24
  153.091797 188.0 0
  153.435379 224.0 0
  153.44940200000002 140.0 0
  153.477188 60.0 0
  153.95098900000002 112.0 0
  154.033569 180.0 0
  154.04911800000002 41250.0 19
  154.064987 7656.0 4
  154.09376500000002 88.0 0
  154.22236600000002 172.0 0
  154.41673300000002 200.0 0
  154.487549 116.0 0
  154.68746900000002 64.0 0
  154.738846 144.0 0
  154.91485600000001 156.0 0
  155.032227 112.0 0
  155.054382 152.0 0
  155.060425 396.0 0
  155.342194 464.0 0
  155.433578 44.0 0
  155.74198900000002 164.0 0
  155.85917700000002 148.0 0
  155.900391 168.0 0
  155.9944 224.0 0
  156.036606 180.0 0
  156.047638 168.0 0
  156.05484 440.0 0
  156.060699 144.0 0
  156.13377400000002 228.0 0
  156.145554 380.0 0
  156.17295800000002 136.0 0
  156.352249 68.0 0
  156.446564 196.0 0
  156.455826 76.0 0
  156.618652 80.0 0
  156.702164 140.0 0
  156.978775 176.0 0
  157.076477 248.0 0
  157.08093300000002 136.0 0
  157.085815 1228.0 1
  157.18644700000002 8.384698 0
  157.25708 44.0 0
  157.32569900000001 200.0 0
  157.521072 136.0 0
  157.58403 140.0 0
  157.595428 144.0 0
  158.011246 144.0 0
  158.054001 152.0 0
  158.417694 27.68627 0
  158.54151900000002 100.0 0
  158.73606900000001 128.0 0
  158.756256 84.0 0
  159.00499000000002 136.0 0
  159.013214 172.0 0
  159.042053 12839.0 6
  159.098129 208.0 0
  159.144699 104.0 0
  159.206635 144.0 0
  159.23365800000002 176.0 0
  159.32328800000002 8.494291 0
  159.34217800000002 164.0 0
  159.46867400000002 124.0 0
  159.625107 4.001812 0
  159.66832000000002 140.0 0
  159.753128 140.0 0
  159.848373 136.0 0
  159.87088 68.0 0
  160.007706 232.0 0
  160.02873200000002 140.0 0
  160.06994600000002 116.0 0
  160.09741200000002 464.0 0
  160.15931700000002 64.0 0
  160.233719 25.34964 0
  160.305527 176.0 0
  160.442993 220.0 0
  160.480392 11.00872 0
  160.59985400000002 24.62674 0
  160.61561600000002 144.0 0
  160.947617 148.0 0
  161.045807 245.0 0
  161.08200100000002 384.0 0
  161.21975700000002 224.0 0
  161.226257 64.0 0
  161.444092 124.0 0
  161.49511700000002 216.0 0
  162.013 8187.0 4
  162.03237900000002 1412.0 1
  162.230728 49.777771 0
  162.308853 120.0 0
  162.33216900000002 108.0 0
  162.641602 192.0 0
  162.726181 18.04928 0
  162.784851 27.659389 0
  162.797256 20.0 0
  162.971619 76.0 0
  163.010971 152.0 0
  163.019067 9128.0 4
  163.055313 44.0 0
  163.07504300000002 892.0 0
  163.10479700000002 72.0 0
  163.24525500000001 100.0 0
  163.266312 144.0 0
  163.755371 284.0 0
  163.80311600000002 156.0 0
  163.878738 220.0 0
  164.04826400000002 144.0 0
  164.06234700000002 180.0 0
  164.073395 388.0 0
  164.105637 80.0 0
  164.556992 1091.0 1
  164.617172 216.0 0
  164.66519200000002 48.0 0
  164.947968 152.0 0
  164.968964 48.0 0
  164.98085 188.0 0
  165.069443 380.0 0
  165.439499 64.0 0
  165.508499 132.0 0
  165.558029 152.0 0
  165.92215000000002 168.0 0
  165.96632400000001 148.0 0
  166.04705800000002 64.0 0
  166.07504300000002 56.0 0
  166.086533 11836.0 5
  166.121201 1536.0 1
  166.205948 148.0 0
  166.304291 144.0 0
  166.364594 224.0 0
  166.39729300000002 80.0 0
  166.407242 48.0 0
  166.549652 208.0 0
  166.745361 108.0 0
  166.77151500000002 68.0 0
  166.793274 196.0 0
  166.99800100000002 2165806.0 999
  167.030594 1711.0 1
  167.083664 18294.0 8
  167.146683 212.0 0
  167.276794 16.360809 0
  167.47641000000002 22.5 0
  167.494659 132.0 0
  167.737457 80.0 0
  168.033615 176.0 0
  168.051926 342.0 0
  168.13291900000002 100.0 0
  168.160309 192.0 0
  168.34909100000002 140.0 0
  168.652725 112.0 0
  169.041809 1104.0 1
  169.047806 208.0 0
  169.346313 176.0 0
  169.38578800000002 96.0 0
  170.03508000000002 2965.0 1
  170.054047 136.0 0
  170.078964 180.0 0
  170.20301800000001 108.0 0
  170.428192 72.0 0
  170.479599 144.0 0
  170.51074200000002 156.0 0
  170.635208 148.0 0
  171.00830100000002 160.0 0
  171.011017 184.0 0
  171.081512 216.0 0
  171.11317400000001 249.221207 0
  171.11525 1732.0 1
  171.159851 112.0 0
  171.190765 68.0 0
  171.34877 3.026786 0
  171.368927 152.0 0
  171.431839 152.0 0
  171.713852 4.625 0
  172.02766400000002 113.0 0
  172.057602 156.0 0
  172.133072 148.0 0
  172.14213600000002 40.0 0
  172.296448 140.0 0
  172.374771 196.0 0
  172.542114 28.0 0
  172.64918500000002 56.0 0
  172.768539 68.0 0
  172.90033 40.0 0
  173.09050000000002 14142.0 7
  173.105835 104.0 0
  173.355072 64.0 0
  173.65274000000002 160.0 0
  173.816971 84.0 0
  174.095673 168.0 0
  174.098892 368.0 0
  174.37506100000002 212.0 0
  174.553391 136.0 0
  174.65332 136.0 0
  174.67279100000002 208.0 0
  174.768402 3.640152 0
  174.778381 148.0 0
  174.85586500000002 2.211257 0
  175.00323500000002 148.0 0
  175.09471100000002 200.0 0
  175.103516 130.0 0
  175.28349300000002 88.0 0
  175.388809 84.0 0
  175.85865800000002 144.0 0
  176.04225200000002 1226.0 1
  176.12814300000002 184.194794 0
  176.48507700000002 144.0 0
  177.00233500000002 140.0 0
  177.317291 12.07949 0
  177.731842 108.0 0
  177.804153 64.0 0
  177.88960300000002 68.0 0
  177.937531 224.0 0
  177.965942 324.0 0
  178.052231 212.0 0
  178.063904 128.0 0
  178.130661 152.0 0
  178.149063 120.0 0
  178.168045 208.0 0
  178.270126 208.0 0
  178.60643000000002 228.0 0
  178.610153 128.0 0
  178.67970300000002 184.0 0
  178.719864 220.0 0
  179.01199300000002 3304.0 2
  179.03627 156.0 0
  179.150177 108.0 0
  179.277771 16.68638 0
  179.385773 56.0 0
  179.54274 160.0 0
  179.69129900000001 4.435185 0
  179.779648 180.0 0
  180.081253 988.0 0
  180.096146 120.0 0
  180.153442 44.0 0
  180.161362 116.0 0
  180.784119 244.0 0
  180.98138400000002 164.0 0
  181.045029 116.0 0
  181.047235 1233.0 1
  181.060059 356.0 0
  181.89004500000001 276.0 0
  182.087006 8992.0 4
  182.144363 148.0 0
  182.246948 116.0 0
  182.267624 116.0 0
  182.294968 44.0 0
  182.920502 184.0 0
  183.041061 3494.0 2
  183.043594 180.0 0
  183.075104 164.0 0
  183.102203 8872.0 4
  183.405289 184.0 0
  183.619019 244.0 0
  183.664688 164.0 0
  183.694138 56.0 0
  183.701477 140.0 0
  183.759384 104.0 0
  184.049789 80.0 0
  184.081558 112.0 0
  184.09831200000002 103.410004 0
  184.359512 100.0 0
  184.402649 168.0 0
  184.62158200000002 124.0 0
  184.919556 144.0 0
  184.944412 136.0 0
  185.057556 730.0 0
  185.095581 196.0 0
  185.61535600000002 132.0 0
  185.62204 80.0 0
  185.859726 13.43167 0
  186.09715300000002 5604.0 3
  186.120483 168.0 0
  186.373016 152.0 0
  186.468231 68.0 0
  186.90704300000002 172.0 0
  187.036942 23182.0 11
  187.055496 312.0 0
  187.081772 204.0 0
  187.08548000000002 144.0 0
  187.26799 140.0 0
  187.27771 52.0 0
  187.55844100000002 244.0 0
  187.633102 92.0 0
  187.723755 5.369932 0
  188.081009 116.0 0
  188.223846 168.0 0
  188.265732 48.457481 0
  188.658096 52.0 0
  189.00344900000002 188.0 0
  189.019867 29.5016 0
  189.083572 112.0 0
  189.109543 448.0 0
  189.191879 148.0 0
  189.50100700000002 56.0 0
  189.678513 164.0 0
  189.736313 2.003788 0
  189.922043 96.0 0
  190.033463 172.0 0
  190.245987 164.0 0
  190.745193 148.0 0
  190.871307 68.0 0
  191.023178 64.0 0
  191.043106 82407.0 38
  191.07041900000002 184.0 0
  191.092758 2192.0 1
  191.23469500000002 156.0 0
  191.26902800000002 188.0 0
  191.323654 324.0 0
  191.451569 120.0 0
  191.455704 104.0 0
  191.484894 60.0 0
  191.56752 272.0 0
  191.59166000000002 76.0 0
  191.758881 116.0 0
  191.834549 100.0 0
  191.867569 412.0 0
  191.98817400000001 204.0 0
  191.99748200000002 216.0 0
  192.001785 623.0 0
  192.093262 136.0 0
  192.23628200000002 88.0 0
  192.308838 204.0 0
  192.346054 64.841843 0
  192.591217 96.0 0
  192.943069 208.0 0
  193.046951 344.0 0
  193.053482 188.0 0
  193.066498 80.0 0
  193.096649 148.0 0
  193.544022 140.0 0
  193.656586 124.0 0
  193.69548 132.0 0
  193.765656 96.0 0
  193.92979400000002 156.0 0
  193.991745 52.0 0
  194.023483 864.0 0
  194.07144200000002 1776.770996 1
  194.08702100000002 10.38075 0
  194.09793100000002 184.0 0
  194.146408 136.0 0
  194.195526 5.4 0
  194.39111300000002 60.0 0
  194.849792 136.0 0
  195.009109 164.0 0
  195.042328 8265.0 4
  195.06041000000002 255.0 0
  195.0672 152.0 0
  195.072571 316.0 0
  195.09916700000002 2287.0 1
  195.11149600000002 601.0 0
  195.121216 150.0 0
  195.149246 184.0 0
  195.258408 136.0 0
  195.345688 80.0 0
  195.929932 116.0 0
  196.15051300000002 156.0 0
  196.358719 6.135 0
  196.471268 204.0 0
  196.603775 96.0 0
  196.836716 232.0 0
  196.907104 140.0 0
  196.919388 104.0 0
  197.018356 528.0 0
  197.092896 33658.0 16
  197.875641 124.0 0
  197.97287 176.0 0
  198.099716 1312.0 1
  198.11299100000002 200.0 0
  198.442734 104.0 0
  199.06083700000002 164.0 0
  199.086105 184.0 0
  199.203979 53.06818 0
  199.292007 192.0 0
  199.328476 36.0 0
  199.59787 164.0 0
  200.04170200000002 144.0 0
  200.14485200000001 144.0 0
  201.022629 160.0 0
  201.05638100000002 256.0 0
  201.638092 104.0 0
  201.772263 352.0 0
  202.018143 76.0 0
  202.49670400000002 116.0 0
  202.588455 204.0 0
  203.022705 172.0 0
  203.02925100000002 164640.0 76
  203.032562 736.0 0
  203.070465 76.0 0
  203.10621600000002 58.264648 0
  203.118256 624.0 0
  203.163666 142.537796 0
  203.76121500000002 48.0 0
  204.04281600000002 10256.0 5
  204.07215200000002 1707.0 1
  204.10264600000002 112.0 0
  204.637619 160.0 0
  204.73812900000001 152.0 0
  205.042999 3836.0 2
  205.096 1.0 0
  205.116104 100.0 0
  205.355255 100.0 0
  205.378418 148.0 0
  205.444061 92.0 0
  205.474365 56.0 0
  205.49147000000002 52.0 0
  205.496872 72.0 0
  205.870392 5.173077 0
  206.10977200000002 464.0 0
  206.234055 220.0 0
  206.25332600000002 62.987782 0
  206.304474 88.0 0
  206.51532 196.0 0
  206.70871 168.0 0
  206.72482300000001 132.0 0
  206.80697600000002 88.0 0
  207.059753 10170.0 5
  207.07019 168.0 0
  207.12085000000002 256.0 0
  207.176971 100.0 0
  207.610428 88.0 0
  207.73512300000002 144.0 0
  208.088669 140.0 0
  208.11676 156.0 0
  208.199951 164.0 0
  208.655975 156.0 0
  208.761063 148.0 0
  209.010086 44.0 0
  209.01651 144.0 0
  209.05481 3538.0 2
  209.542053 188.0 0
  209.64102200000002 100.0 0
  210.145432 216.0 0
  210.272736 0.833955 0
  210.346695 120.0 0
  210.370239 72.0 0
  210.76997400000002 80.0 0
  210.912384 156.0 0
  211.048492 636.0 0
  211.122498 316.0 0
  211.256256 212.0 0
  211.418488 108.0 0
  211.491699 204.0 0
  211.591904 152.0 0
  211.988846 168.0 0
  212.002701 172.0 0
  212.050354 7.761905 0
  212.05247500000002 747.0 0
  212.083099 39528.0 18
  212.30242900000002 40.0 0
  212.51126100000002 132.0 0
  212.609543 28.0 0
  213.048187 500.0 0
  213.118134 164.0 0
  213.135986 2.279499 0
  213.24499500000002 108.0 0
  213.52645900000002 32.0 0
  213.84196500000002 3.0625 0
  213.993912 116.0 0
  214.011398 68.0 0
  214.090317 104.0 0
  214.173752 28.0 0
  214.673615 108.0 0
  214.684845 52.0 0
  214.82539400000002 164.0 0
  214.97287 180.0 0
  215.01753200000002 288.0 0
  215.054138 1413.699341 1
  215.073685 700.0 0
  215.079742 20075.0 9
  215.103516 915.0 0
  215.108109 132.0 0
  215.1138 527.0 0
  215.166489 7.138889 0
  215.180756 72.0 0
  215.87796 96.0 0
  215.959564 136.0 0
  216.24823 44.0 0
  216.535965 168.0 0
  216.59436 172.0 0
  216.77212500000002 6.335145 0
  216.951675 100.0 0
  216.972443 64.0 0
  217.170105 244.0 0
  217.580704 144.0 0
  217.64270000000002 100.0 0
  217.84166000000002 100.0 0
  217.889633 116.0 0
  218.363312 48.0 0
  219.039993 1370684.0 632
  219.046967 18781.0 9
  219.070862 192.0 0
  219.091171 176.0 0
  219.212601 136.0 0
  219.246078 10.21814 0
  219.684448 208.0 0
  219.69854700000002 168.0 0
  219.88668800000002 176.0 0
  220.500427 76.0 0
  220.878372 40.0 0
  220.987534 152.0 0
  221.003998 106108.0 49
  221.083099 168.0 0
  221.12364200000002 360.0 0
  221.42572 152.0 0
  221.728531 108.0 0
  222.06187400000002 96.0 0
  222.096054 156.0 0
  222.12385600000002 204.0 0
  222.363754 192.0 0
  222.876587 72.0 0
  223.049057 604.0 0
  223.068283 609.0 0
  223.494507 128.0 0
  223.697067 48.0 0
  224.11552400000002 288.0 0
  224.118011 36.0 0
  224.52504000000002 76.0 0
  224.577606 132.0 0
  224.87179600000002 208.0 0
  224.994797 120.0 0
  225.00856000000002 136.0 0
  225.01442 116.0 0
  225.330536 40.0 0
  225.347855 280.0 0
  226.047928 504.755005 0
  226.456284 124.0 0
  226.51062000000002 128.0 0
  226.697617 52.0 0
  226.97666900000002 140.0 0
  227.071426 116.0 0
  227.95922900000002 120.0 0
  228.063385 144.0 0
  228.14389 960.0 0
  228.167831 100.0 0
  229.079575 2263.0 1
  229.09108 156.0 0
  229.244843 2.4 0
  229.772232 148.0 0
  229.97493 176.0 0
  230.054199 764.0 0
  230.720932 104.0 0
  231.0672 164.0 0
  231.11497500000002 328.0 0
  231.46575900000002 44.0 0
  231.533356 52.0 0
  232.077774 112.0 0
  232.132477 213.138901 0
  232.365723 172.0 0
  232.48507700000002 44.0 0
  233.885651 188.0 0
  233.985565 168.0 0
  234.14360000000002 56.0 0
  234.557983 64.0 0
  235.01525900000001 184.0 0
  235.06672700000001 176.0 0
  235.084564 4256.0 2
  235.145859 224.0 0
  235.397217 156.0 0
  235.52482600000002 144.0 0
  235.820908 376.0 0
  236.07818600000002 304.0 0
  236.09639 152.0 0
  236.116791 54.75502 0
  236.129028 196.0 0
  236.998108 44.0 0
  237.054932 184.0 0
  237.138123 352.0 0
  237.755356 152.0 0
  237.771759 188.0 0
  238.026703 176.0 0
  238.0504 312.0 0
  238.0616 37.0 0
  238.07440200000002 14.18702 0
  238.30178800000002 104.0 0
  239.009918 160.0 0
  239.117966 228.0 0
  239.13758900000002 64.0 0
  239.739334 5.009091 0
  239.836273 8.002451 0
  240.047302 188.0 0
  240.263596 136.0 0
  240.98649600000002 15.13611 0
  241.00993300000002 136.0 0
  241.538635 168.0 0
  242.07894900000002 1240.0 1
  242.44574 60.0 0
  243.146057 200.0 0
  243.496735 96.0 0
  243.77671800000002 64.0 0
  243.999039 148.0 0
  244.10556 96.0 0
  244.576706 176.0 0
  244.899902 148.0 0
  245.038208 132.0 0
  245.082855 52.0 0
  245.28079200000002 32.0 0
  245.398727 160.0 0
  245.83990500000002 40.0 0
  246.012222 152.0 0
  246.14402800000002 240.0 0
  246.885178 216.0 0
  247.08122300000002 196.0 0
  247.088562 140.0 0
  247.20430000000002 156.0 0
  247.356491 128.0 0
  247.919983 14.64317 0
  248.66528300000002 176.0 0
  248.838089 264.0 0
  248.897095 140.0 0
  248.960037 148.0 0
  249.06684900000002 710.0 0
  249.75370800000002 148.0 0
  250.057007 1185132.0 547
  250.733841 164.0 0
  251.048935 8680.0 4
  251.105362 320.0 0
  251.669128 128.0 0
  251.74542200000002 164.0 0
  251.898132 168.0 0
  252.07074 120.0 0
  252.85926800000001 88.0 0
  253.04422 400.0 0
  253.04766800000002 1136.0 1
  253.13278200000002 1972.0 1
  253.163269 160.0 0
  253.578003 160.0 0
  253.968887 140.0 0
  254.157242 144.0 0
  254.26800500000002 84.0 0
  254.84082 60.0 0
  255.07821 1868.0 1
  255.13656600000002 1072.0 0
  255.140274 140.0 0
  255.169846 68.0 0
  255.304214 28.0 0
  255.556442 92.0 0
  255.866296 188.0 0
  256.018005 159645.0 74
  256.034027 104.0 0
  256.166199 300.0 0
  256.1716 160.0 0
  256.422302 48.0 0
  257.04022199999997 348.0 0
  257.24249299999997 96.0 0
  257.578979 46.205002 0
  257.621826 176.0 0
  258.229126 156.0 0
  258.87884499999996 100.0 0
  258.977264 216.0 0
  259.053131 126.600197 0
  259.07388299999997 368.0 0
  259.12805199999997 320.0 0
  259.186462 172.0 0
  259.89590499999997 140.0 0
  259.95791599999995 128.0 0
  260.14874299999997 180.0 0
  260.28637699999996 120.0 0
  260.60351599999996 124.0 0
  260.885468 148.0 0
  261.04769899999997 232.0 0
  261.222565 120.0 0
  262.10702499999996 216.0 0
  262.344025 236.0 0
  262.45223999999996 40.0 0
  262.505432 68.0 0
  262.520111 352.0 0
  262.85745199999997 60.0 0
  263.107599 104.0 0
  263.139771 122.727303 0
  263.338898 6.00463 0
  263.83102399999996 104.0 0
  263.87103299999995 68.0 0
  263.992035 52.0 0
  264.054626 192.0 0
  264.086182 284.0 0
  264.144348 340.0 0
  264.458466 224.0 0
  264.59045399999997 80.0 0
  264.954773 76.0 0
  265.04736299999996 164.0 0
  265.053528 188.0 0
  265.08847 420.0 0
  265.15979 18108.0 8
  266.23879999999997 60.0 0
  266.648682 148.0 0
  267.038025 128.0 0
  267.076355 21.218019 0
  267.181427 308.0 0
  267.549042 27.337589 0
  268.410065 136.0 0
  268.614136 136.0 0
  268.68069499999996 132.0 0
  268.95459 144.0 0
  269.059235 73.224739 0
  269.10504199999997 37864.0 17
  269.16336099999995 192.0 0
  269.27700799999997 204.0 0
  269.32620199999997 72.0 0
  269.820587 128.0 0
  269.89395099999996 76.0 0
  270.04659999999996 1027.0 0
  270.13723799999997 484.0 0
  270.524628 140.0 0
  271.26422099999996 7.228571 0
  271.414001 80.0 0
  273.01928699999996 32.0 0
  273.116089 152.0 0
  273.869751 172.0 0
  273.914246 164.0 0
  274.741608 84.0 0
  275.086304 366.0 0
  275.11801099999997 3304.0 2
  275.87557999999996 80.0 0
  276.79715 40.0 0
  276.806702 168.0 0
  277.035919 200.0 0
  277.09399399999995 42.566528 0
  277.158234 736.330688 0
  277.24679599999996 152.0 0
  278.23291 160.0 0
  278.94665499999996 16.625 0
  279.50228899999996 164.0 0
  280.03604099999995 392.0 0
  280.584229 168.0 0
  281.15158099999996 531.0 0
  281.221521 392.0 0
  281.402313 152.0 0
  281.420013 140.0 0
  282.446442 124.0 0
  283.09376 133.0 0
  283.9935 284.0 0
  284.296075 180.0 0
  284.822876 32.0 0
  285.035919 421.0 0
  285.074005 4.0 0
  285.080566 360.0 0
  285.187927 84.0 0
  285.952118 136.0 0
  286.039337 1305.0 1
  286.107758 852.0 0
  286.37203999999997 140.0 0
  286.64050299999997 28.54228 0
  286.724243 92.0 0
  286.80307 144.0 0
  286.84860199999997 108.0 0
  287.33374 72.0 0
  287.858246 11.82315 0
  287.915283 12.04732 0
  289.087494 128.0 0
  289.154022 160.0 0
  289.527985 64.0 0
  289.80285599999996 156.0 0
  290.168427 176.0 0
  290.17211299999997 364.0 0
  290.71194499999996 92.0 0
  290.98794599999997 108.0 0
  291.04565399999996 52.0 0
  291.675842 36.0 0
  292.207245 122.0 0
  292.215485 196.0 0
  293.481995 72.0 0
  295.124939 34981.0 16
  295.181824 1.029471 0
  295.256104 188.0 0
  296.222778 164.0 0
  297.549286 240.0 0
  297.627869 68.0 0
  297.84854099999995 112.0 0
  298.129486 136.0 0
  298.18359399999997 172.0 0
  298.69879199999997 40.0 0
  299.11871299999996 176.0 0
  299.325195 44.0 0
  299.943542 140.0 0
  300.831482 52.0 0
  301.102112 156.0 0
  301.39874299999997 36.0 0
  301.54495199999997 48.0 0
  301.859192 200.0 0
  302.13561999999996 172.0 0
  303.284943 188.0 0
  304.73291 112.0 0
  306.34088099999997 0.724151 0
  306.45104999999995 44.0 0
  307.172082 556.0 0
  307.665009 52.0 0
  308.14050299999997 532.0 0
  309.047852 176.0 0
  309.182556 188.0 0
  309.86193799999995 156.0 0
  309.99649 15.08371 0
  310.092651 140.0 0
  310.210876 176.0 0
  310.31942699999996 20.0 0
  310.811584 112.0 0
  311.028351 192.0 0
  311.43634 140.0 0
  312.525879 104.0 0
  312.971405 120.0 0
  313.096527 51560.0 24
  313.695648 56.0 0
  314.34225499999997 100.686096 0
  314.82250999999997 196.0 0
  316.07217399999996 120.0 0
  316.13226299999997 580.0 0
  316.727875 204.0 0
  317.136468 148.0 0
  317.684174 60.0 0
  319.104401 164.0 0
  319.15786699999995 100.0 0
  319.941101 188.0 0
  319.947479 80.0 0
  320.036774 184.0 0
  321.88973999999996 144.0 0
  321.949036 160.0 0
  322.747589 64.0 0
  325.40417499999995 52.0 0
  325.853119 44.0 0
  326.826691 80.0 0
  326.98693799999995 8.847222 0
  327.97601299999997 200.0 0
  328.149506 292.0 0
//
