ACCESSION: CCMSLIB00000075314
RECORD_TITLE: decoy
DATE: 2015.11.20
AUTHORS: Administrator
LICENSE: CC BY-SA
CH$NAME: decoy
CH$COMPOUND_CLASS: Natural Product
CH$FORMULA: C27H48N6O9
CH$EXACT_MASS: 600.348277116
CH$SMILES: N/A
CH$IUPAC: decoy
CH$LINK: N/A
AC$INSTRUMENT: decoy
AC$INSTRUMENT_TYPE: decoy
AC$MASS_SPECTROMETRY: MS_TYPE MS2
AC$MASS_SPECTROMETRY: ION_MODE POSITIVE
AC$MASS_SPECTROMETRY: COLLISION_ENERGY 10 V
MS$FOCUSED_ION: PRECURSOR_M/Z 601
MS$FOCUSED_ION: PRECURSOR_TYPE [M+H]+
PK$NUM_PEAK: 1015
PK$PEAK: m/z int. rel.int.
  40.002092000000005 224.0 0
  46.641518000000005 180.0 0
  46.719254 204.0 0
  46.935238 160.0 0
  47.16217 148.0 0
  47.459377 184.0 0
  48.832474000000005 176.0 0
  49.046658 156.0 0
  49.319817 192.0 0
  49.60693 160.0 0
  50.513683 156.0 0
  51.619671000000004 112.0 0
  51.922905 184.0 0
  52.976814000000005 232.0 0
  53.076126 188.0 0
  53.109638000000004 168.0 0
  53.784889 164.0 0
  54.002926 160.0 0
  55.111042000000005 212.0 0
  55.190037000000004 192.0 0
  55.336311 132.0 0
  56.397182 164.0 0
  56.569599000000004 140.0 0
  56.626331 156.0 0
  57.22731 160.0 0
  57.313049 228.0 0
  57.529507 272.0 0
  57.672913 164.0 0
  58.108814 212.0 0
  59.032009 192.0 0
  59.173477 224.0 0
  60.279945000000005 116.0 0
  60.646084 148.0 0
  61.091660000000005 180.0 0
  61.374504 168.0 0
  61.730919 184.0 0
  61.877777 156.0 0
  62.267521 156.0 0
  62.408714 136.0 0
  62.434181 168.0 0
  62.439003 140.0 0
  63.443611000000004 144.0 0
  64.854263 36.0 0
  64.88149299999999 192.0 0
  65.197769 216.0 0
  65.643898 168.0 0
  65.83520499999999 112.0 0
  66.064003 160.0 0
  66.219589 192.0 0
  66.708733 176.0 0
  66.901253 220.0 0
  67.181816 0.0 0
  68.236977 212.0 0
  68.75958299999999 136.0 0
  69.192101 208.0 0
  69.412239 164.0 0
  69.425179 124.0 0
  69.48769399999999 160.0 0
  69.925827 144.0 0
  69.997818 212.0 0
  70.064117 144.0 0
  70.36340299999999 128.0 0
  70.62244399999999 108.0 0
  70.945549 136.0 0
  71.335754 168.0 0
  71.701042 200.0 0
  72.06734499999999 128.0 0
  72.331398 156.0 0
  72.371635 164.0 0
  72.61580699999999 200.0 0
  73.339317 192.0 0
  74.486481 40.0 0
  75.00686599999999 188.0 0
  75.62770099999999 152.0 0
  76.566521 168.0 0
  76.74861899999999 180.0 0
  76.918381 188.0 0
  77.060226 188.0 0
  77.1353 220.0 0
  77.212021 144.0 0
  77.641922 184.0 0
  77.86863699999999 208.0 0
  78.279793 172.0 0
  79.53272199999999 172.0 0
  81.14759099999999 196.0 0
  81.499039 188.0 0
  82.39375299999999 124.0 0
  82.496208 184.0 0
  82.764603 180.0 0
  83.82869 196.0 0
  84.044128 96.0 0
  84.22469299999999 192.0 0
  84.34979999999999 140.0 0
  84.48668699999999 216.0 0
  84.790459 236.0 0
  84.892563 140.0 0
  85.32108299999999 380.0 0
  85.50325 224.0 0
  85.987045 148.0 0
  87.347084 140.0 0
  87.80066699999999 196.0 0
  87.99507899999999 168.0 0
  88.346199 196.0 0
  89.032173 156.0 0
  89.678947 196.0 0
  89.903099 164.0 0
  90.045311 160.0 0
  90.167924 184.0 0
  90.780975 280.0 0
  90.91410099999999 100.0 0
  91.670082 176.0 0
  92.116608 180.0 0
  92.324249 160.0 0
  92.58049799999999 212.0 0
  92.81381999999999 116.0 0
  93.61541 144.0 0
  93.83693699999999 140.0 0
  93.991875 176.0 0
  94.944031 92.0 0
  95.046623 212.0 0
  95.05210899999999 160.0 0
  95.07189899999999 160.0 0
  95.46316499999999 248.0 0
  95.885353 224.0 0
  95.897652 136.0 0
  96.177734 124.0 0
  96.29611999999999 172.0 0
  96.375221 176.0 0
  96.411453 144.0 0
  96.992729 228.0 0
  97.00469199999999 168.0 0
  97.057648 224.0 0
  97.066368 496.0 0
  97.333069 152.0 0
  97.359245 60.0 0
  97.36230499999999 188.0 0
  97.87902799999999 184.0 0
  98.07328799999999 236.0 0
  98.65531299999999 184.0 0
  99.02178199999999 64.0 0
  99.253526 100.0 0
  99.43635599999999 196.0 0
  99.55702199999999 204.0 0
  99.610817 124.0 0
  99.818687 92.0 0
  100.07614099999999 50900.0 8
  100.181816 1.559379 0
  100.63250699999999 60.0 0
  101.01637299999999 148.0 0
  101.096283 176.0 0
  101.35494999999999 232.0 0
  101.375969 200.0 0
  101.615105 164.0 0
  101.98376499999999 160.0 0
  102.050446 196.0 0
  102.145844 140.0 0
  102.30103299999999 184.0 0
  102.32494399999999 184.0 0
  102.35784899999999 104.0 0
  102.51744099999999 96.0 0
  102.737045 220.0 0
  102.823883 236.0 0
  102.875671 224.0 0
  103.053299 172.0 0
  103.07241099999999 184.0 0
  103.272728 0.0 0
  103.732513 172.0 0
  103.807289 100.0 0
  104.17916899999999 232.0 0
  104.469673 140.0 0
  104.562553 164.0 0
  105.03246299999999 132.0 0
  105.375008 152.0 0
  105.58367199999999 176.0 0
  105.863503 148.0 0
  105.93366999999999 72.0 0
  106.073425 5996.0 1
  106.07627099999999 160.0 0
  106.102577 140.0 0
  106.345963 180.0 0
  106.748566 160.0 0
  106.844887 296.0 0
  106.96457699999999 256.0 0
  106.978867 160.0 0
  107.012779 224.0 0
  107.05760199999999 164.0 0
  107.103355 136.0 0
  107.41214 160.0 0
  107.460442 32.0 0
  107.864059 104.0 0
  107.900482 208.0 0
  108.090263 220.0 0
  108.18634 80.0 0
  108.300545 372.0 0
  108.59655799999999 148.0 0
  108.627251 148.0 0
  108.733932 212.0 0
  108.871223 144.0 0
  109.078346 156.0 0
  109.272995 40.0 0
  109.317719 12.01688 0
  109.35923799999999 176.0 0
  110.25331899999999 168.0 0
  110.69741099999999 148.0 0
  110.972618 68.0 0
  111.007713 172.0 0
  111.125717 180.0 0
  111.369377 104.0 0
  111.803665 152.0 0
  111.941666 152.0 0
  112.4636 224.0 0
  112.523224 236.0 0
  112.658768 112.0 0
  112.81082199999999 20.0 0
  113.053978 1.253472 0
  113.375481 176.0 0
  114.076622 200.0 0
  114.25441 220.0 0
  114.77941899999999 236.0 0
  114.78886399999999 152.0 0
  114.97097 3.242789 0
  115.049797 1661.0 0
  115.079308 128.0 0
  115.087975 176.0 0
  115.303276 104.0 0
  115.712761 152.0 0
  115.83198499999999 176.0 0
  116.432915 116.0 0
  116.54785199999999 28.683189 0
  116.585144 216.0 0
  117.110329 1.666667 0
  117.13203399999999 7.933333 0
  117.240265 232.0 0
  117.24293499999999 248.0 0
  118.060738 92.0 0
  118.06455199999999 2364.0 0
  118.173355 68.0 0
  118.24387399999999 228.0 0
  118.35913099999999 104.0 0
  118.372604 160.0 0
  118.450775 14.71795 0
  118.586945 104.0 0
  118.832146 168.0 0
  118.87585399999999 108.0 0
  119.068535 224.0 0
  119.071663 176.0 0
  119.36872899999999 76.0 0
  119.58597599999999 184.0 0
  119.60611 32.0 0
  119.699936 100.0 0
  119.83035299999999 68.0 0
  119.977295 23.87719 0
  120.04592099999999 230.557098 0
  120.051559 76.0 0
  120.091583 188.0 0
  120.243141 64.0 0
  120.38658099999999 38.59259 0
  120.816734 104.0 0
  120.83925599999999 33.35125 0
  121.00808699999999 160.0 0
  121.064522 7452.0 1
  121.098259 24.51372 0
  121.179222 156.0 0
  121.358902 26.673149 0
  121.40412099999999 48.0 0
  121.432373 168.0 0
  121.57296799999999 180.0 0
  121.902847 88.0 0
  122.326111 156.0 0
  122.48001099999999 168.0 0
  122.694305 140.0 0
  122.937508 156.0 0
  123.042633 43.308559 0
  123.498222 156.0 0
  123.60664399999999 192.0 0
  123.619492 292.0 0
  123.66944099999999 168.0 0
  123.970749 140.0 0
  124.050056 3652.0 1
  124.199272 204.0 0
  124.462944 152.0 0
  125.062553 303.0 0
  125.077744 48.0 0
  125.13668799999999 164.0 0
  125.49838299999999 4.0 0
  125.625992 188.0 0
  125.63634499999999 13.05357 0
  126.05590799999999 204.0 0
  126.184525 200.0 0
  126.706306 144.0 0
  126.860085 124.0 0
  126.88860299999999 204.0 0
  127.038795 196.0 0
  127.055489 46.024979 0
  127.09288799999999 290.693909 0
  127.37606799999999 68.0 0
  127.525482 212.0 0
  127.538597 184.0 0
  127.71573599999999 224.0 0
  127.725906 224.0 0
  127.82906299999999 192.0 0
  128.130127 196.0 0
  128.164917 184.0 0
  128.297501 216.0 0
  128.40107700000002 56.0 0
  128.590286 168.0 0
  129.074142 180.0 0
  129.08874500000002 148.0 0
  129.203735 252.0 0
  129.431519 94.68409 0
  129.925781 36.0 0
  130.064087 279.674988 0
  130.110474 44.0 0
  130.273819 37.513081 0
  130.38360600000001 188.0 0
  130.393234 180.0 0
  130.484024 236.0 0
  130.708557 108.0 0
  130.785034 168.0 0
  130.89476000000002 32.0 0
  131.06883200000001 2208.0 0
  131.44348100000002 13.5126 0
  131.60849000000002 140.0 0
  131.69717400000002 172.0 0
  132.017929 136.0 0
  132.069962 168.0 0
  132.316483 208.0 0
  132.621017 196.0 0
  132.80174300000002 100.0 0
  132.847305 204.0 0
  133.061157 2034.0 0
  133.30886800000002 180.0 0
  133.66568 136.0 0
  133.737488 180.0 0
  133.762054 60.0 0
  133.795181 12.00397 0
  133.90695200000002 76.0 0
  134.07582100000002 192.0 0
  134.092209 596.0 0
  134.125458 184.0 0
  134.266769 148.0 0
  134.296829 144.0 0
  134.430069 152.0 0
  134.74353000000002 11.332827 0
  134.85214200000001 136.0 0
  134.945663 124.0 0
  134.972733 180.0 0
  135.004547 172.0 0
  135.016876 264.0 0
  135.06303400000002 232.0 0
  135.067139 344.0 0
  135.08595300000002 188.0 0
  135.310989 504.0 0
  135.489868 96.0 0
  135.693497 124.0 0
  135.79882800000001 92.0 0
  136.013947 136.0 0
  136.189972 19.339279 0
  136.551666 132.0 0
  136.68283100000002 160.0 0
  136.75799600000002 36.0 0
  136.87501500000002 180.0 0
  136.976212 56.29126 0
  137.0 7.085435 0
  137.04921000000002 472.0 0
  137.169846 156.0 0
  137.332504 168.0 0
  137.904541 188.0 0
  138.061707 200.0 0
  138.222946 128.0 0
  138.372025 200.0 0
  138.88656600000002 80.0 0
  139.06618600000002 307.0 0
  139.503128 52.0 0
  139.64909400000002 184.0 0
  139.91871600000002 168.0 0
  139.96644600000002 164.0 0
  140.107147 700.0 0
  140.442139 60.0 0
  140.51503 108.0 0
  140.785248 372.0 0
  141.01951 188.0 0
  141.070038 476.0 0
  141.36857600000002 180.0 0
  141.505646 40.0 0
  142.114578 112.0 0
  142.42842100000001 12.70691 0
  142.49823 120.0 0
  142.883163 196.0 0
  142.902939 192.0 0
  142.992554 200.0 0
  143.03476 85198.0 13
  143.08725 176.0 0
  143.30482500000002 164.0 0
  143.33651700000001 4.013889 0
  143.38353 180.0 0
  143.52366600000002 236.0 0
  143.753952 264.0 0
  144.077438 204.0 0
  144.23576400000002 144.0 0
  145.046097 1824.0 0
  145.049927 3474.0 1
  145.05761700000002 1371.0 0
  145.071564 769.0 0
  145.09475700000002 188.0 0
  145.103287 948.0 0
  145.36793500000002 156.0 0
  145.39369200000002 120.0 0
  145.404526 136.0 0
  145.626282 72.0 0
  146.210938 1.375 0
  146.234055 224.0 0
  146.275833 212.0 0
  146.479691 44.0 0
  146.94863900000001 192.0 0
  146.953857 120.0 0
  147.01400800000002 2304512.0 352
  147.06320200000002 348.0 0
  147.149734 176.0 0
  147.376053 48.0 0
  147.503815 172.0 0
  147.991379 148.0 0
  148.041336 136.0 0
  148.06514 292.0 0
  148.102371 176.0 0
  148.15982100000002 312.0 0
  148.225021 176.0 0
  148.41835 76.0 0
  149.05242900000002 269.0 0
  149.055664 168.0 0
  149.097534 316.0 0
  149.528717 192.0 0
  149.555023 168.0 0
  149.929886 14.039083 0
  150.128082 104.0 0
  150.26220700000002 176.0 0
  150.290054 6.067819 0
  150.410873 192.0 0
  151.017288 84.0 0
  151.140869 156.0 0
  151.54068 152.0 0
  151.64466900000002 11.1713 0
  151.688873 236.0 0
  151.73992900000002 196.0 0
  151.83145100000002 180.0 0
  151.939224 184.0 0
  152.196152 148.0 0
  152.236603 3.608333 0
  152.531677 52.0 0
  152.70645100000002 192.0 0
  153.067215 396.0 0
  153.139206 180.0 0
  153.574905 40.0 0
  153.674622 140.0 0
  154.018204 1204.0 0
  154.076233 264.0 0
  154.41673300000002 64.0 0
  154.597778 128.0 0
  154.60449200000002 36.935799 0
  154.72673 160.0 0
  154.803391 144.0 0
  155.06062300000002 223.0 0
  155.086838 472.0 0
  155.09826700000002 144.0 0
  155.14032 228.0 0
  155.299744 172.0 0
  155.41452 164.0 0
  156.16867100000002 79.6259 0
  156.29466200000002 148.0 0
  156.489548 84.0 0
  157.08155200000002 173.0 0
  157.087555 192.0 0
  157.092636 168.0 0
  157.100861 2049.889893 0
  157.112 9416.0 1
  157.45901500000002 128.0 0
  157.46846000000002 128.0 0
  157.52504000000002 172.0 0
  158.046967 64.0 0
  158.09620700000002 132.0 0
  158.101761 216.0 0
  158.19281 80.0 0
  158.23056 136.0 0
  158.391388 11.92628 0
  158.40596000000002 32.0 0
  158.48613 148.0 0
  158.509705 172.0 0
  159.017426 64.0 0
  159.076401 160.0 0
  159.081467 1488.0 0
  159.086792 164.0 0
  159.538803 112.0 0
  159.625046 68.0 0
  159.800949 220.0 0
  159.80719000000002 132.0 0
  160.00195300000001 204.0 0
  160.230927 128.0 0
  160.266205 168.0 0
  160.33754000000002 3.080128 0
  160.64328 148.0 0
  160.936111 104.0 0
  161.144821 12.5 0
  161.210541 96.0 0
  161.401917 144.0 0
  161.982956 212.0 0
  161.995743 92.0 0
  162.439072 11.76961 0
  162.791473 136.0 0
  162.905167 144.0 0
  163.035995 227357.0 35
  163.105706 150.0 0
  163.41876200000002 52.439522 0
  163.42425500000002 104.0 0
  164.018997 220.0 0
  164.04425 132.0 0
  164.059845 17.35606 0
  164.074356 116.0 0
  164.151779 152.0 0
  164.220245 132.378494 0
  164.322998 308.0 0
  164.358902 152.0 0
  165.18931600000002 208.0 0
  165.22357200000002 232.0 0
  165.368286 76.0 0
  165.44111600000002 76.0 0
  166.07724000000002 224.0 0
  166.283432 48.0 0
  166.535583 168.0 0
  166.829239 136.0 0
  166.96315 160.0 0
  167.0298 10338.0 2
  167.06860400000002 204.0 0
  167.085938 528.0 0
  167.089981 1284.0 0
  167.699127 200.0 0
  167.788589 112.0 0
  168.027603 208.0 0
  168.063354 196.0 0
  168.18248 216.0 0
  168.518539 188.0 0
  168.97757000000001 164.0 0
  169.006042 180.0 0
  169.04834 620.0 0
  169.065109 2797.0 0
  169.139069 224.0 0
  169.16806 209.964493 0
  169.31066900000002 30.462311 0
  169.462143 60.0 0
  169.77040100000002 10.11667 0
  169.88403300000002 72.0 0
  170.14418 128.0 0
  170.251236 128.0 0
  170.327011 132.0 0
  170.892685 144.0 0
  170.992004 138927.0 21
  171.078796 92.331123 0
  171.08145100000002 912.0 0
  171.312073 6.680555 0
  171.317993 168.0 0
  171.559738 1424.291016 0
  172.086609 360.0 0
  172.097168 208.0 0
  172.294327 88.0 0
  172.573868 200.0 0
  172.73494 248.0 0
  173.042755 7794.0 1
  173.06097400000002 480.0 0
  173.089355 68.0 0
  173.095123 2560.0 0
  173.108932 57.30682 0
  173.21107500000002 160.0 0
  173.23301700000002 120.0 0
  173.583771 196.0 0
  174.389542 168.0 0
  174.609711 100.0 0
  174.839417 216.0 0
  175.025864 44.0 0
  175.041336 5.671875 0
  175.07530200000002 164.0 0
  175.618469 56.0 0
  175.763382 112.0 0
  176.084 1324.0 0
  176.09092700000002 148.0 0
  176.238632 100.0 0
  176.461456 180.0 0
  176.694092 236.0 0
  176.886795 84.0 0
  177.057434 332.0 0
  177.40699800000002 224.0 0
  177.619064 156.0 0
  177.853409 64.0 0
  177.997299 188.0 0
  178.417664 56.0 0
  178.960144 12.44938 0
  179.05368 160.0 0
  179.279388 216.0 0
  179.411453 200.0 0
  179.44215400000002 184.0 0
  179.52795400000002 232.0 0
  180.101807 904.0 0
  180.27911400000002 92.0 0
  180.51689100000002 140.0 0
  180.92068500000002 128.0 0
  181.07605 1312.0 0
  183.052414 353.0 0
  183.106628 192.0 0
  183.194397 104.0 0
  183.408524 172.0 0
  183.82397500000002 80.0 0
  183.912994 140.0 0
  184.983475 100.0 0
  185.240067 112.0 0
  185.416077 120.0 0
  185.79719500000002 164.0 0
  186.000222 170.0 0
  186.062714 144.0 0
  186.09671 152.0 0
  186.12587000000002 124.0 0
  186.943405 156.0 0
  186.97589100000002 184.0 0
  187.10922200000002 328.0 0
  187.11625700000002 252.0 0
  187.182114 124.0 0
  187.736954 156.0 0
  187.984512 22.743851 0
  188.03247100000002 160.0 0
  188.042023 212.0 0
  188.10591100000002 168.0 0
  188.56633000000002 172.0 0
  189.101028 100.5205 0
  189.32070900000002 80.0 0
  189.683517 52.0 0
  189.845413 172.0 0
  189.948257 364.0 0
  190.02169800000001 280.0 0
  190.08493 180.0 0
  190.299652 48.0 0
  190.63900800000002 216.0 0
  190.662048 196.0 0
  190.69163500000002 156.0 0
  191.082016 2076.0 0
  191.58311500000002 52.0 0
  191.711746 212.0 0
  192.182175 228.0 0
  192.553604 156.0 0
  192.730301 92.0 0
  193.96606400000002 152.0 0
  194.045837 105.75 0
  194.086761 1619.0 0
  194.08926400000001 673.0 0
  194.177521 52.0 0
  194.773346 56.0 0
  194.83921800000002 108.0 0
  194.96817000000001 14.38043 0
  194.977936 156.0 0
  195.009781 220.0 0
  195.026352 572.0 0
  195.051331 404.0 0
  197.081345 2072.0 0
  197.186249 152.0 0
  197.779984 4.225 0
  198.070877 56.0 0
  199.053909 180.0 0
  199.075424 1154.0 0
  199.089188 33.9977 0
  199.908432 21.675381 0
  199.95665 152.0 0
  200.35626200000002 172.0 0
  200.38829 160.0 0
  200.800858 124.0 0
  201.054169 128.0 0
  201.062439 184.0 0
  201.064728 140.0 0
  201.116638 4250.0 1
  201.154953 72.0 0
  201.575546 128.0 0
  201.83757 188.0 0
  201.930038 204.0 0
  202.440292 104.0 0
  202.574249 188.0 0
  203.064926 44.0 0
  203.087219 596.0 0
  203.108178 156.0 0
  203.111053 38.424789 0
  203.275284 144.0 0
  203.466599 216.0 0
  203.690933 136.0 0
  203.81689500000002 216.0 0
  203.94056700000002 216.0 0
  204.03448500000002 172.0 0
  204.079712 164.0 0
  204.573257 272.0 0
  204.698837 5.002381 0
  205.114426 404.0 0
  205.430359 80.0 0
  205.51503 56.0 0
  205.69180300000002 132.0 0
  206.720001 204.0 0
  206.867401 180.0 0
  206.97177100000002 80.0 0
  207.021378 176.0 0
  207.068161 176.0 0
  207.086563 43.009449 0
  208.001678 176.0 0
  208.27731300000002 68.0 0
  209.07714800000002 224.0 0
  209.087234 168.0 0
  210.08595300000002 1408.0 0
  210.14166300000002 288.0 0
  210.420868 3.490385 0
  210.559326 124.0 0
  211.01341200000002 7.731092 0
  211.145569 1589.291016 0
  211.590988 136.0 0
  213.121735 362.0 0
  213.39733900000002 204.0 0
  213.795319 128.0 0
  215.021942 164.0 0
  215.03311200000002 136.0 0
  215.14180000000002 60.0527 0
  215.223953 4.408333 0
  215.63690200000002 80.0 0
  215.937653 160.0 0
  216.110062 344.0 0
  216.980637 14.93426 0
  217.041016 507.0 0
  217.059174 352.0 0
  217.15300000000002 180.0 0
  217.224976 100.0 0
  217.63235500000002 108.0 0
  218.01542700000002 8.628261 0
  218.084381 1488.0 0
  218.850952 76.0 0
  219.035736 164.0 0
  219.055664 136.0 0
  219.101562 180.0 0
  220.047379 148.0 0
  220.102707 816.0 0
  220.64442400000001 136.0 0
  221.072235 716.0 0
  221.110626 676.0 0
  221.248016 112.0 0
  221.932907 88.0 0
  222.119012 140.0 0
  222.674026 180.0 0
  222.92352300000002 208.0 0
  223.070007 1759695.0 269
  224.095154 156.0 0
  224.195816 48.0 0
  224.75032000000002 7.351974 0
  225.055527 344.0 0
  225.070435 22691.0 3
  225.11705 408.0 0
  225.341034 176.0 0
  226.06012 1522.0 0
  226.085556 172.0 0
  226.08879100000001 19964.0 3
  226.461349 224.0 0
  226.761795 160.0 0
  227.04878200000002 148.0 0
  227.062836 376.0 0
  227.074326 332.0 0
  227.12402300000002 320.0 0
  227.13690200000002 1856.0 0
  227.14061 192.0 0
  227.73507700000002 50.698528 0
  228.063385 144.0 0
  228.14553800000002 168.0 0
  228.16301 199.641098 0
  228.278015 120.0 0
  228.564026 52.0 0
  228.58990500000002 10.14405 0
  229.214874 48.072529 0
  229.336227 132.0 0
  229.49040200000002 104.0 0
  230.00619500000002 64.0 0
  230.098648 260.0 0
  230.157867 40.0 0
  230.884995 16.3631 0
  230.98053000000002 204.0 0
  231.06691 46.784981 0
  231.774948 9.673742 0
  232.024063 20.23703 0
  232.05624400000002 140.0 0
  232.105835 224.0 0
  232.160934 176.156799 0
  232.49911500000002 80.0 0
  234.0 0.3154 0
  234.057999 6531760.0 999
  234.948013 160.0 0
  235.102081 388.0 0
  235.502563 68.0 0
  235.951584 136.0 0
  236.14325 1616.890015 0
  236.151779 644.0 0
  236.183121 36.0 0
  236.341675 3.421552 0
  237.094482 704.0 0
  237.12445100000002 148.0 0
  237.16322300000002 464.0 0
  237.21786500000002 32.0 0
  237.54686 2.020833 0
  237.962006 218144.0 33
  238.084 120.0 0
  238.102859 176.0 0
  238.224503 164.0 0
  238.32603500000002 8.190217 0
  238.405823 156.0 0
  238.938477 16.639179 0
  239.046005 643765.0 98
  239.07638500000002 64.0 0
  240.14856 152.0 0
  240.31651300000001 60.0 0
  240.379486 116.0 0
  240.581131 76.0 0
  240.847427 356.0 0
  240.892029 140.0 0
  242.21798700000002 232.0 0
  243.058426 1401.0 0
  244.169601 176.0 0
  244.951447 96.0 0
  245.18576000000002 144.0 0
  245.959885 108.0 0
  246.536438 9.226679 0
  246.782608 148.0 0
  247.00889600000002 217.326599 0
  247.05349700000002 7469.565918 1
  247.08046000000002 268.0 0
  247.90747100000002 8.641026 0
  248.01306200000002 496.0 0
  248.49556 136.0 0
  249.061493 17353.0 3
  249.12355 1932.0 0
  249.12793000000002 980.278687 0
  249.174911 128.0 0
  249.734253 168.0 0
  250.08500700000002 188.0 0
  250.123825 68.0 0
  252.113754 200.0 0
  253.126831 8.524457 0
  253.759338 60.0 0
  254.15979000000002 388.0 0
  254.648209 112.0 0
  255.63458300000002 148.0 0
  256.111328 21.025841 0
  256.485382 108.0 0
  256.638763 32.436131 0
  257.283386 76.0 0
  258.156891 172.0 0
  258.686584 36.0 0
  259.157898 164.0 0
  259.664185 124.0 0
  259.84536699999995 132.0 0
  260.10736099999997 348.0 0
  260.125427 32.0 0
  260.562836 68.0 0
  260.773956 84.0 0
  260.785889 164.0 0
  261.11055899999997 24733.0 4
  261.631775 144.0 0
  261.746521 44.0 0
  261.787781 184.0 0
  262.52002 128.0 0
  263.302704 152.0 0
  264.006012 4698400.0 719
  265.06723 132.0 0
  266.15158099999996 396.0 0
  267.076355 21.218019 0
  267.258179 1.666667 0
  267.49774199999996 100.0 0
  268.05630499999995 100.0 0
  268.767029 108.0 0
  269.912805 204.0 0
  270.032288 180.0 0
  270.12240599999996 531.126526 0
  270.43695099999997 160.0 0
  271.093933 268.0 0
  271.16326899999996 7207.0 1
  271.286438 256.0 0
  271.85497999999995 16334.0 2
  273.035126 9787.0 1
  273.310699 184.0 0
  274.02752699999996 112.0 0
  276.135071 140.0 0
  276.68865999999997 44.0 0
  278.305725 108.0 0
  278.762787 52.0 0
  279.00354 96.0 0
  279.397095 188.0 0
  280.035919 140.0 0
  280.18893399999996 286.234314 0
  280.618408 88.0 0
  282.15707399999997 1336.0 0
  282.69253499999996 88.0 0
  282.899628 204.0 0
  283.063141 283.0 0
  283.15820299999996 124.0 0
  283.717194 88.0 0
  284.17211299999997 524.0 0
  284.874176 11.89851 0
  285.56924399999997 19.575979 0
  287.016937 260.0 0
  289.17254599999995 56.264 0
  290.056702 484.0 0
  290.604858 120.0 0
  290.98004199999997 148.0 0
  291.474426 21.03064 0
  292.073694 691.0 0
  294.10199 124.0 0
  295.65878299999997 208.0 0
  296.93902599999996 200.0 0
  297.112488 180.0 0
  297.62506099999996 32.0 0
  298.29684399999996 36.0 0
  298.971436 76.0 0
  299.048584 604.0 0
  299.386261 176.0 0
  299.732574 300.0 0
  300.04760699999997 532.0 0
  300.430908 144.0 0
  301.02737399999995 20792.0 3
  301.872803 160.0 0
  303.295013 56.0 0
  304.065674 436.0 0
  305.065948 4772.0 1
  305.391504 184.0 0
  306.964325 80.0 0
  308.083825 1758.0 0
  308.475305 180.0 0
  309.125641 140.0 0
  311.08941699999997 144.0 0
  313.20428499999997 152.0 0
  315.043457 20957.0 3
  315.197754 232.0 0
  316.12676999999996 412.853302 0
  316.31897 88.0 0
  316.81866499999995 152.0 0
  317.16128499999996 320.0 0
  317.19372599999997 144.0 0
  317.357178 88.0 0
  317.834137 76.0 0
  319.02572599999996 124.0 0
  319.298187 1815.338013 0
  319.522095 152.0 0
  320.76724199999995 148.0 0
  321.91204799999997 204.0 0
  323.814301 104.0 0
  325.947571 49.963341 0
  326.790619 104.0 0
  329.060883 58.069031 0
  329.152649 592.0 0
  333.152802 252.0 0
  333.493134 56.0 0
  333.63992299999995 29.682211 0
  335.351953 164.0 0
  335.81729099999995 4.5 0
  336.396973 160.0 0
  337.04882799999996 168.0 0
  337.07406599999996 222.0 0
  337.956818 152.0 0
  338.73999 8.462607 0
  339.286072 108.0 0
  340.13888499999996 248.0 0
  340.38732899999997 148.0 0
  341.211121 42844.0 7
  343.04814999999996 379.0 0
  343.133942 140.0 0
  347.120209 9536.0 1
  349.54943799999995 224.0 0
  354.164093 640.0 0
  357.424744 124.0 0
  358.405853 144.0 0
  359.152802 100.0 0
  361.323242 140.0 0
  361.680756 160.0 0
  365.596344 12.17175 0
  367.101593 148.0 0
  368.864868 36.0 0
  369.981659 196.0 0
  373.24920699999996 92.0 0
  375.493408 144.0 0
  378.962006 116.0 0
  382.234222 84.0 0
  388.39959699999997 120.0 0
  391.01293899999996 168.0 0
  398.44949299999996 96.0 0
  399.33187899999996 184.0 0
  402.135345 108.0 0
  402.713776 7.968182 0
  402.844604 124.0 0
  408.40243499999997 112.0 0
  415.108704 168.0 0
  417.988953 84.0 0
  421.172021 128.0 0
  422.626801 72.0 0
  426.75256299999995 8.008333 0
  428.112061 132.0 0
  428.471863 76.0 0
  430.90878299999997 136.0 0
  431.794342 128.0 0
  445.81170699999996 204.0 0
  448.166901 360.0 0
  452.74294399999997 112.0 0
  454.17562899999996 148.0 0
  454.56204199999996 280.0 0
  457.21615599999996 36.0 0
  463.73580899999996 16.3375 0
  465.84631299999995 48.0 0
  472.261597 172.0 0
  474.149078 32.195961 0
  481.155694 15748.0 2
  499.05541999999997 35363.0 5
  558.947083 204.0 0
  590.611023 148.0 0
  601.355554 1.0 0
//
