ACCESSION: CCMSLIB00000085877
RECORD_TITLE: decoy
DATE: 2015.11.20
AUTHORS: Administrator
LICENSE: CC BY-SA
CH$NAME: decoy
CH$COMPOUND_CLASS: Natural Product
CH$FORMULA: C14H9ClF3NO2
CH$EXACT_MASS: 315.027390868
CH$SMILES: N/A
CH$IUPAC: decoy
CH$LINK: N/A
AC$INSTRUMENT: decoy
AC$INSTRUMENT_TYPE: decoy
AC$MASS_SPECTROMETRY: MS_TYPE MS2
AC$MASS_SPECTROMETRY: ION_MODE POSITIVE
AC$MASS_SPECTROMETRY: COLLISION_ENERGY 10 V
MS$FOCUSED_ION: PRECURSOR_M/Z 316
MS$FOCUSED_ION: PRECURSOR_TYPE [M+H]+
PK$NUM_PEAK: 2069
PK$PEAK: m/z int. rel.int.
  30.309716 212.0 0
  38.402208 156.0 0
  45.230476 152.0 0
  45.25423 176.0 0
  45.287807 136.0 0
  45.656342 196.0 0
  45.698280000000004 180.0 0
  46.000313 148.0 0
  46.098671 160.0 0
  46.156132 228.0 0
  46.168072 180.0 0
  46.187244 108.0 0
  46.223816 144.0 0
  46.314465 160.0 0
  46.538818 112.0 0
  46.806179 80.0 0
  46.966587000000004 180.0 0
  47.048771 308.0 0
  47.270302 160.0 0
  47.325577 136.0 0
  47.534710000000004 196.0 0
  47.885265000000004 240.0 0
  48.223881 236.0 0
  48.493229 148.0 0
  48.629482 164.0 0
  48.766506 188.0 0
  48.901443 140.0 0
  49.023808 96.0 0
  49.157448 204.0 0
  49.177605 184.0 0
  49.359211 140.0 0
  49.375454000000005 84.0 0
  49.405399 164.0 0
  49.456783 264.0 0
  49.828739 104.0 0
  49.948124 140.0 0
  50.148132000000004 196.0 0
  50.165817000000004 196.0 0
  50.607857 184.0 0
  50.671135 220.0 0
  50.813984000000005 140.0 0
  51.03857 128.0 0
  51.123108 228.0 0
  51.36401 132.0 0
  51.393818 140.0 0
  51.430042 156.0 0
  51.540157 232.0 0
  51.752705 164.0 0
  51.770702 208.0 0
  51.818672 256.0 0
  52.016689 100.0 0
  52.030964000000004 180.0 0
  52.420197 112.0 0
  52.446198 116.0 0
  52.513268000000004 136.0 0
  52.641262000000005 184.0 0
  52.903965 40.0 0
  53.064907 72.0 0
  53.10844 48.0 0
  53.213753000000004 176.0 0
  53.518143 160.0 0
  53.850666000000004 196.0 0
  54.026615 208.0 0
  54.079636 168.0 0
  54.835701 120.0 0
  54.860229000000004 164.0 0
  54.927055 160.0 0
  55.11549 204.0 0
  55.417309 188.0 0
  55.451759 312.0 0
  55.457401000000004 196.0 0
  55.629543 160.0 0
  55.70937 144.0 0
  55.725437 120.0 0
  55.890629000000004 172.0 0
  55.976204 160.0 0
  56.081585000000004 152.0 0
  56.2117 220.0 0
  56.287186 160.0 0
  56.456177000000004 21.53125 0
  56.640057 148.0 0
  56.679916 152.0 0
  56.880753 100.0 0
  56.99992 152.0 0
  57.090012 140.0 0
  57.277325000000005 164.0 0
  57.421711 172.0 0
  57.829784000000004 156.0 0
  58.027706 172.0 0
  58.328659 152.0 0
  58.485046000000004 164.0 0
  58.638084 124.0 0
  59.046509 164.0 0
  59.092873000000004 164.0 0
  59.145641000000005 192.0 0
  59.158974 116.0 0
  59.196415 200.0 0
  59.946568 176.0 0
  60.071754 152.0 0
  60.256584000000004 120.0 0
  60.442673 160.0 0
  60.476414 120.0 0
  60.934200000000004 156.0 0
  61.032681000000004 188.0 0
  61.077644 176.0 0
  61.093742 192.0 0
  61.542336 144.0 0
  61.939468 176.0 0
  62.245968000000005 128.0 0
  62.36134 104.0 0
  62.405689 200.0 0
  62.435837 140.0 0
  62.450089 152.0 0
  62.469883 192.0 0
  62.567215000000004 164.0 0
  62.867691 212.0 0
  63.120281 164.0 0
  63.272053 128.0 0
  63.553604 160.0 0
  63.754517 152.0 0
  63.88839 140.0 0
  63.959694 200.0 0
  64.023079 232.0 0
  64.142807 168.0 0
  64.17585799999999 160.0 0
  64.321198 204.0 0
  64.523117 192.0 0
  64.52741999999999 120.0 0
  64.711578 164.0 0
  64.760811 40.0 0
  64.849831 200.0 0
  64.943405 196.0 0
  65.19635799999999 212.0 0
  65.281387 156.0 0
  65.413574 116.0 0
  65.48630499999999 144.0 0
  65.651634 140.0 0
  65.885368 156.0 0
  66.295746 120.0 0
  66.42431599999999 60.0 0
  66.608955 136.0 0
  66.73733499999999 212.0 0
  66.74123399999999 156.0 0
  67.02624499999999 156.0 0
  67.29834699999999 88.0 0
  67.412292 56.0 0
  67.725639 148.0 0
  68.088364 200.0 0
  68.20382699999999 144.0 0
  68.20652 192.0 0
  68.23005699999999 200.0 0
  68.248764 92.0 0
  68.416519 164.0 0
  68.51321399999999 176.0 0
  68.52680199999999 48.0 0
  68.633347 188.0 0
  68.668808 120.0 0
  68.87937199999999 176.0 0
  68.886833 160.0 0
  69.050041 196.0 0
  69.07408099999999 168.0 0
  69.198921 52.0 0
  69.237381 148.0 0
  69.512039 88.0 0
  69.732986 144.0 0
  69.78492 112.0 0
  69.799454 48.0 0
  70.028679 68.0 0
  70.091843 160.0 0
  70.66068999999999 144.0 0
  70.708778 204.0 0
  70.762245 240.0 0
  70.79854599999999 164.0 0
  71.857399 172.0 0
  71.96933 144.0 0
  72.434624 164.0 0
  72.692612 204.0 0
  72.78025799999999 116.0 0
  73.738602 104.0 0
  73.960121 208.0 0
  74.036507 100.0 0
  74.07936099999999 140.0 0
  74.082275 168.0 0
  74.102699 160.0 0
  74.302315 212.0 0
  74.44972999999999 176.0 0
  74.83193999999999 128.0 0
  75.076988 136.0 0
  75.19615999999999 84.0 0
  75.494766 168.0 0
  75.503311 208.0 0
  75.723129 148.0 0
  75.774445 200.0 0
  75.78169299999999 84.0 0
  75.92002099999999 224.0 0
  75.980408 152.0 0
  76.01624299999999 172.0 0
  76.098129 156.0 0
  76.15686 148.0 0
  76.232582 200.0 0
  76.36483 164.0 0
  76.39074699999999 188.0 0
  76.85297399999999 156.0 0
  76.936584 120.0 0
  76.972061 420.0 0
  77.11954499999999 164.0 0
  77.154884 144.0 0
  77.26505999999999 144.0 0
  77.432632 140.0 0
  77.717163 60.0 0
  78.19880699999999 124.0 0
  78.26714299999999 124.0 0
  78.386383 188.0 0
  78.51018499999999 120.0 0
  79.196175 176.0 0
  79.201172 224.0 0
  79.352548 148.0 0
  79.594887 156.0 0
  79.728691 108.0 0
  80.319305 180.0 0
  80.690063 228.0 0
  81.215324 124.0 0
  81.28289 188.0 0
  81.35857399999999 124.0 0
  81.476402 184.0 0
  81.61168699999999 148.0 0
  82.081451 160.0 0
  82.408943 152.0 0
  82.42858899999999 144.0 0
  82.43109899999999 92.0 0
  82.633842 40.0 0
  83.013718 220.0 0
  83.38028 184.0 0
  83.38591 156.0 0
  83.540115 164.0 0
  83.572395 148.0 0
  83.65233699999999 180.0 0
  83.752403 188.0 0
  83.871887 48.0 0
  83.96851299999999 148.0 0
  84.12616 88.0 0
  84.150009 160.0 0
  84.26200899999999 164.0 0
  84.272728 1.355599 0
  84.50617199999999 220.0 0
  84.578064 212.0 0
  84.625687 140.0 0
  84.648651 228.0 0
  84.835236 176.0 0
  85.048767 272.0 0
  85.126984 152.0 0
  85.235733 148.0 0
  85.40804299999999 168.0 0
  85.44683099999999 144.0 0
  85.716805 160.0 0
  85.77252999999999 232.0 0
  85.774666 172.0 0
  85.868721 100.0 0
  85.90704299999999 120.0 0
  86.035316 136.0 0
  86.095345 680.0 0
  86.14061699999999 160.0 0
  86.27063 84.0 0
  86.5289 204.0 0
  86.71765099999999 228.0 0
  86.744553 140.0 0
  86.748573 196.0 0
  86.763138 156.0 0
  87.02284999999999 180.0 0
  87.03905499999999 196.0 0
  87.123352 192.0 0
  87.22745499999999 188.0 0
  87.781174 176.0 0
  87.89780499999999 52.0 0
  87.960397 128.0 0
  88.28778799999999 192.0 0
  88.29639399999999 152.0 0
  88.608826 68.0 0
  89.062958 196.0 0
  89.102684 188.0 0
  89.449593 132.0 0
  89.473709 148.0 0
  89.557724 156.0 0
  89.78028099999999 204.0 0
  90.02661099999999 204.0 0
  90.044708 172.0 0
  90.35286699999999 208.0 0
  90.687675 160.0 0
  90.883629 104.0 0
  90.898941 168.0 0
  91.01834099999999 448.0 0
  91.054352 4480.0 1
  91.16491699999999 148.0 0
  91.178474 180.0 0
  91.188171 184.0 0
  91.334412 96.0 0
  91.483452 232.0 0
  91.681404 156.0 0
  92.07539399999999 276.0 0
  92.18045199999999 168.0 0
  92.25892599999999 108.0 0
  92.32292899999999 140.0 0
  92.66313199999999 180.0 0
  92.861313 76.0 0
  92.958 184.0 0
  92.98117099999999 168.0 0
  93.148377 124.0 0
  93.562485 168.0 0
  93.745438 76.0 0
  93.99591799999999 184.0 0
  94.126984 208.0 0
  94.146721 120.0 0
  94.19006499999999 184.0 0
  94.21929899999999 120.0 0
  94.2742 196.0 0
  94.43775199999999 68.0 0
  94.490501 148.0 0
  94.57987999999999 184.0 0
  94.861458 140.0 0
  94.88194999999999 144.0 0
  94.888435 60.0 0
  94.898285 160.0 0
  94.95133999999999 228.0 0
  95.047829 492.0 0
  95.121414 204.0 0
  95.21501199999999 184.0 0
  95.263718 176.0 0
  95.51617399999999 144.0 0
  95.56189699999999 176.0 0
  95.64310499999999 136.0 0
  95.772652 148.0 0
  96.083992 68.0 0
  96.18365499999999 184.0 0
  96.231308 204.0 0
  96.298912 72.0 0
  96.310333 168.0 0
  96.348213 116.0 0
  96.39396699999999 180.0 0
  96.408356 164.0 0
  96.531624 232.0 0
  96.90609699999999 204.0 0
  96.931854 176.0 0
  96.94034599999999 156.0 0
  96.99209599999999 232.0 0
  96.996269 100.0 0
  97.017799 48.0 0
  97.038506 200.0 0
  97.065208 172.0 0
  97.086258 100.0 0
  97.108971 260.0 0
  97.152374 136.0 0
  97.269875 192.0 0
  97.321587 204.0 0
  97.35112 124.0 0
  97.619507 212.0 0
  97.62969199999999 204.0 0
  97.782906 244.0 0
  97.807076 160.0 0
  97.86380799999999 140.0 0
  97.88183599999999 160.0 0
  97.896065 40.0 0
  98.059372 925.532593 0
  98.08322899999999 140.0 0
  98.09279599999999 208.0 0
  98.160675 240.0 0
  98.344978 152.0 0
  98.473793 184.0 0
  98.48479499999999 184.0 0
  98.519402 144.0 0
  98.57710999999999 196.0 0
  98.58131399999999 128.0 0
  98.604614 196.0 0
  98.706322 260.0 0
  98.768272 96.0 0
  98.941666 192.0 0
  99.01310699999999 220.0 0
  99.08498399999999 148.0 0
  99.132965 132.0 0
  99.26325999999999 156.0 0
  99.753372 176.0 0
  99.88842799999999 108.0 0
  99.90965299999999 132.0 0
  100.11198399999999 4755.789062 1
  100.417885 19.79431 0
  100.556297 180.0 0
  100.561623 140.0 0
  100.57910199999999 204.0 0
  100.61084699999999 168.0 0
  100.689217 36.0 0
  100.93837699999999 32.0 0
  100.965965 188.0 0
  101.03785699999999 220.162796 0
  101.153717 164.0 0
  101.21541599999999 160.0 0
  101.23011799999999 188.0 0
  101.257149 164.0 0
  101.42669699999999 156.0 0
  101.44592999999999 168.0 0
  101.551041 176.0 0
  101.682487 132.0 0
  101.710442 172.0 0
  101.72837799999999 128.0 0
  101.764771 136.0 0
  101.789474 164.0 0
  102.049522 72.0 0
  102.089134 52.0 0
  102.10833 144.0 0
  102.374321 160.0 0
  102.427612 160.0 0
  102.482147 52.0 0
  102.48539699999999 136.0 0
  102.73293299999999 120.0 0
  102.861229 132.0 0
  102.88845099999999 52.0 0
  103.054932 65.333527 0
  103.06603199999999 216.0 0
  103.070915 140.0 0
  103.19550299999999 92.0 0
  103.198433 164.0 0
  103.226547 208.0 0
  103.55972299999999 144.0 0
  103.562935 260.0 0
  103.58397699999999 116.0 0
  103.613091 104.0 0
  103.64065599999999 80.0 0
  103.67826099999999 132.0 0
  103.85047899999999 164.0 0
  103.904381 112.0 0
  103.97698199999999 152.0 0
  104.04847699999999 180.0 0
  104.050804 436.0 0
  104.171036 200.0 0
  104.25013 204.0 0
  104.26259599999999 216.0 0
  104.29547099999999 132.0 0
  104.34236899999999 156.0 0
  104.35826899999999 104.0 0
  104.38538399999999 228.0 0
  104.425682 100.0 0
  104.618172 68.0 0
  104.73702999999999 188.0 0
  104.74939699999999 164.0 0
  104.77611499999999 248.0 0
  104.83994299999999 168.0 0
  105.033897 1616.0 0
  105.068604 256.0 0
  105.088257 144.0 0
  105.230103 3.080128 0
  105.27113299999999 26.50231 0
  105.44442 180.0 0
  105.48590899999999 164.0 0
  105.50557699999999 256.0 0
  105.613739 148.0 0
  105.670059 128.0 0
  105.86276199999999 200.0 0
  105.89907099999999 112.0 0
  105.922951 248.0 0
  106.06652799999999 216.0 0
  106.072182 304.0 0
  106.243195 21.17045 0
  106.275551 132.0 0
  106.29354099999999 104.0 0
  106.33796699999999 152.0 0
  106.37441299999999 176.0 0
  106.528633 68.0 0
  106.612297 68.0 0
  106.64317299999999 200.0 0
  106.74626199999999 36.0 0
  106.874718 280.0 0
  106.99452199999999 168.0 0
  107.0028 216.0 0
  107.03682699999999 148.0 0
  107.056496 188.0 0
  107.06916 268.0 0
  107.13870999999999 136.0 0
  107.231972 172.0 0
  107.29476199999999 72.0 0
  107.304779 100.0 0
  107.424759 228.0 0
  107.430115 208.0 0
  107.500198 152.0 0
  107.54135099999999 104.0 0
  107.579979 172.0 0
  107.667892 156.0 0
  107.979355 116.0 0
  108.039818 216.0 0
  108.057335 168.0 0
  108.276871 152.0 0
  108.345924 156.0 0
  108.474274 164.0 0
  108.486352 160.0 0
  108.64311199999999 148.0 0
  108.78231799999999 196.0 0
  108.829742 104.0 0
  108.958328 136.0 0
  108.986465 144.0 0
  109.050598 140.0 0
  109.055771 180.0 0
  109.060738 160.0 0
  109.098213 72.397217 0
  109.104576 30.17452 0
  109.27791599999999 332.0 0
  109.385239 100.0 0
  109.44833399999999 152.0 0
  109.61029099999999 152.0 0
  109.66534399999999 356.0 0
  109.699417 224.0 0
  109.94433599999999 184.0 0
  110.02529899999999 176.0 0
  110.095734 584.0 0
  110.232948 160.0 0
  110.247429 96.0 0
  110.48043799999999 52.0 0
  110.57539399999999 2.893518 0
  110.660049 172.0 0
  110.808144 184.0 0
  110.90444199999999 200.0 0
  111.066536 172.0 0
  111.10076099999999 172.0 0
  111.189438 176.0 0
  111.23722799999999 144.0 0
  111.65373199999999 112.0 0
  111.79699699999999 280.0 0
  111.856285 156.0 0
  111.888138 140.0 0
  111.91336799999999 224.0 0
  111.95504799999999 72.0 0
  111.959007 152.0 0
  112.022217 116.0 0
  112.04083999999999 204.0 0
  112.305977 164.0 0
  112.364037 220.0 0
  112.393822 160.0 0
  112.56156899999999 196.0 0
  112.566795 184.0 0
  112.59758 124.0 0
  112.60492699999999 44.0 0
  112.890266 160.0 0
  112.894821 124.0 0
  112.976845 232.0 0
  113.022331 41.52446 0
  113.037971 88.0 0
  113.044823 172.0 0
  113.13539999999999 188.0 0
  113.20355199999999 44.0 0
  113.26785299999999 88.0 0
  113.339531 164.0 0
  113.38402599999999 216.0 0
  113.45358999999999 144.0 0
  113.46817 172.0 0
  113.514107 128.0 0
  113.553337 200.0 0
  113.556801 72.0 0
  113.56663499999999 96.0 0
  113.700813 172.0 0
  113.73844899999999 196.0 0
  113.758095 168.0 0
  114.009796 1704.0 0
  114.03384399999999 296.0 0
  114.11374699999999 164.0 0
  114.167023 60.0 0
  114.20783999999999 192.0 0
  114.21354699999999 276.0 0
  114.744278 156.0 0
  114.79579899999999 96.0 0
  114.81590999999999 28.70417 0
  114.995689 164.0 0
  115.055267 4254.0 1
  115.104401 196.0 0
  115.14920799999999 68.0 0
  115.214317 96.0 0
  115.240921 176.0 0
  115.274605 264.0 0
  115.297989 80.0 0
  115.38452099999999 188.0 0
  115.396858 96.0 0
  115.408211 9.556818 0
  115.41525299999999 144.0 0
  115.67388899999999 136.0 0
  115.724373 52.0 0
  115.77726 168.0 0
  115.87501499999999 120.0 0
  115.90768399999999 176.0 0
  115.939758 168.0 0
  116.04567 152.0 0
  116.05039199999999 2412.0 1
  116.159897 172.0 0
  116.212936 172.0 0
  116.222122 14.82469 0
  116.38472 72.0 0
  116.407501 8.775678 0
  116.832954 180.0 0
  116.84715299999999 196.0 0
  116.96972699999999 180.0 0
  116.99400299999999 176.0 0
  117.03330199999999 528.0 0
  117.039818 188.0 0
  117.066429 156.0 0
  117.07404299999999 608.0 0
  117.238411 64.0 0
  117.259682 140.0 0
  117.504425 9.149692 0
  117.518501 29.258421 0
  117.543228 216.0 0
  117.718803 128.0 0
  117.808731 152.0 0
  117.822418 108.0 0
  117.87495399999999 136.0 0
  118.034813 46.375 0
  118.03682699999999 208.0 0
  118.05064399999999 180.0 0
  118.063492 196.0 0
  118.152023 48.0 0
  118.262154 144.0 0
  118.298706 132.0 0
  118.53582 156.0 0
  118.54825699999999 160.0 0
  118.590599 168.0 0
  118.682182 228.0 0
  118.76373299999999 344.0 0
  118.97579999999999 120.0 0
  119.042526 276.0 0
  119.04624199999999 232.0 0
  119.048569 200.0 0
  119.058678 144.0 0
  119.074074 33.23214 0
  119.159538 68.0 0
  119.383698 196.0 0
  119.702103 240.0 0
  119.749443 232.0 0
  119.763092 212.0 0
  119.892517 120.0 0
  119.996078 144.0 0
  120.021255 23.933611 0
  120.03538499999999 180.0 0
  120.037712 125.0 0
  120.04476199999999 109.0 0
  120.08062 148.0 0
  120.282257 196.0 0
  120.409233 244.0 0
  120.615585 3.586925 0
  120.617943 212.0 0
  120.63448299999999 80.0 0
  120.66587799999999 196.0 0
  120.67081499999999 228.0 0
  120.748543 84.0 0
  120.77355999999999 12.08333 0
  120.80459599999999 180.0 0
  120.820793 152.0 0
  120.928947 120.0 0
  120.95195 192.0 0
  120.9571 116.0 0
  120.990822 9.645833 0
  121.017838 158.0 0
  121.029411 172.0 0
  121.05055999999999 1419.0 0
  121.062462 32.934261 0
  121.117081 196.0 0
  121.126122 60.0 0
  121.139107 156.0 0
  121.279922 33.898811 0
  121.316475 132.0 0
  121.396194 104.0 0
  121.554932 11.42004 0
  121.637283 196.0 0
  121.64679699999999 164.0 0
  121.668381 156.0 0
  121.680977 140.0 0
  121.723885 152.0 0
  121.74080699999999 40.0 0
  121.76348899999999 212.0 0
  121.77261399999999 92.0 0
  122.00315099999999 188.0 0
  122.063316 3010.0 1
  122.06819899999999 2172.0 0
  122.099251 344.0 0
  122.116005 220.0 0
  122.21476 27.640829 0
  122.34642 156.0 0
  122.394196 64.0 0
  122.476654 84.0 0
  122.487427 8.413889 0
  122.71118899999999 108.0 0
  122.91201 212.0 0
  122.91561899999999 176.0 0
  123.045593 596.0 0
  123.05916599999999 168.0 0
  123.178314 48.0 0
  123.188148 48.0 0
  123.20722199999999 168.0 0
  123.234077 212.0 0
  123.28836799999999 84.0 0
  123.36370099999999 3.422368 0
  123.415894 116.0 0
  123.436859 72.0 0
  123.485878 232.0 0
  123.516579 176.0 0
  123.60694099999999 188.0 0
  123.616852 44.0 0
  123.66723599999999 48.0 0
  123.81610099999999 132.0 0
  123.846306 96.0 0
  123.899857 120.0 0
  124.02076699999999 772.0 0
  124.02450599999999 184.0 0
  124.07427999999999 124.0 0
  124.08255899999999 136.0 0
  124.08532 152.0 0
  124.102211 152.0 0
  124.165634 184.0 0
  124.26341199999999 140.0 0
  124.33487699999999 148.0 0
  124.412956 104.0 0
  124.46475199999999 112.0 0
  124.5317 80.0 0
  124.571373 224.0 0
  124.65566299999999 200.0 0
  124.751076 168.0 0
  124.76589999999999 144.0 0
  124.799995 160.0 0
  124.940567 188.0 0
  124.978203 160.0 0
  125.02179699999999 2601.0 1
  125.059692 3596.0 1
  125.09211699999999 11881.0 3
  125.21642299999999 252.0 0
  125.22728699999999 176.0 0
  125.31497999999999 184.0 0
  125.38100399999999 7.111111 0
  125.397255 168.0 0
  125.43296799999999 144.0 0
  125.517502 204.0 0
  125.59896099999999 168.0 0
  125.85007499999999 76.0 0
  126.04733999999999 238.240707 0
  126.066261 4185.421875 1
  126.14299 204.0 0
  126.27731299999999 72.0 0
  126.34979999999999 4.968182 0
  126.371506 220.0 0
  126.509338 100.0 0
  126.515991 56.0 0
  126.611916 188.0 0
  126.61546299999999 164.0 0
  126.74460599999999 168.0 0
  126.78417999999999 184.0 0
  126.81000499999999 104.0 0
  127.004211 160.0 0
  127.015503 1964.0 0
  127.03331 160.0 0
  127.036919 486.0 0
  127.04888899999999 557.0 0
  127.11596 548.0 0
  127.173126 156.0 0
  127.183983 80.0 0
  127.35024299999999 128.0 0
  127.464119 2.375 0
  127.58679199999999 196.0 0
  127.613396 160.0 0
  127.62325299999999 84.0 0
  127.673752 152.0 0
  127.73760999999999 156.0 0
  127.872757 128.0 0
  127.88111099999999 72.0 0
  128.008911 188.0 0
  128.015182 71.413643 0
  128.023788 144.0 0
  128.056198 256.0 0
  128.060516 1612.0 0
  128.063248 19.020439 0
  128.126381 168.0 0
  128.269119 64.0 0
  128.321899 212.0 0
  128.383179 14.32414 0
  128.515121 180.0 0
  128.632751 196.0 0
  128.678452 200.0 0
  128.683609 160.0 0
  128.69606 136.0 0
  128.725739 412.0 0
  128.865128 168.0 0
  128.958481 232.0 0
  128.99707 203.458405 0
  129.00415 116.0 0
  129.04585300000002 148.0 0
  129.052505 9327.0 2
  129.06869500000002 168.0 0
  129.094009 168.0 0
  129.297028 140.0 0
  129.541641 148.0 0
  129.62146 164.0 0
  129.654053 168.0 0
  129.910873 224.0 0
  129.96829200000002 156.0 0
  130.037735 193.183395 0
  130.09707600000002 112.0 0
  130.11994900000002 160.0 0
  130.446777 52.0 0
  130.505951 5.074074 0
  130.650497 164.0 0
  130.66687000000002 12.55556 0
  130.741272 192.0 0
  130.78813200000002 140.0 0
  130.924759 112.0 0
  130.944611 128.0 0
  130.956299 180.0 0
  130.982529 168.0 0
  130.986588 164.0 0
  131.011765 56.0 0
  131.016937 200.0 0
  131.04513500000002 148.0 0
  131.05110200000001 912.0 0
  131.08380100000002 1420.0 0
  131.087769 148.0 0
  131.14211400000002 152.0 0
  131.17598 16.59868 0
  131.445694 144.0 0
  131.525848 132.0 0
  131.673965 9.217949 0
  131.71833800000002 180.0 0
  131.933517 232.0 0
  132.034424 176.0 0
  132.047073 212.0 0
  132.11282300000002 212.0 0
  132.230621 96.0 0
  132.28775000000002 104.0 0
  132.521744 232.0 0
  132.56556700000002 108.0 0
  132.57019 188.0 0
  132.66684 128.0 0
  132.81156900000002 148.0 0
  132.95713800000001 212.0 0
  132.98580900000002 140.0 0
  132.99156200000002 260.0 0
  133.023254 6587.0 1
  133.026871 3464.0 1
  133.065033 148.0 0
  133.13552900000002 232.0 0
  133.341476 140.0 0
  133.360947 200.0 0
  133.566437 180.0 0
  133.64857500000002 204.0 0
  133.657135 48.0 0
  133.73417700000002 72.0 0
  133.748352 260.0 0
  133.750427 80.0 0
  133.785233 416.0 0
  133.867661 172.0 0
  133.932556 212.0 0
  133.966568 100.0 0
  134.03263900000002 204.0 0
  134.036087 2560.0 1
  134.070526 592.0 0
  134.083267 188.0 0
  134.102341 196.0 0
  134.48979200000002 164.0 0
  134.694031 164.0 0
  134.884659 164.0 0
  134.94116200000002 132.0 0
  134.95340000000002 49.70454 0
  134.988754 204.0 0
  135.04083300000002 3730.0 1
  135.043533 8992.0 2
  135.069672 1598.0 0
  135.07605 112.0 0
  135.078735 63.05444 0
  135.081894 208.0 0
  135.11573800000002 607.0 0
  135.321213 112.0 0
  135.43287700000002 192.0 0
  135.576996 156.0 0
  135.588501 180.0 0
  135.628159 160.0 0
  135.656067 132.0 0
  135.746246 212.0 0
  135.75671400000002 180.0 0
  136.00827 2061.197998 0
  136.01400800000002 184.0 0
  136.01800500000002 176.0 0
  136.050659 536.0 0
  136.0755 604.0 0
  136.14901700000001 96.0 0
  136.23632800000001 40.0 0
  136.258484 112.0 0
  136.36183200000002 6.363636 0
  136.41545100000002 60.0 0
  136.438858 104.0 0
  136.52023300000002 160.0 0
  136.56478900000002 88.0 0
  136.835037 160.0 0
  136.902084 144.0 0
  136.928726 132.0 0
  136.936813 156.0 0
  136.93910200000002 208.0 0
  136.954803 156.0 0
  136.983734 160.0 0
  136.986649 5415.0 1
  137.020462 460.0 0
  137.056824 10.5464 0
  137.060638 132.0 0
  137.080002 168.0 0
  137.287567 140.0 0
  137.367096 188.0 0
  137.604599 144.0 0
  137.780502 32.0 0
  137.984421 108.0 0
  138.024368 10647.080078 2
  138.03157000000002 1048.0 0
  138.060067 137.0 0
  138.154999 144.0 0
  138.352707 200.0 0
  138.57522600000001 180.0 0
  138.68090800000002 88.0 0
  139.043701 96.0 0
  139.055573 252.0 0
  139.077682 276.0 0
  139.537216 68.0 0
  139.783432 120.0 0
  139.843262 104.0 0
  139.925034 40.0 0
  140.228195 60.0 0
  140.258224 252.0 0
  140.295532 156.0 0
  140.330231 40.0 0
  140.948013 108.0 0
  140.96627800000002 16.50107 0
  141.05448900000002 164.0 0
  141.068771 176.0 0
  141.071304 140.046906 0
  141.077942 3036.0 1
  141.155762 176.0 0
  141.23443600000002 164.0 0
  141.236695 208.0 0
  141.334351 164.0 0
  141.482697 136.0 0
  141.49070700000001 152.0 0
  141.63110400000002 180.0 0
  141.645691 208.0 0
  141.96353100000002 136.0 0
  141.980682 136.0 0
  142.00451700000002 580.0 0
  142.01838700000002 1.963141 0
  142.073486 216.0 0
  142.08827200000002 180.0 0
  142.295166 144.0 0
  142.435318 232.0 0
  142.719482 168.0 0
  142.873657 124.0 0
  142.89154100000002 196.0 0
  142.93898000000002 44.0 0
  143.019012 60.0 0
  143.04972800000002 332.0 0
  143.072281 380.0 0
  143.085159 360.0 0
  143.088501 216.0 0
  143.131134 428.0 0
  143.16201800000002 92.0 0
  143.657974 148.0 0
  143.71360800000002 3.027778 0
  143.72554 132.0 0
  143.786514 212.0 0
  143.904816 144.0 0
  143.984589 116.0 0
  144.05294800000001 196.0 0
  144.069626 120.0 0
  144.179596 220.0 0
  144.221436 72.0 0
  144.26130700000002 132.0 0
  144.432129 100.0 0
  144.780045 124.0 0
  144.78697200000002 176.0 0
  144.93364 4.66821 0
  144.96904 140.0 0
  144.976166 208.0 0
  144.987 109.317299 0
  145.036346 180.0 0
  145.05098 15144.0 3
  145.06182900000002 164.0 0
  145.091934 84.0 0
  145.137024 156.0 0
  145.151657 136.0 0
  145.248825 220.0 0
  145.261749 148.0 0
  145.27417 200.0 0
  145.620026 148.0 0
  145.659256 164.0 0
  145.709976 168.0 0
  145.963821 204.0 0
  146.00074800000002 190.338303 0
  146.00430300000002 144.0 0
  146.007706 14.592746 0
  146.09011800000002 164.0 0
  146.096283 1312.0 0
  146.201355 92.0 0
  146.635391 104.0 0
  146.65842600000002 168.0 0
  146.663162 168.0 0
  146.675644 176.0 0
  146.69541900000002 92.0 0
  146.920868 332.0 0
  146.94043000000002 112.0 0
  147.00647 180.0 0
  147.043106 636.0 0
  147.08467100000001 272.0 0
  147.139938 36.0 0
  147.282486 176.0 0
  147.3862 172.0 0
  147.440247 200.0 0
  147.777222 96.0 0
  147.810745 128.0 0
  147.854599 48.0 0
  147.88841200000002 44.0 0
  147.97409100000002 128.0 0
  148.041855 525.0 0
  148.076202 132.0 0
  148.111557 38.833328 0
  148.120178 124.0 0
  148.396622 240.0 0
  148.553726 108.0 0
  148.948196 64.0 0
  149.021286 3.215278 0
  149.05783100000002 1000.0 0
  149.09445200000002 328.0 0
  149.48718300000002 220.0 0
  149.50103800000002 176.0 0
  149.57423400000002 200.0 0
  149.967102 188.0 0
  150.026855 1681.0 0
  150.053879 404.0 0
  150.17923000000002 184.0 0
  150.24482700000002 96.0 0
  150.26821900000002 59.049599 0
  150.277298 128.0 0
  150.416885 152.0 0
  150.51680000000002 60.0 0
  150.837082 48.0 0
  150.851608 76.0 0
  150.856308 112.0 0
  150.87565600000002 204.0 0
  150.88978600000002 200.0 0
  150.90879800000002 188.0 0
  150.924866 144.0 0
  150.949692 168.0 0
  150.999039 124.0 0
  151.04298400000002 188.0 0
  151.058578 180.265701 0
  151.075424 19786.0 4
  151.20697 128.0 0
  151.258163 100.0 0
  151.272369 248.0 0
  151.690063 172.0 0
  151.748535 52.0 0
  151.89505 124.0 0
  151.904831 96.0 0
  152.03656 676.0 0
  152.063904 36.0 0
  152.120911 160.0 0
  152.182739 172.0 0
  152.379929 124.0 0
  152.70455900000002 156.0 0
  153.011505 164.0 0
  153.041428 3985.0 1
  153.068375 584.0 0
  153.082291 124.0 0
  153.15269500000002 116.0 0
  153.221756 104.0 0
  153.236099 148.0 0
  153.320999 120.0 0
  153.619492 184.0 0
  154.031067 1142.214966 0
  154.07139600000002 148.0 0
  154.17868 176.0 0
  154.31105 48.0 0
  154.416534 44.30682 0
  154.43248 200.0 0
  154.710342 140.0 0
  154.77650500000001 156.0 0
  154.83812 216.0 0
  154.849243 180.0 0
  155.022842 660.0 0
  155.059952 68.0 0
  155.067307 136.0 0
  155.083603 132.0 0
  155.098007 244.0 0
  155.14939900000002 56.0 0
  155.15377800000002 596.374023 0
  155.656921 132.0 0
  155.771591 168.0 0
  156.058121 56.0 0
  156.069131 617.0 0
  156.086273 572.0 0
  156.16571000000002 228.0 0
  156.25482200000002 152.0 0
  156.55117800000002 52.0 0
  156.60226400000002 6.671297 0
  156.900192 132.0 0
  157.01019300000002 120.0 0
  157.100128 529.22467 0
  157.53521700000002 116.0 0
  158.019867 264.0 0
  158.051346 437.0 0
  158.070908 160.0 0
  158.164139 132.0 0
  158.222275 68.0 0
  158.278061 2.376736 0
  158.327011 30.43721 0
  158.376724 176.0 0
  158.506912 16.752159 0
  158.96159400000002 176.0 0
  158.971313 240.0 0
  158.98541300000002 128.0 0
  159.06878700000001 120.0 0
  159.07290600000002 172.0 0
  159.077133 168.0 0
  159.080963 1720.0 0
  159.306198 92.0 0
  159.328033 156.0 0
  159.354523 104.0 0
  159.39999400000002 3.342592 0
  159.413956 76.0 0
  159.448257 152.0 0
  159.477539 96.0 0
  159.687653 120.0 0
  159.782303 60.0 0
  159.792313 132.0 0
  160.016006 286876.0 63
  160.106964 160.0 0
  160.21026600000002 152.0 0
  160.217041 60.0 0
  160.229263 128.0 0
  160.24087500000002 92.0 0
  160.483047 29.77733 0
  160.516998 80.0 0
  160.556534 252.0 0
  160.624466 200.0 0
  160.771286 116.0 0
  160.909332 156.0 0
  161.03843700000002 156.0 0
  161.052713 152.0 0
  161.15922500000002 48.0 0
  161.297165 124.0 0
  161.319519 160.0 0
  161.40652500000002 112.0 0
  161.476685 84.0 0
  161.59355200000002 140.0 0
  161.649246 136.0 0
  161.78590400000002 184.0 0
  161.957199 76.0 0
  162.026855 8657.0 2
  162.057098 666.0 0
  162.067734 816.0 0
  162.07577500000002 121.831299 0
  162.087463 320.0 0
  162.10003700000001 44.0 0
  162.20652800000002 60.0 0
  162.34433 16.777781 0
  162.475342 192.0 0
  162.67309600000002 180.0 0
  162.73602300000002 188.0 0
  162.78559900000002 236.0 0
  162.841766 40.0 0
  162.89192200000002 148.0 0
  163.03126500000002 576.0 0
  163.03363000000002 1232.0 0
  163.07714800000002 17.87756 0
  163.106781 684.0 0
  163.110825 2590.129883 1
  163.164993 3.430804 0
  163.244339 53.08176 0
  163.48756400000002 212.0 0
  163.759689 160.0 0
  163.855637 128.0 0
  163.87312300000002 7.721491 0
  163.996124 52.0 0
  164.08900500000001 160.0 0
  164.102158 200.0 0
  164.123932 196.0 0
  164.14209 116.0 0
  164.345673 176.0 0
  164.388031 180.0 0
  164.58337400000002 148.0 0
  164.696518 216.0 0
  164.81015000000002 148.0 0
  164.922211 60.0 0
  165.068726 388.0 0
  165.07547 216.0 0
  165.657654 248.0 0
  165.71138000000002 108.0 0
  165.71893300000002 60.0 0
  165.829269 212.0 0
  165.937378 85.609779 0
  166.024643 160.0 0
  166.073013 512.0 0
  166.07728600000002 896.0 0
  166.1297 8.017858 0
  166.214584 188.0 0
  166.222168 160.0 0
  166.517502 68.0 0
  166.605255 59.516842 0
  166.719864 132.0 0
  166.75190700000002 76.0 0
  166.77070600000002 14.8559 0
  166.775116 132.0 0
  167.018326 236.0 0
  167.038315 408.0 0
  167.071304 1572.0 0
  167.082916 3622.0 1
  167.08668500000002 164.0 0
  167.391266 196.0 0
  167.914185 28.0 0
  167.99267600000002 72.0 0
  168.05479400000002 243.0 0
  168.057556 2924.0 1
  168.08067300000002 4545.0 1
  168.093872 380.0 0
  168.387085 92.0 0
  168.42944300000002 22.133329 0
  168.634613 72.0 0
  168.711792 136.0 0
  168.82605 92.0 0
  168.861206 2.334722 0
  168.885635 188.0 0
  169.05044600000002 1923.0 0
  169.059021 372.0 0
  169.08017 252.0 0
  169.09634400000002 244.0 0
  169.10153200000002 167.700897 0
  169.104721 278.0 0
  169.457657 164.0 0
  169.597961 216.0 0
  169.72203100000002 160.0 0
  169.81289700000002 164.0 0
  170.19850200000002 148.0 0
  170.34916700000002 22.57843 0
  170.404129 108.0 0
  170.480118 152.0 0
  170.68704200000002 156.0 0
  170.75531 204.0 0
  170.758972 136.0 0
  171.000955 140.0 0
  171.034149 438.0 0
  171.070297 48.0 0
  171.075363 1273.0 0
  171.08536700000002 180.0 0
  171.090515 432.0 0
  171.092737 585.0 0
  171.37870800000002 172.0 0
  171.569611 140.0 0
  171.68483 120.0 0
  171.76426700000002 64.0 0
  171.810852 124.0 0
  171.95961 156.0 0
  172.086365 234.611603 0
  172.115173 172.0 0
  172.12965400000002 152.0 0
  172.218063 80.0 0
  172.34002 176.0 0
  172.41398600000002 72.0 0
  172.542542 172.0 0
  172.619934 124.0 0
  172.645905 56.0 0
  172.97226 152.0 0
  173.020523 1195.0 0
  173.06778 180.0 0
  173.07646200000002 172.0 0
  173.132019 486.659607 0
  173.253601 72.0 0
  173.35543800000002 244.0 0
  173.654007 192.0 0
  173.93486000000001 60.0 0
  174.016174 1376.0 0
  174.04582200000002 1946.0 0
  174.09857200000002 184.0 0
  174.127701 144.0 0
  174.148911 180.0 0
  174.31369 224.0 0
  174.508957 156.0 0
  174.84787 144.0 0
  174.89807100000002 212.0 0
  174.909988 152.0 0
  174.984055 380.0 0
  175.05067400000001 24752.0 5
  175.084 39774.0 9
  175.10595700000002 240.0 0
  175.110611 140.0 0
  175.372879 252.0 0
  175.403976 48.0 0
  175.85311900000002 40.0 0
  176.01203900000002 72.0 0
  176.072372 172.0 0
  176.07901 152.0 0
  176.104996 3016.0 1
  176.115173 292.0 0
  176.12764 172.0 0
  176.224319 60.0 0
  176.321777 15.37315 0
  176.355164 244.0 0
  176.92013500000002 60.0 0
  176.94537400000002 156.0 0
  177.025146 152.0 0
  177.050134 100.0 0
  177.05248400000002 216.0 0
  177.057114 18.0 0
  177.15233700000002 148.0 0
  177.301575 52.0 0
  177.348709 97.194557 0
  177.532089 224.0 0
  177.539871 100.0 0
  177.656067 76.0 0
  177.73173500000001 120.0 0
  177.98793 176.0 0
  178.058701 72.863052 0
  178.062363 3528.0 1
  178.092957 340.0 0
  178.35668900000002 404.0 0
  178.369965 132.0 0
  178.530777 200.0 0
  178.563995 188.0 0
  178.601288 88.0 0
  178.649887 18.38592 0
  178.79530300000002 212.0 0
  178.875198 108.0 0
  179.201782 100.0 0
  179.367661 43.524052 0
  179.58046000000002 48.0 0
  179.691177 7.041667 0
  179.85818500000002 168.0 0
  180.04637100000002 168.0 0
  180.053955 470.0 0
  180.05920400000002 140.0 0
  180.152679 184.0 0
  180.179413 76.0 0
  180.254028 24.195511 0
  180.33651700000001 208.0 0
  180.577774 236.0 0
  180.58122300000002 196.0 0
  180.66175800000002 120.0 0
  180.951218 160.0 0
  180.98687700000002 168.0 0
  181.043304 373.0 0
  181.063171 692.0 0
  181.075455 3988.034912 1
  181.078506 88.189354 0
  181.086365 348.0 0
  181.107742 664.0 0
  181.269348 176.0 0
  181.349014 112.0 0
  181.88266000000002 168.0 0
  181.92804 164.0 0
  181.97702 15.02885 0
  182.06346100000002 368.0 0
  182.06694000000002 128.0 0
  182.069992 172.0 0
  182.253586 156.0 0
  182.26973 168.0 0
  182.285995 46.820332 0
  182.369507 228.0 0
  182.381653 100.0 0
  182.38386500000001 264.0 0
  182.446609 52.0 0
  182.72529600000001 108.0 0
  182.813141 5.416667 0
  182.86106900000001 84.0 0
  182.918427 176.0 0
  183.03427100000002 256.0 0
  183.074936 56.0 0
  183.084763 160.0 0
  183.102631 256.788086 0
  183.53353900000002 156.0 0
  183.930679 212.0 0
  183.94610600000001 156.0 0
  184.03027300000002 3653.0 1
  184.06835900000002 1512.43103 0
  184.07913200000002 260.0 0
  184.169815 148.0 0
  184.205185 140.0 0
  184.30929600000002 188.0 0
  184.486038 156.0 0
  184.534409 184.0 0
  184.63887 168.0 0
  184.688736 108.0 0
  184.699554 36.0 0
  184.81968700000002 56.0 0
  185.243607 132.0 0
  185.253296 60.0 0
  185.37886 156.0 0
  185.438995 168.0 0
  185.534241 60.0 0
  185.546814 128.0 0
  185.69158900000002 160.0 0
  185.747025 132.0 0
  186.049759 3484.0 1
  186.078003 14.01333 0
  186.08471 172.0 0
  186.16171300000002 160.0 0
  186.574799 208.0 0
  186.894089 216.0 0
  187.035516 101191.0 22
  187.073959 294.0 0
  187.11264 500.0 0
  187.12056 1110.883057 0
  187.13150000000002 296.0 0
  187.578247 100.0 0
  187.75946000000002 108.0 0
  187.966766 12.69714 0
  188.071609 164.0 0
  188.08088700000002 304.0 0
  188.150101 596.0 0
  188.234238 132.0 0
  188.52645900000002 84.0 0
  188.53746 156.0 0
  188.755646 136.0 0
  189.042313 8774.0 2
  189.052063 96.0 0
  189.10839800000002 64.0 0
  189.12439 25.95833 0
  189.228195 184.0 0
  189.497192 168.0 0
  189.577393 152.0 0
  189.591858 144.0 0
  189.63952600000002 172.0 0
  189.689346 144.0 0
  190.06552100000002 2969.363037 1
  190.19021600000002 56.0 0
  190.59208700000002 204.0 0
  190.745605 13.794259 0
  190.85316500000002 152.0 0
  190.86705 120.0 0
  190.951645 28.0 0
  190.97151 227.0 0
  191.00018300000002 164.0 0
  191.046402 104.0 0
  191.117615 19580.0 4
  191.142838 432.0 0
  191.223282 60.0 0
  191.419952 108.0 0
  191.47430400000002 48.0 0
  191.549774 60.0 0
  191.796356 112.0 0
  191.879547 180.0 0
  191.882645 136.0 0
  192.064545 3544.0 1
  192.088943 116.0 0
  192.41566500000002 124.0 0
  192.573471 40.0 0
  192.743713 204.0 0
  193.012665 204.0 0
  193.069412 156.0 0
  193.07376100000002 144.0 0
  193.119934 540.0 0
  193.278442 200.0 0
  193.302307 148.0 0
  193.495697 144.0 0
  193.578042 176.0 0
  193.81007400000001 136.0 0
  193.851944 76.0 0
  194.089523 176.0 0
  194.123306 192.0 0
  194.555542 120.0 0
  194.61024500000002 148.0 0
  194.783295 220.0 0
  194.98744200000002 128.0 0
  195.079056 516.0 0
  195.119965 76.0 0
  195.28263900000002 56.0 0
  195.43666100000002 204.0 0
  195.452042 88.0 0
  195.50413500000002 36.0 0
  195.718307 72.0 0
  195.84440600000002 148.0 0
  196.098068 136.0 0
  196.108932 216.0 0
  196.116135 4356.0 1
  196.164444 148.0 0
  196.2845 112.0 0
  196.393921 112.0 0
  196.56424 208.0 0
  196.93367 204.0 0
  197.08100000000002 1.0 0
  197.152863 160.0 0
  197.381516 148.0 0
  197.386765 156.0 0
  197.43609600000002 68.0 0
  197.505539 192.0 0
  197.925003 204.0 0
  198.056747 52.26667 0
  198.507156 160.0 0
  198.56012 32.0 0
  198.986954 188.0 0
  199.006683 196.0 0
  199.025269 168.0 0
  199.05548100000001 19582.0 4
  199.072311 188.0 0
  199.086633 5600.0 1
  199.11026 260.0 0
  199.242554 172.0 0
  199.404541 172.0 0
  200.050293 628.0 0
  200.074631 360.0 0
  200.07856800000002 140.0 0
  200.089066 96.0 0
  200.154312 268.894196 0
  200.598679 60.0 0
  200.856201 152.0 0
  200.91416900000002 148.0 0
  201.053696 580.0 0
  201.08784500000002 864.0 0
  201.129684 152.0 0
  201.592331 64.0 0
  201.64712500000002 96.0 0
  201.674133 52.0 0
  201.73133900000002 160.0 0
  201.829498 212.0 0
  201.986694 228.0 0
  202.043091 1632.0 0
  202.0755 272.0 0
  202.13162200000002 160.0 0
  202.197678 5.064637 0
  202.234756 212.0 0
  202.509445 124.0 0
  202.530282 184.0 0
  202.598755 5.388158 0
  202.67816200000001 184.0 0
  202.84603900000002 196.0 0
  202.859314 116.0 0
  202.943039 220.0 0
  203.03273000000002 1088.0 0
  203.046005 2010.0 0
  203.070465 3780.0 1
  203.07801800000001 396.0 0
  203.149963 1274630.0 279
  203.171173 104.0 0
  203.769135 156.0 0
  203.814377 6.001984 0
  203.992661 324.0 0
  204.03439300000002 196.0 0
  204.042709 140.0 0
  204.07844500000002 388.0 0
  204.084824 180.0 0
  204.399857 76.0 0
  204.473938 68.0 0
  204.486603 156.0 0
  204.54362500000002 156.0 0
  204.81509400000002 140.0 0
  205.043076 308.0 0
  205.08126800000002 212.0 0
  205.087875 208.0 0
  205.399506 148.0 0
  205.462402 216.0 0
  205.68687400000002 176.0 0
  206.018997 702512.0 154
  206.107681 256.0 0
  206.465424 172.0 0
  206.554306 152.0 0
  206.569458 68.0 0
  206.74267600000002 120.0 0
  207.027893 168.0 0
  207.050485 141.0 0
  207.07016000000002 248.0 0
  207.087784 152.0 0
  207.360153 140.0 0
  207.37085000000002 60.0 0
  207.490219 44.0 0
  207.517731 96.0 0
  207.66154500000002 36.0 0
  207.756393 148.0 0
  207.788544 152.0 0
  207.904953 132.0 0
  208.01632700000002 228.0 0
  208.170364 172.0 0
  208.24211100000002 88.0 0
  208.26076600000002 420.0 0
  208.28952 44.0 0
  208.477829 4.5375 0
  208.715836 96.0 0
  208.778854 76.0 0
  208.83010900000002 156.0 0
  209.073318 524.0 0
  209.080307 328.0 0
  209.11213700000002 192.0 0
  209.12918100000002 1248.0 0
  209.438278 168.0 0
  209.687439 60.0 0
  209.697113 96.0 0
  209.97714200000001 228.0 0
  209.98228500000002 28.0 0
  210.16004900000001 1272.0 0
  210.30058300000002 48.0 0
  210.67721600000002 84.0 0
  211.035721 60.0 0
  211.04071000000002 140.0 0
  211.32577500000002 164.0 0
  211.38943500000002 72.0 0
  211.48043800000002 68.0 0
  211.860275 160.0 0
  212.113068 110.0 0
  212.14012200000002 2816.0 1
  212.65025300000002 136.0 0
  213.05049100000002 160.0 0
  213.083344 107.527695 0
  213.180185 303.0 0
  213.611603 228.0 0
  213.623199 124.0 0
  214.093567 118.0 0
  214.134094 148.0 0
  214.966507 529.681519 0
  214.984482 160.0 0
  215.082184 27.9697 0
  215.092361 4441.321777 1
  215.10665600000002 1.0 0
  215.146667 1398.0 0
  215.528717 80.0 0
  215.71017500000002 765.0 0
  215.849817 156.0 0
  216.009476 10.75556 0
  216.011978 208.0 0
  216.115845 496.0 0
  216.200455 112.0 0
  216.37626600000002 176.0 0
  216.87158200000002 36.0 0
  216.899551 196.0 0
  217.029236 145.0 0
  217.070221 552.0 0
  217.207458 7.510417 0
  217.57840000000002 28.84004 0
  217.65055800000002 1792.965698 0
  217.84625200000002 847.0 0
  217.91154500000002 220.0 0
  218.084396 148.0 0
  218.094116 1648.0 0
  218.252411 196.0 0
  218.293472 120.0 0
  218.304901 124.0 0
  218.72035200000002 148.0 0
  219.100342 140.0 0
  219.672974 124.0 0
  220.069519 152.0 0
  220.08393900000002 684.0 0
  220.126526 300.0 0
  220.351334 68.0 0
  220.43888900000002 80.0 0
  220.530289 112.0 0
  220.73820500000002 88.0 0
  221.02246100000002 8484.0 2
  221.058807 512.0 0
  221.07023600000002 384.0 0
  221.102295 6764.0 1
  221.12648000000002 176.0 0
  221.250641 180.0 0
  221.416382 192.0 0
  221.477402 164.0 0
  221.639557 232.0 0
  221.753464 56.0 0
  222.09298700000002 10856.0 2
  222.69030800000002 76.0 0
  222.862885 164.0 0
  223.107452 12.89352 0
  223.14407300000002 152.0 0
  223.240814 88.0 0
  223.502182 52.0 0
  223.603455 156.0 0
  223.682037 88.0 0
  223.960687 176.0 0
  224.009216 196.0 0
  224.02444500000001 212.0 0
  224.126114 128.0 0
  224.152328 512.0 0
  224.34127800000002 160.0 0
  224.688614 132.0 0
  225.04890400000002 184.0 0
  225.147217 204.0 0
  225.339508 36.0 0
  225.504715 11.76179 0
  225.60754400000002 92.0 0
  225.73703 92.0 0
  225.790771 88.0 0
  225.950211 168.0 0
  226.190811 48.0 0
  226.483215 148.0 0
  226.73846400000002 144.0 0
  226.850906 30.164471 0
  227.07782 97.844299 0
  227.105347 6864.0 2
  227.149078 140.0 0
  227.34314 232.0 0
  227.443115 160.0 0
  228.021362 168.0 0
  228.09967 2408.0 1
  228.13244600000002 132.0 0
  228.145325 608.0 0
  228.23765600000002 312.0 0
  228.558273 148.0 0
  228.738693 196.0 0
  229.075851 148.0 0
  229.118896 396.0 0
  229.13081400000002 136.0 0
  229.164185 684.0 0
  229.257278 56.951309 0
  229.532578 84.0 0
  229.56500200000002 68.0 0
  229.72554 116.0 0
  229.785156 80.0 0
  229.80418400000002 204.0 0
  229.882278 60.0 0
  229.983765 1196.0 0
  229.989755 136.0 0
  230.113953 212.0 0
  230.47996500000002 200.0 0
  230.552307 96.0 0
  230.67845200000002 124.0 0
  230.74778700000002 156.0 0
  230.792267 152.0 0
  230.866333 208.0 0
  231.060852 140.0 0
  231.548492 52.0 0
  231.615723 2.664474 0
  231.787292 176.0 0
  232.045975 58.340279 0
  232.08963 38.035568 0
  232.16879300000002 168.0 0
  232.451111 48.0 0
  232.455688 144.0 0
  232.63504 128.0 0
  232.75335700000002 140.0 0
  232.972641 184.0 0
  233.11523400000002 91162.0 20
  233.133194 212.0 0
  233.14016700000002 164.0 0
  233.349014 5.633333 0
  233.573776 72.0 0
  233.646805 84.0 0
  233.652161 56.0 0
  233.736771 72.0 0
  233.87106300000002 152.0 0
  233.87702900000002 44.0 0
  234.02769500000002 48.0 0
  234.08419800000001 124.0 0
  234.089294 522.0 0
  234.117578 188.0 0
  234.36161800000002 148.0 0
  234.78894 80.0 0
  234.973251 100.0 0
  235.014923 152.0 0
  235.133118 184.0 0
  235.64613300000002 152.0 0
  235.66708400000002 76.0 0
  236.303894 56.0 0
  236.342957 92.0 0
  236.579971 164.0 0
  237.094482 704.0 0
  237.102676 212.0 0
  237.16128500000002 352.0 0
  237.177994 18.13286 0
  237.329407 180.0 0
  238.055618 2076.0 0
  238.366486 212.0 0
  238.678345 180.0 0
  239.027649 380.0 0
  239.164612 27.35 0
  239.169006 26565.0 6
  239.25705000000002 148.0 0
  239.702484 120.0 0
  239.963455 52.0 0
  240.07333400000002 52409.0 11
  240.08668500000002 240.0 0
  240.990799 192.0 0
  241.191238 352.0 0
  241.211389 112.0 0
  241.490341 48.0 0
  241.573914 10.60227 0
  241.580185 100.0 0
  241.801117 108.0 0
  241.859055 52.561779 0
  242.00950600000002 88.0 0
  242.15506000000002 228.0 0
  242.160843 1332.0 0
  242.300812 32.59351 0
  242.89643900000002 80.0 0
  242.93519600000002 180.0 0
  243.02449000000001 144.0 0
  243.058319 136.0 0
  243.075928 144.0 0
  243.61930800000002 10.27222 0
  243.731369 204.0 0
  243.808075 52.0 0
  244.032227 140.0 0
  244.115433 32.446758 0
  244.182297 60.0 0
  244.40927100000002 144.0 0
  244.58403 91.372276 0
  244.77533 116.0 0
  244.844818 124.0 0
  244.93647800000002 112.0 0
  245.11566200000001 31608.0 7
  245.163483 124.0 0
  245.21202100000002 96.0 0
  245.83046000000002 164.0 0
  246.109543 376.0 0
  246.11615 144.0 0
  246.599579 156.0 0
  247.133362 276.0 0
  247.351715 164.0 0
  247.630264 152.0 0
  247.64433300000002 204.0 0
  248.237595 112.0 0
  248.45077500000002 164.0 0
  248.64016700000002 40.0 0
  248.713211 76.0 0
  249.00103800000002 48.0 0
  250.066315 576.0 0
  250.07200600000002 74906.0 16
  250.08796700000002 7784.0 2
  250.162766 144.0 0
  250.25972000000002 236.0 0
  250.520126 108.0 0
  251.076004 2564456.0 561
  251.16400000000002 1.0 0
  251.326782 72.0 0
  251.56007400000001 128.0 0
  251.885162 120.0 0
  252.08148200000002 348.0 0
  252.091888 168.0 0
  252.531677 5.480072 0
  252.69189500000002 18.799999 0
  253.030572 172.0 0
  253.439133 8.429511 0
  254.04156500000002 212.0 0
  254.05577100000002 352.0 0
  254.090469 236.0 0
  254.104095 116.0 0
  254.72842400000002 36.0 0
  255.09097300000002 112.0 0
  255.42378200000002 44.0 0
  255.613495 328.0 0
  256.018005 159645.0 35
  256.053131 15.3344 0
  256.10202 68.0 0
  256.108643 112.0 0
  256.32937599999997 116.0 0
  256.506287 84.0 0
  256.591797 116.0 0
  256.843597 196.0 0
  256.874908 68.0 0
  257.19418299999995 136.0 0
  258.10729999999995 2424.0 1
  258.859985 7.002315 0
  258.915283 132.0 0
  259.0961 9000.0 2
  259.44485499999996 6.25 0
  259.61209099999996 156.0 0
  259.658234 96.0 0
  260.161133 112.0 0
  260.808319 14.7648 0
  260.932465 196.0 0
  261.030304 716.0 0
  261.06719999999996 164.0 0
  261.16171299999996 200.0 0
  261.602936 160.0 0
  261.611389 92.0 0
  261.617889 164.0 0
  261.948517 108.0 0
  262.076355 176.0 0
  262.11648599999995 400.0 0
  262.25512699999996 68.0 0
  262.533417 128.0 0
  262.559418 148.0 0
  262.899078 4.083333 0
  262.909332 92.0 0
  262.959076 614.100159 0
  262.98675499999996 88.0 0
  263.390411 32.0 0
  263.90625 172.0 0
  264.02178999999995 88.0 0
  264.57113599999997 22.83456 0
  264.908264 4.69697 0
  264.97293099999996 200.0 0
  265.059448 156.0 0
  265.304962 20.868589 0
  265.368469 11.00595 0
  265.67904699999997 124.0 0
  265.73245199999997 164.0 0
  265.741516 148.0 0
  265.800171 124.0 0
  265.82681299999996 228.0 0
  266.02356 2225.543945 0
  266.12704499999995 180.0 0
  266.133179 17.115391 0
  266.194397 180.0 0
  266.62841799999995 128.0 0
  266.815796 38.497749 0
  266.83831799999996 20.101139 0
  267.069275 160.0 0
  267.09954799999997 152.0 0
  267.13903799999997 572.0 0
  267.21166999999997 820.0 0
  267.238 216.0 0
  267.45752 6.743843 0
  267.486969 140.0 0
  267.80157499999996 13.05 0
  267.85214199999996 60.0 0
  267.90237399999995 164.0 0
  268.125702 212.0 0
  268.157104 64.0 0
  268.54873699999996 13.8165 0
  268.687317 156.0 0
  269.042236 160.0 0
  269.08419799999996 168.0 0
  269.11776699999996 388.0 0
  269.214258 156.0 0
  269.266083 14.62932 0
  269.39935299999996 13.00424 0
  270.11236599999995 168.0 0
  270.186829 143834.40625 31
  270.189819 616.0 0
  270.308502 92.0 0
  271.13723799999997 172.0 0
  271.94210799999996 112.0 0
  272.092859 232.0 0
  272.123047 152.0 0
  272.135681 116.0 0
  272.191284 164.0 0
  272.491882 48.0 0
  273.441132 18.004629 0
  273.993469 56.0 0
  274.094391 216.0 0
  275.12823499999996 112.0 0
  275.84674099999995 172.0 0
  276.10092199999997 2588.0 1
  276.97189299999997 144.0 0
  277.12033099999996 72.5065 0
  277.15304599999996 164.0 0
  277.606995 152.0 0
  278.065002 923074.0 202
  278.173065 128.0 0
  278.933716 20.282049 0
  279.104523 444.0 0
  279.13854999999995 236.0 0
  279.616852 48.0 0
  279.836792 7.259615 0
  279.98046899999997 140.0 0
  280.11099199999995 4562758.0 999
  280.163025 92.0 0
  280.48632799999996 100.0 0
  280.539276 180.0 0
  280.627014 212.0 0
  281.073877 152.0 0
  281.325195 152.0 0
  281.490479 64.0 0
  281.68112199999996 168.0 0
  282.126221 204.0 0
  282.13107299999996 876.0 0
  282.38327 148.0 0
  282.55465699999996 160.0 0
  283.040863 180.0 0
  283.070648 164.0 0
  283.088165 24199.0 5
  283.39212 108.0 0
  283.702881 140.0 0
  284.025696 144.0 0
  284.103455 160.0 0
  284.171265 148.0 0
  284.36141999999995 60.0 0
  284.538544 204.0 0
  284.888306 148.0 0
  284.910126 172.0 0
  284.98760999999996 68.0 0
  285.057953 92.0 0
  285.18575999999996 180.0 0
  285.35952799999995 144.0 0
  286.07 1.0 0
  286.134705 91.665497 0
  286.555969 220.0 0
  286.619263 180.0 0
  286.998199 132.0 0
  287.065369 140.0 0
  287.26962299999997 136.0 0
  287.54367099999996 60.0 0
  287.86672999999996 112.0 0
  288.356384 68.0 0
  288.92150899999996 40.0 0
  288.98803699999996 208.0 0
  289.062592 116.0 0
  289.68505899999997 44.0 0
  290.01611299999996 83350.0 18
  290.05825799999997 1655.98999 0
  290.16601599999996 26416.0 6
  290.17211299999997 364.0 0
  290.428131 136.0 0
  290.94461099999995 156.0 0
  291.606445 216.0 0
  291.95010399999995 68.0 0
  292.02203399999996 56.0 0
  292.07372999999995 132.0 0
  292.09921299999996 140.0 0
  292.139496 36.958328 0
  292.742645 268.0 0
  292.808746 172.0 0
  293.061157 188.0 0
  293.21756 156.0 0
  294.17553699999996 200.0 0
  294.197052 48.0 0
  294.32543899999996 14.09624 0
  294.511444 84.0 0
  295.06951899999996 1130228.0 247
  295.115723 160.0 0
  295.130188 148.0 0
  295.19665499999996 256.0 0
  295.241205 128.0 0
  295.27563499999997 152.0 0
  295.391388 120.0 0
  295.459473 36.0 0
  296.035156 440.0 0
  296.06955 172.0 0
  296.07269299999996 112.0 0
  296.909088 22.873699 0
  296.94811999999996 72.0 0
  297.155334 46.30135 0
  297.541809 144.0 0
  298.059937 1412.0 0
  298.090698 140.0 0
  298.115509 144.0 0
  298.14282199999997 892.0 0
  298.218658 136.0 0
  298.25212999999997 216.0 0
  298.516174 72.0 0
  299.02533 188.0 0
  299.028863 216.0 0
  299.166809 4380.0 1
  300.751556 52.0 0
  300.868927 152.0 0
  301.12762499999997 1208.0 0
  301.45971699999996 80.0 0
  301.94399999999996 184.0 0
  302.13244599999996 140.0 0
  302.67047099999996 168.0 0
  303.05740399999996 204.0 0
  303.57681299999996 144.0 0
  303.949127 208.0 0
  304.19674699999996 58.03529 0
  304.232483 140.0 0
  304.65924099999995 80.0 0
  305.9935 49.26667 0
  306.069641 328.0 0
  306.078461 188.0 0
  307.424042 212.0 0
  307.736115 168.0 0
  308.100311 136.0 0
  308.167786 104.0 0
  308.274719 144.0 0
  308.919891 56.0 0
  310.220886 1236.0 0
  310.93591299999997 196.0 0
  311.199127 236.0 0
  311.28439299999997 80.0 0
  311.72137499999997 148.0 0
  311.886017 84.0 0
  312.080383 796.0 0
  312.410797 228.0 0
  313.08392299999997 1040.0 0
  313.148285 104.0 0
  313.75830099999996 216.0 0
  313.82922399999995 144.0 0
  313.867737 348.0 0
  314.078583 5844.0 1
  314.93704199999996 96.0 0
  315.226654 300.0 0
  315.233246 276.0 0
  315.54547099999996 0.115016 0
  316.03466699999996 1.0 0
//
