ACCESSION: CCMSLIB00000080331
RECORD_TITLE: decoy
DATE: 2015.11.20
AUTHORS: Administrator
LICENSE: CC BY-SA
CH$NAME: decoy
CH$COMPOUND_CLASS: Natural Product
CH$FORMULA: C28H33N5O5
CH$EXACT_MASS: 519.248169156
CH$SMILES: N/A
CH$IUPAC: decoy
CH$LINK: N/A
AC$INSTRUMENT: decoy
AC$INSTRUMENT_TYPE: decoy
AC$MASS_SPECTROMETRY: MS_TYPE MS2
AC$MASS_SPECTROMETRY: ION_MODE POSITIVE
AC$MASS_SPECTROMETRY: COLLISION_ENERGY 10 V
MS$FOCUSED_ION: PRECURSOR_M/Z 520
MS$FOCUSED_ION: PRECURSOR_TYPE [M+H]+
PK$NUM_PEAK: 1801
PK$PEAK: m/z int. rel.int.
  27.588746 164.0 0
  33.041841 52.0 0
  36.245839000000004 204.0 0
  45.141304 164.0 0
  45.241047 164.0 0
  45.446968 112.0 0
  45.535702 104.0 0
  45.887096 136.0 0
  46.259441 120.0 0
  46.309433 172.0 0
  46.529148 184.0 0
  46.770103 176.0 0
  46.985401 148.0 0
  47.014664 148.0 0
  47.31163 164.0 0
  47.406643 144.0 0
  47.542973 244.0 0
  47.714024 136.0 0
  47.778244 192.0 0
  48.825311 160.0 0
  50.548321 236.0 0
  50.761333 184.0 0
  50.889938 156.0 0
  51.23877 224.0 0
  51.406391 128.0 0
  51.468201 196.0 0
  52.10022 184.0 0
  52.143543 204.0 0
  52.311165 136.0 0
  52.990593000000004 132.0 0
  53.325996 176.0 0
  53.432762000000004 76.0 0
  53.614178 188.0 0
  53.843613000000005 92.0 0
  53.867290000000004 148.0 0
  53.905087 212.0 0
  53.973179 132.0 0
  54.000008 188.0 0
  54.319500000000005 164.0 0
  54.403400000000005 176.0 0
  54.729923 164.0 0
  54.824059 128.0 0
  54.957424 144.0 0
  54.962749 140.0 0
  55.215431 168.0 0
  55.319561 192.0 0
  55.375908 160.0 0
  55.799812 248.0 0
  56.001488 164.0 0
  56.184494 212.0 0
  56.401844000000004 200.0 0
  56.613052 76.0 0
  56.692825 184.0 0
  56.800735 188.0 0
  56.912231 192.0 0
  57.274086000000004 196.0 0
  57.307182000000005 18.125 0
  57.356831 152.0 0
  58.379471 152.0 0
  58.431027 120.0 0
  58.595501 80.0 0
  58.600296 44.0 0
  58.670849000000004 212.0 0
  59.002068 172.0 0
  59.278896 244.0 0
  59.518768 156.0 0
  59.718723000000004 180.0 0
  59.899117000000004 144.0 0
  60.082767000000004 208.0 0
  60.301395 204.0 0
  60.342655 168.0 0
  60.494385 156.0 0
  60.695297000000004 140.0 0
  60.772003 192.0 0
  60.94421 240.0 0
  61.120945 192.0 0
  61.958359 164.0 0
  62.059074 470.0401 0
  62.270962000000004 152.0 0
  62.304565000000004 32.0 0
  62.375771 140.0 0
  62.403263 180.0 0
  63.088226 148.0 0
  63.171257000000004 96.0 0
  63.191265 132.0 0
  63.441887 164.0 0
  63.777046 160.0 0
  63.788532000000004 140.0 0
  63.873318000000005 156.0 0
  64.028297 132.0 0
  64.438889 116.0 0
  64.745224 156.0 0
  64.77816 168.0 0
  65.198883 136.0 0
  65.28450799999999 192.0 0
  65.50836199999999 172.0 0
  65.756531 148.0 0
  66.003632 40.0 0
  66.08178699999999 132.0 0
  66.219353 204.0 0
  66.301704 188.0 0
  66.350731 92.0 0
  66.482422 132.0 0
  66.67128799999999 236.0 0
  66.760925 140.0 0
  66.886879 88.0 0
  66.983971 132.0 0
  67.12612899999999 184.0 0
  67.52398699999999 256.0 0
  68.033394 148.0 0
  68.10777999999999 132.0 0
  68.37518299999999 228.0 0
  68.499107 232.0 0
  68.70324699999999 124.0 0
  68.80382499999999 156.0 0
  68.947166 176.0 0
  69.124023 124.0 0
  69.474457 208.0 0
  69.499794 56.0 0
  69.600426 148.0 0
  69.904129 60.0 0
  70.192978 264.0 0
  70.22608899999999 80.0 0
  70.236267 40.0 0
  70.687424 156.0 0
  70.888275 140.0 0
  70.93704199999999 236.0 0
  71.41420699999999 184.0 0
  71.525414 220.0 0
  71.91976899999999 184.0 0
  71.96765099999999 168.0 0
  72.823662 260.0 0
  72.883163 172.0 0
  72.89550799999999 184.0 0
  73.050552 104.0 0
  73.562935 164.0 0
  73.628975 168.0 0
  73.95208 212.0 0
  74.081429 232.0 0
  74.970512 168.0 0
  75.198708 344.0 0
  75.28253199999999 196.0 0
  75.370438 176.0 0
  75.44137599999999 164.0 0
  75.68970499999999 128.0 0
  76.062393 160.0 0
  76.09112499999999 200.0 0
  76.188469 180.0 0
  76.254311 148.0 0
  76.54364 112.0 0
  76.68074 172.0 0
  76.98037 196.0 0
  77.03575099999999 188.0 0
  77.293808 168.0 0
  77.308281 56.0 0
  77.38516999999999 172.0 0
  77.94590799999999 192.0 0
  78.227592 188.0 0
  78.325783 144.0 0
  78.458641 128.0 0
  78.558258 176.0 0
  78.758316 140.0 0
  78.76664699999999 224.0 0
  79.04873699999999 164.0 0
  79.29190799999999 156.0 0
  79.69994399999999 168.0 0
  79.741745 172.0 0
  80.00780499999999 268.0 0
  80.035339 128.0 0
  80.598717 44.0 0
  80.70273599999999 144.0 0
  80.769852 208.0 0
  81.367294 152.0 0
  81.40866899999999 160.0 0
  81.45903 180.0 0
  81.729355 216.0 0
  81.846802 108.0 0
  81.98447399999999 216.0 0
  82.051735 112.0 0
  82.436844 184.0 0
  82.67399599999999 100.0 0
  82.692871 156.0 0
  82.86289199999999 196.0 0
  83.00067899999999 148.0 0
  83.202621 152.0 0
  83.764015 136.0 0
  84.10745999999999 152.0 0
  84.394745 248.0 0
  84.419281 152.0 0
  84.583603 192.0 0
  84.73837999999999 156.0 0
  84.860901 152.0 0
  84.88523099999999 64.0 0
  84.99638399999999 196.0 0
  85.307785 168.0 0
  85.75173199999999 116.0 0
  85.842598 148.0 0
  85.87248199999999 152.0 0
  85.96077 356.0 0
  85.963448 156.0 0
  86.602531 212.0 0
  86.994591 132.0 0
  87.236908 112.0 0
  87.318359 120.0 0
  87.412155 172.0 0
  87.503693 108.0 0
  87.822868 224.0 0
  88.28371399999999 196.0 0
  88.984901 192.0 0
  89.70350599999999 132.0 0
  89.720047 156.0 0
  90.13533 144.0 0
  90.26812699999999 140.0 0
  90.34812199999999 76.0 0
  90.70002 160.0 0
  90.851952 148.0 0
  91.012909 152.0 0
  91.054626 984.0 0
  91.06017299999999 124.0 0
  91.250969 68.0 0
  91.508804 132.0 0
  91.57620999999999 204.0 0
  91.59323099999999 156.0 0
  91.778427 224.0 0
  92.10456099999999 212.0 0
  92.555313 164.0 0
  92.62501499999999 204.0 0
  92.818794 224.0 0
  92.99234799999999 124.0 0
  93.152481 168.0 0
  93.41021699999999 164.0 0
  93.471352 112.0 0
  93.52351399999999 156.0 0
  93.97185499999999 244.0 0
  94.06693299999999 156.0 0
  94.304749 140.0 0
  94.64664499999999 168.0 0
  94.667023 152.0 0
  94.84825099999999 156.0 0
  94.87471 184.0 0
  94.984009 240.0 0
  94.997765 132.0 0
  95.030487 164.0 0
  95.08663899999999 532.0 0
  95.25626399999999 156.0 0
  95.366592 188.0 0
  95.699242 92.0 0
  95.903374 144.0 0
  95.915855 176.0 0
  95.95039399999999 200.0 0
  95.987991 148.0 0
  96.039604 40.0 0
  96.13050799999999 72.0 0
  96.15692899999999 220.0 0
  96.237129 204.0 0
  96.47584499999999 192.0 0
  96.504494 128.0 0
  96.853004 204.0 0
  96.988686 108.0 0
  97.415314 264.0 0
  97.419991 84.0 0
  97.497276 220.0 0
  97.689606 144.0 0
  97.706947 164.0 0
  97.76299999999999 148.0 0
  97.86090899999999 176.0 0
  97.983459 100.0 0
  97.99224099999999 148.0 0
  98.02812999999999 156.0 0
  98.164436 168.0 0
  98.247704 128.0 0
  98.279556 172.0 0
  98.364296 196.0 0
  98.405762 44.0 0
  98.529709 156.0 0
  98.597771 160.0 0
  98.646622 116.0 0
  98.771812 92.0 0
  98.818947 140.0 0
  98.845253 196.0 0
  98.862297 168.0 0
  98.99707 192.0 0
  99.01081099999999 252.0 0
  99.043938 1168.0 0
  99.21726199999999 120.0 0
  99.304108 108.0 0
  99.39559899999999 112.0 0
  99.696236 100.0 0
  99.769539 196.0 0
  99.80581699999999 136.0 0
  99.82264699999999 132.0 0
  99.856049 176.0 0
  100.011681 92.0 0
  100.048141 184.0 0
  100.050468 176.0 0
  100.169868 176.0 0
  100.18024399999999 16.630951 0
  100.39961199999999 100.0 0
  100.428947 152.0 0
  100.568817 108.0 0
  100.582954 164.0 0
  100.724762 136.0 0
  101.00585199999999 5.864362 0
  101.06646699999999 184.0 0
  101.10063299999999 160.0 0
  101.145546 52.0 0
  101.244705 212.0 0
  101.391853 100.0 0
  101.51239799999999 180.0 0
  101.52231599999999 156.0 0
  101.550018 172.0 0
  101.602318 192.0 0
  101.651787 124.0 0
  101.757195 172.0 0
  101.80396999999999 164.0 0
  101.825508 168.0 0
  101.88718399999999 176.0 0
  102.12187999999999 208.0 0
  102.22052 260.0 0
  102.9823 132.0 0
  103.05477099999999 252.0 0
  103.187309 144.0 0
  103.50350999999999 180.0 0
  103.71475199999999 84.0 0
  103.75379199999999 88.0 0
  103.909393 164.0 0
  104.047478 112.448997 0
  104.16075099999999 200.0 0
  104.281235 184.0 0
  104.319893 124.0 0
  104.48383299999999 364.0 0
  104.558014 144.0 0
  104.77919 148.0 0
  104.83075699999999 232.0 0
  104.96517899999999 92.0 0
  105.03325699999999 2272.0 0
  105.06972499999999 404.0 0
  105.16346 212.0 0
  105.171089 132.0 0
  105.17354599999999 220.0 0
  105.40686 68.0 0
  105.42585799999999 144.0 0
  105.451996 260.0 0
  105.57200599999999 156.0 0
  105.627945 72.0 0
  105.656769 72.0 0
  105.701225 240.0 0
  105.76754799999999 168.0 0
  105.805763 240.0 0
  106.07150299999999 816.0 0
  106.08000899999999 200.0 0
  106.248199 17.493361 0
  106.496529 164.0 0
  106.57661399999999 60.0 0
  106.61771399999999 68.0 0
  106.70142399999999 172.0 0
  106.831413 168.0 0
  106.965836 192.0 0
  107.030807 160.0 0
  107.07914 228.0 0
  107.284195 168.0 0
  107.287971 60.0 0
  107.51231399999999 176.0 0
  107.71335599999999 132.0 0
  107.737442 176.0 0
  107.772263 220.0 0
  107.859764 104.0 0
  108.052521 1872.0 0
  108.075958 220.0 0
  108.12140699999999 204.0 0
  108.18178599999999 172.0 0
  108.22869899999999 8.7 0
  108.231613 168.0 0
  108.533554 84.0 0
  108.602066 120.0 0
  108.89108999999999 140.0 0
  108.901741 136.0 0
  108.991845 304.0 0
  109.026741 252.0 0
  109.102043 1360.0 0
  109.185234 168.0 0
  109.20464299999999 88.0 0
  109.27276599999999 3.782408 0
  109.469276 224.0 0
  109.5047 196.0 0
  109.561729 164.0 0
  109.58444999999999 232.0 0
  109.63536099999999 216.0 0
  109.84758799999999 160.0 0
  110.03389 172.0 0
  110.081352 10.13626 0
  110.498528 124.0 0
  110.78568999999999 88.0 0
  110.811059 144.0 0
  110.815598 176.0 0
  110.919792 152.0 0
  110.93115999999999 100.0 0
  111.00800299999999 25606.0 4
  111.03211999999999 252.0 0
  111.06472799999999 108.0 0
  111.067116 272.0 0
  111.071716 160.0 0
  111.08138299999999 896.0 0
  111.113785 115.172302 0
  111.18815599999999 60.0 0
  111.22778299999999 22.258459 0
  111.285141 116.0 0
  111.411125 116.0 0
  111.47919499999999 152.0 0
  111.763763 52.0 0
  111.83161199999999 176.0 0
  112.112045 952.0 0
  112.152245 176.0 0
  112.158661 184.0 0
  112.391708 72.0 0
  112.55678599999999 152.0 0
  112.797913 224.0 0
  113.072273 136.0 0
  113.07910199999999 220.0 0
  113.084694 36.0 0
  113.17826099999999 160.0 0
  113.275612 68.0 0
  113.34668699999999 92.0 0
  113.84370399999999 180.0 0
  113.99743699999999 132.0 0
  114.013718 164.0 0
  114.03384399999999 296.0 0
  114.04499799999999 180.0 0
  114.09105699999999 139.108795 0
  114.226608 148.0 0
  114.40510599999999 144.0 0
  114.47861499999999 156.0 0
  114.57933 172.0 0
  114.624664 196.0 0
  114.82813999999999 156.0 0
  114.91199499999999 196.0 0
  114.960304 84.0 0
  115.02394899999999 212.0 0
  115.04351799999999 63311.0 9
  115.05176499999999 2740.0 0
  115.05573299999999 5428.0 1
  115.089615 172.0 0
  115.101463 140.0 0
  115.21443199999999 136.0 0
  115.331589 188.0 0
  115.386963 132.0 0
  115.423752 108.0 0
  115.56520099999999 76.0 0
  115.69908099999999 132.0 0
  115.880264 208.0 0
  116.05137599999999 244.0 0
  116.059517 360.0 0
  116.070168 4744.0 1
  116.106606 144.0 0
  116.41993 132.0 0
  116.42781799999999 136.0 0
  116.51044499999999 160.0 0
  116.68182399999999 32.0 0
  116.802872 144.0 0
  116.998138 29.24032 0
  117.069221 61.390869 0
  117.07172399999999 180.0 0
  117.093576 148.0 0
  117.09741199999999 164.0 0
  117.240265 232.0 0
  117.27725199999999 12.64264 0
  117.310959 132.0 0
  117.36129 36.49321 0
  117.36754599999999 232.0 0
  117.37203199999999 236.0 0
  117.587997 228.0 0
  117.68286099999999 176.0 0
  117.714546 284.0 0
  117.75433299999999 184.0 0
  117.82700299999999 148.0 0
  117.871483 120.0 0
  117.87654099999999 72.0 0
  118.064438 1123.072998 0
  118.10142499999999 168.0 0
  118.70444499999999 48.0 0
  118.886696 140.0 0
  118.937096 128.0 0
  119.04598999999999 252.0 0
  119.071175 1012.0 0
  119.07642399999999 76.0 0
  119.082695 164.0 0
  119.095886 172.0 0
  119.22179399999999 4.225 0
  119.23209399999999 168.0 0
  119.29763 4.898148 0
  119.370605 360.0 0
  119.622383 72.0 0
  119.70391799999999 200.0 0
  119.73166699999999 160.0 0
  119.76502199999999 128.0 0
  120.02102699999999 5996.0 1
  120.08745599999999 148.0 0
  120.17806999999999 92.0 0
  120.227493 18.72208 0
  120.35324899999999 152.0 0
  120.419456 164.0 0
  120.475296 172.0 0
  120.638054 208.0 0
  120.75756799999999 164.0 0
  120.93054199999999 108.0 0
  120.941696 136.0 0
  120.953094 204.0 0
  120.96817 156.0 0
  121.06288099999999 648.0 0
  121.084373 492.0 0
  121.088516 408.0 0
  121.10099799999999 39185.0 6
  121.384079 92.0 0
  121.446236 200.0 0
  121.58998899999999 120.0 0
  121.823601 140.0 0
  121.85179099999999 120.0 0
  121.864128 176.0 0
  121.952866 188.0 0
  122.09445199999999 156.0 0
  122.12400099999999 84.0 0
  122.15517399999999 172.0 0
  122.206734 172.0 0
  122.21546199999999 68.0 0
  122.26509899999999 168.0 0
  122.51121499999999 156.0 0
  122.553947 168.0 0
  122.629791 152.0 0
  122.680527 156.0 0
  122.819908 84.0 0
  122.99722299999999 200.0 0
  123.00686599999999 100.0 0
  123.00898 192.0 0
  123.038483 192.0 0
  123.06786299999999 236.0 0
  123.073624 168.0 0
  123.08093299999999 172.0 0
  123.196541 176.0 0
  123.215874 180.0 0
  123.29274699999999 232.0 0
  123.936684 104.0 0
  124.02941899999999 200.0 0
  124.038612 5187.0 1
  124.051186 152.0 0
  124.081291 192.0 0
  124.084496 44.78241 0
  124.141472 12.04545 0
  124.210793 136.0 0
  124.268692 164.0 0
  124.919128 188.0 0
  124.96723899999999 1662.0 0
  124.976181 160.0 0
  124.98597699999999 148.0 0
  124.992577 152.0 0
  125.01570099999999 164.0 0
  125.14366899999999 168.0 0
  125.23647299999999 140.0 0
  125.30521399999999 144.0 0
  125.363098 72.0 0
  125.42680399999999 184.0 0
  125.49190499999999 156.0 0
  125.68171699999999 18.225 0
  125.876488 228.0 0
  125.915337 132.0 0
  126.04120599999999 208.0 0
  126.046143 148.0 0
  126.10221899999999 724.0 0
  126.284927 216.0 0
  126.33852399999999 14.22438 0
  126.39248699999999 208.0 0
  126.57556199999999 72.0 0
  126.67643 15.02422 0
  126.727341 184.0 0
  126.915329 196.0 0
  126.91774 68.0 0
  127.020851 4.566667 0
  127.036919 486.0 0
  127.052071 200.0 0
  127.10730699999999 4.774123 0
  127.14939899999999 188.0 0
  127.236549 228.0 0
  127.29637899999999 160.0 0
  127.676025 120.0 0
  127.98338299999999 112.0 0
  128.003036 128.0 0
  128.00943 80.0 0
  128.059372 326.0 0
  128.061966 144.0 0
  128.107483 673.041992 0
  128.19975300000002 308.0 0
  128.504684 132.0 0
  128.650787 140.0 0
  128.719284 164.0 0
  128.755737 128.0 0
  128.787216 108.0 0
  128.809189 220.0 0
  128.88414 168.0 0
  128.989914 8.031566 0
  129.097497 176.0 0
  129.112213 80.0 0
  129.234467 200.0 0
  129.26095600000002 19.79598 0
  129.340271 208.0 0
  129.427017 164.0 0
  129.443878 124.0 0
  129.47911100000002 208.0 0
  129.509659 220.0 0
  129.547394 7.401389 0
  130.02603100000002 132.0 0
  130.05732700000002 184.0 0
  130.065109 4528.0 1
  130.110474 44.0 0
  130.15515100000002 136.0 0
  130.263901 124.0 0
  130.371735 4.335784 0
  130.38295000000002 180.0 0
  130.424545 176.0 0
  130.567505 200.0 0
  130.62870800000002 112.0 0
  130.694061 168.0 0
  130.713562 140.0 0
  131.03959700000001 124.0 0
  131.06835900000002 1496.0 0
  131.15013100000002 132.0 0
  131.20015 56.0 0
  131.30096400000002 204.0 0
  131.312225 88.0 0
  131.375946 156.0 0
  131.384384 100.0 0
  131.40463300000002 116.0 0
  131.543304 216.0 0
  131.661987 140.0 0
  131.732132 172.0 0
  131.860138 144.0 0
  131.88780200000002 220.0 0
  132.039474 252.0 0
  132.04367100000002 3124.0 0
  132.080399 168.0 0
  132.09754900000001 48.0 0
  132.26268000000002 196.0 0
  132.288544 216.0 0
  132.30114700000001 56.0 0
  132.667587 148.0 0
  132.73950200000002 156.0 0
  132.75752300000002 128.0 0
  132.842758 196.0 0
  132.95240800000002 140.0 0
  132.97326700000002 352.0 0
  133.030548 132.0 0
  133.09140000000002 120.0 0
  133.09977700000002 688.0 0
  133.106918 292.0 0
  133.128906 32.0 0
  133.19004800000002 164.0 0
  133.316483 148.0 0
  133.409637 268.0 0
  133.430191 160.0 0
  133.441147 100.0 0
  133.487457 144.0 0
  133.970169 184.0 0
  133.99958800000002 112.0 0
  134.019211 148.0 0
  134.03581200000002 752.0 0
  134.098068 2316.0 0
  134.11398300000002 48.0 0
  134.27783200000002 68.0 0
  134.33264200000002 20.223221 0
  134.380966 17.380751 0
  134.459686 6.769185 0
  134.519836 5.721491 0
  134.94374100000002 172.0 0
  134.951874 152.0 0
  135.040466 2954.0 0
  135.044632 180.0 0
  135.069794 180.0 0
  135.113113 360.0 0
  135.15896600000002 200.0 0
  135.24678 148.0 0
  135.351654 180.0 0
  135.569016 360.0 0
  135.71601900000002 208.0 0
  135.725876 112.0 0
  135.74968 236.0 0
  136.06556700000002 144.0 0
  136.353271 176.0 0
  136.50610400000002 192.0 0
  136.55247500000002 17.19565 0
  136.636154 224.0 0
  137.03074600000002 156.0 0
  137.03723100000002 34.289131 0
  137.06958 208.0 0
  137.144836 200.0 0
  137.40754700000002 36.0 0
  137.538284 48.0 0
  137.55986000000001 8.671079 0
  137.670242 176.0 0
  137.672485 52.0 0
  137.894867 204.0 0
  138.028656 188.0 0
  138.055405 7388.0 1
  138.06874100000002 192.0 0
  138.138596 180.0 0
  138.269363 116.0 0
  138.280807 132.0 0
  138.489426 232.0 0
  138.655548 168.0 0
  138.95648200000002 112.0 0
  139.063263 264.0 0
  139.103027 147.080399 0
  139.67068500000002 204.0 0
  139.771637 184.0 0
  139.86698900000002 116.0 0
  139.870499 164.0 0
  139.958572 152.0 0
  140.053391 168.0 0
  140.15124500000002 140.0 0
  140.445953 48.0 0
  140.541977 148.0 0
  140.553192 148.0 0
  140.882645 164.0 0
  140.962463 180.0 0
  141.10917700000002 220.0 0
  141.518494 152.0 0
  141.782623 112.0 0
  141.997589 240.0 0
  142.02641300000002 164.0 0
  142.072205 124.0 0
  142.279236 9.506945 0
  142.368118 52.0 0
  142.399155 132.0 0
  142.54551700000002 148.0 0
  142.618652 188.0 0
  142.75778200000002 40.0 0
  143.15098600000002 144.0 0
  143.291687 80.0 0
  143.70103500000002 60.0 0
  143.999573 136.0 0
  144.04838600000002 184.0 0
  144.08294700000002 176.0 0
  144.412552 88.0 0
  144.505524 140.0 0
  144.641724 204.0 0
  144.83625800000002 180.0 0
  144.946762 108.0 0
  144.957458 2836.0 0
  144.97232100000002 172.0 0
  144.99340800000002 148.0 0
  145.00820900000002 144.0 0
  145.06251500000002 75.248711 0
  145.086411 9680.0 1
  145.09487900000002 88.0 0
  145.15042100000002 19.725281 0
  145.385895 76.0 0
  145.81530800000002 36.0 0
  145.84750400000001 148.0 0
  146.007706 14.592746 0
  146.031876 164.0 0
  146.05336 10.63333 0
  146.063782 284.0 0
  146.097687 148.0 0
  146.196854 112.0 0
  146.223114 56.0 0
  146.476227 188.0 0
  146.49691800000002 108.0 0
  146.57740800000002 160.0 0
  146.71460000000002 164.0 0
  146.755432 68.0 0
  146.82757600000002 68.0 0
  146.831436 152.0 0
  146.933838 124.0 0
  147.033646 116.0 0
  147.055511 62.925629 0
  147.075287 103.0 0
  147.207626 112.0 0
  147.279526 164.0 0
  147.354828 140.0 0
  147.38566600000001 148.0 0
  147.62912 212.0 0
  147.84419300000002 88.0 0
  147.93309000000002 132.0 0
  147.96438600000002 68.0 0
  148.05328400000002 164.0 0
  148.069489 144.0 0
  148.07380700000002 180.0 0
  148.08604400000002 116.0 0
  148.328171 208.0 0
  148.542664 120.0 0
  148.612045 212.0 0
  148.91905200000002 172.0 0
  148.952393 52.0 0
  148.96708700000002 208.0 0
  149.01890600000002 22094.0 3
  149.056686 119.0 0
  149.060379 736.0 0
  149.066345 252.0 0
  149.204224 5.121212 0
  149.21537800000002 128.0 0
  149.31073 168.0 0
  149.540314 184.0 0
  149.662842 176.0 0
  149.850708 136.0 0
  150.04451 156.0 0
  150.064133 124.0 0
  150.066711 2716.0 0
  150.259766 88.0 0
  150.352936 280.0 0
  150.60827600000002 160.0 0
  151.031448 45.545681 0
  151.049347 128.0 0
  151.06213400000001 548.0 0
  151.215866 25.16263 0
  151.269302 176.0 0
  151.409592 244.0 0
  151.501572 60.0 0
  151.59707600000002 60.0 0
  151.686462 200.0 0
  151.698517 152.0 0
  152.05891400000002 296.0 0
  152.38819900000001 124.0 0
  152.722488 208.0 0
  152.946762 28.262239 0
  152.95288100000002 128.0 0
  153.048752 4693.0 1
  153.06410200000002 347.958405 0
  153.06689500000002 180.0 0
  153.24606300000002 44.0 0
  153.34019500000002 108.0 0
  153.40811200000002 48.0 0
  153.60157800000002 36.0 0
  154.024673 273.0 0
  154.088684 228.0 0
  154.153671 164.0 0
  154.16864 84.0 0
  154.20008900000002 40.0 0
  154.447372 120.0 0
  155.000671 4.254167 0
  155.11004 180.0 0
  155.24537700000002 128.0 0
  155.506989 25.04348 0
  155.540298 36.0 0
  155.567047 204.0 0
  155.702438 164.0 0
  156.038544 484.0 0
  156.05401600000002 136.0 0
  156.133499 468.0 0
  156.14653 76.0 0
  156.292664 84.0 0
  156.483856 200.0 0
  156.51902800000002 156.0 0
  156.572235 96.0 0
  156.644623 148.0 0
  156.974197 144.0 0
  157.029022 480.0 0
  157.061218 1310.0 0
  157.078278 176.0 0
  157.094162 176.0 0
  157.099884 1932.0 0
  157.146271 168.0 0
  157.150574 116.0 0
  157.28710900000002 5.668651 0
  157.62463400000001 116.0 0
  157.629883 252.0 0
  157.63969400000002 5.166667 0
  157.672012 132.0 0
  157.74144 4.898148 0
  157.746689 104.0 0
  157.980377 224.0 0
  158.05806 180.0 0
  158.64158600000002 176.0 0
  158.64544700000002 9.960366 0
  158.80165100000002 48.0 0
  158.822281 148.0 0
  158.970596 220.0 0
  159.043823 648.0 0
  159.082581 964.0 0
  159.09816 136.0 0
  159.11618 956.0 0
  159.153961 68.0 0
  159.28100600000002 48.0 0
  159.467117 64.0 0
  159.669556 3.169271 0
  159.913879 200.0 0
  159.95884700000002 64.0 0
  159.987717 184.0 0
  160.03714000000002 67.96933 0
  160.05830400000002 208.0 0
  160.172424 184.0 0
  160.248581 204.0 0
  160.266998 96.0 0
  160.29170200000002 136.0 0
  160.39523300000002 14.70628 0
  160.40995800000002 60.0 0
  160.636078 112.0 0
  160.78164700000002 172.0 0
  160.865723 216.0 0
  160.880051 160.0 0
  160.99971000000002 140.0 0
  161.054626 32732.0 5
  161.056824 4751.0 1
  161.099106 212.0 0
  161.165436 192.0 0
  161.26199300000002 104.0 0
  161.47695900000002 108.0 0
  161.48519900000002 76.0 0
  161.518112 144.0 0
  161.734161 180.0 0
  161.738754 48.0 0
  161.928467 184.0 0
  161.94331400000002 172.0 0
  161.973007 244.0 0
  162.01821900000002 508.0 0
  162.059616 144.0 0
  162.073441 11.48457 0
  162.085983 476.0 0
  162.168961 152.0 0
  162.412308 160.0 0
  162.43425000000002 220.0 0
  162.842758 40.0 0
  162.86746200000002 156.0 0
  163.062225 228.0 0
  163.094559 156.0 0
  163.11415100000002 208.0 0
  163.146759 144.0 0
  163.16171300000002 164.0 0
  163.299774 136.0 0
  163.34436 100.0 0
  163.655685 208.0 0
  163.835114 144.0 0
  163.84973100000002 144.0 0
  164.05517600000002 572.0 0
  164.09857200000002 152.0 0
  164.34265100000002 168.0 0
  164.61106900000001 156.0 0
  164.640091 64.0 0
  164.643112 44.0 0
  164.76005600000002 68.0 0
  164.97236600000002 180.0 0
  164.997375 640.0 0
  165.041489 100.0 0
  165.07110600000001 484.0 0
  165.078674 256.0 0
  165.211151 136.0 0
  165.27816800000002 3.5 0
  165.410828 188.0 0
  165.789307 88.0 0
  165.99546800000002 96.0 0
  166.009109 160.0 0
  166.080139 70728.0 10
  166.16258200000001 4.010417 0
  166.24035600000002 50.856178 0
  166.363266 128.0 0
  166.380798 40.0 0
  166.414948 160.0 0
  166.768356 172.0 0
  166.939545 116.0 0
  166.990768 152.0 0
  167.030594 1711.0 0
  167.04068 1524.0 0
  167.069351 180.0 0
  167.082916 3622.0 1
  167.08505200000002 180.0 0
  167.248886 96.0 0
  167.271423 184.0 0
  167.335815 184.0 0
  167.42558300000002 240.0 0
  167.463196 164.0 0
  167.506897 48.0 0
  167.64151 168.0 0
  167.73770100000002 132.0 0
  167.79632600000002 116.0 0
  167.82624800000002 180.0 0
  167.85427900000002 60.0 0
  168.056519 172.0 0
  168.06835900000002 136.0 0
  168.36419700000002 172.0 0
  168.51203900000002 144.0 0
  168.523849 168.0 0
  168.609665 60.0 0
  168.77182000000002 64.0 0
  169.05806 112.0 0
  169.068466 212.0 0
  169.124771 28.476061 0
  169.20309400000002 148.0 0
  169.296555 7.00463 0
  169.390289 88.0 0
  169.52946500000002 200.0 0
  169.922897 71.5467 0
  169.971741 176.0 0
  170.00856000000002 104.0 0
  170.054047 154.0 0
  170.067566 148.0 0
  170.43519600000002 204.0 0
  170.570206 152.0 0
  170.57466100000002 144.0 0
  170.841171 184.0 0
  170.911896 52.0 0
  170.99968 696.0 0
  171.078461 356.0 0
  171.113953 85.018867 0
  171.206253 40.0 0
  171.34079 184.0 0
  171.65231300000002 164.0 0
  171.802704 184.0 0
  171.978485 156.0 0
  172.042664 604.0 0
  172.127213 227.955093 0
  172.35228 140.0 0
  172.413101 116.0 0
  172.483673 196.0 0
  172.543274 160.0 0
  172.57638500000002 128.0 0
  173.027008 128.0 0
  173.05302400000002 243.0 0
  173.05728100000002 184.0 0
  173.091934 375.0 0
  173.094681 6876.0 1
  173.10775800000002 156.0 0
  173.131607 19292.0 3
  173.139038 140.0 0
  173.59393300000002 160.0 0
  173.71064800000002 172.0 0
  173.91568 13.721959 0
  174.051666 648.0 0
  174.139755 140.0 0
  174.31668100000002 104.0 0
  174.743347 31.73558 0
  174.93498200000002 168.0 0
  175.02769500000002 68.0 0
  175.03323400000002 31.534679 0
  175.04255700000002 232.0 0
  175.054123 204.0 0
  175.334991 196.0 0
  175.373062 76.0 0
  175.539871 164.0 0
  175.6763 96.0 0
  175.681992 48.0 0
  175.923447 100.0 0
  176.042236 208.0 0
  176.073471 168.0 0
  176.07872 188.0 0
  176.10835300000002 508.0 0
  176.390762 104.0 0
  176.654785 168.0 0
  176.849915 156.0 0
  177.142761 200.0 0
  177.17236300000002 48.0 0
  177.38772600000001 116.0 0
  177.40541100000002 104.0 0
  177.657303 52.0 0
  177.72511300000002 164.0 0
  177.78860500000002 144.0 0
  178.054291 1542.0 0
  178.061035 140.0 0
  178.07693500000002 957.447327 0
  178.085342 180.0 0
  178.206299 144.0 0
  178.42411800000002 88.0 0
  178.50766000000002 22.897881 0
  178.714203 72.0 0
  178.93244900000002 204.0 0
  178.93919400000001 76.0 0
  178.97297700000001 148.0 0
  179.010605 176.0 0
  179.057999 420.0 0
  179.062866 432.0 0
  179.07792700000002 128.0 0
  179.131592 164.0 0
  179.623138 108.0 0
  179.840042 204.0 0
  180.093796 208.0 0
  180.290131 144.0 0
  180.433701 240.0 0
  180.464706 108.0 0
  180.67828400000002 192.0 0
  180.922241 216.0 0
  181.108994 260.0 0
  181.18460100000001 100.0 0
  181.35607900000002 168.0 0
  181.861389 4.041667 0
  182.047867 161.0 0
  182.087234 68.0 0
  182.101517 6.125 0
  182.142426 616.0 0
  182.48919700000002 204.0 0
  182.50808700000002 272.0 0
  182.67749 80.0 0
  183.053268 80.665947 0
  183.06625400000001 584.0 0
  183.09925800000002 848.0 0
  183.325638 160.0 0
  183.605804 144.0 0
  183.69648700000002 60.0 0
  183.769882 168.0 0
  183.855087 132.0 0
  184.039948 208.0 0
  184.04925500000002 788.0 0
  184.098343 132.0 0
  184.15557900000002 172.0 0
  184.17459100000002 60.0 0
  184.642212 148.0 0
  184.921814 168.0 0
  185.057999 124.0 0
  185.08908100000002 136.0 0
  185.151184 128.0 0
  185.39274600000002 172.0 0
  185.51452600000002 144.0 0
  185.634598 164.0 0
  185.775574 148.0 0
  185.80998200000002 28.0 0
  186.056656 15824.0 2
  186.06959500000002 300.0 0
  186.365204 112.0 0
  186.427841 17.013889 0
  186.74684100000002 176.0 0
  186.91438300000002 60.0 0
  186.96691900000002 260.0 0
  186.99040200000002 124.0 0
  187.023163 236.0 0
  187.06620800000002 2.0 0
  187.441818 40.0 0
  187.470383 96.0 0
  187.521164 140.0 0
  187.949792 152.0 0
  188.04033800000002 404.0 0
  188.105667 580.720581 0
  188.259918 108.0 0
  188.436813 116.0 0
  188.487122 72.0 0
  188.517822 204.0 0
  188.738846 140.0 0
  188.89007600000002 128.0 0
  188.975784 160.0 0
  188.979568 120.0 0
  189.042145 2966.0 0
  189.06405600000002 60.0 0
  189.073959 184.0 0
  189.44760100000002 64.0 0
  189.53822300000002 60.0 0
  189.911011 148.0 0
  189.969849 132.0 0
  190.011459 156.0 0
  190.05174300000002 120.0 0
  190.062698 1272.0 0
  190.092331 208.0 0
  190.178879 188.0 0
  190.29864500000002 76.0 0
  190.426193 172.0 0
  190.548126 184.0 0
  190.56332400000002 68.0 0
  190.587265 120.0 0
  190.87717600000002 140.0 0
  191.026794 672.0 0
  191.03276100000002 180.0 0
  191.04336500000002 156.0 0
  191.07579 376.0 0
  191.08084100000002 656.0 0
  191.105896 1602.0 0
  191.158096 8.035714 0
  191.218155 76.0 0
  191.611008 200.0 0
  192.02972400000002 84.0 0
  192.269211 140.0 0
  192.678528 176.0 0
  192.904343 76.0 0
  193.071594 200.0 0
  193.195435 207.638596 0
  193.595673 156.0 0
  193.779907 148.0 0
  193.90870700000002 140.0 0
  194.068497 120.0 0
  194.14300500000002 80.0 0
  194.42424 68.0 0
  194.595978 160.0 0
  194.714066 100.0 0
  194.89485200000001 132.0 0
  194.97563200000002 156.0 0
  195.73335300000002 100.0 0
  196.056473 8.224999 0
  196.125351 152.0 0
  196.441391 132.0 0
  196.49795500000002 156.0 0
  196.892944 72.0 0
  196.951202 204.0 0
  197.056152 168.0 0
  197.093094 172.0 0
  197.135437 364.0 0
  197.46215800000002 6.339743 0
  197.5457 180.0 0
  197.65721100000002 156.0 0
  198.062027 1729.0 0
  198.0737 312.0 0
  198.09698500000002 32254.0 5
  198.308075 80.0 0
  198.610474 180.0 0
  199.090988 5248.0 1
  199.10524 152.0 0
  199.155334 12.22094 0
  199.45813 69.837051 0
  199.525696 9.666667 0
  200.086151 108.0 0
  200.11642500000002 164.0 0
  200.519653 8.17742 0
  200.591302 204.0 0
  200.893967 6.690104 0
  201.05114700000001 836.0 0
  201.103271 22.489719 0
  201.58586100000002 72.0 0
  201.651398 144.0 0
  201.931061 196.0 0
  202.10333300000002 104.0 0
  202.116058 136.0 0
  202.27800000000002 144.0 0
  202.30538900000002 80.0 0
  202.324646 208.0 0
  202.885025 44.90625 0
  202.962448 160.0 0
  203.03410300000002 132.0 0
  203.113519 156.0 0
  203.118454 1056.0 0
  203.12544300000002 194.0 0
  203.437012 7.932017 0
  203.707809 172.0 0
  204.03422500000002 17031.0 2
  204.09114100000002 1932.0 0
  204.10174600000002 3972.0 1
  204.151733 164.0 0
  204.242279 136.0 0
  204.351715 140.0 0
  204.59693900000002 172.0 0
  204.704544 75.431099 0
  204.722443 44.0 0
  204.935224 13057.0 2
  204.99999400000002 160.0 0
  205.271576 56.0 0
  205.783463 148.0 0
  205.912689 196.0 0
  206.06753500000002 132.0 0
  206.080856 900.0 0
  206.085663 180.0 0
  206.129791 392.0 0
  206.18588300000002 152.0 0
  206.54122900000002 160.0 0
  206.59573400000002 224.0 0
  206.702118 116.0 0
  207.072571 424.0 0
  207.07693500000002 6240.0 1
  207.26126100000002 56.0 0
  207.433746 10.01786 0
  208.170197 132.0 0
  208.686005 204.0 0
  209.04435700000002 1176.0 0
  209.08161900000002 1108.0 0
  209.095627 356.0 0
  209.141763 112.0 0
  209.304291 8.078458 0
  210.074417 203.0 0
  210.262924 192.0 0
  210.72920200000002 196.0 0
  210.900665 124.0 0
  211.02507 10.72654 0
  211.09776300000001 21304.0 3
  211.74968 84.0 0
  212.054764 128.0 0
  212.13072200000002 204.0 0
  212.24121100000002 172.0 0
  212.737381 160.0 0
  212.764847 60.0 0
  212.96992500000002 144.0 0
  213.097916 128.0 0
  213.120834 897.0 0
  213.42128 208.0 0
  213.510376 60.0 0
  214.026703 9.500365 0
  214.04335 324.0 0
  214.08625800000002 128.0 0
  214.14163200000002 1.906746 0
  214.23259000000002 160.0 0
  215.364777 156.0 0
  215.550949 196.0 0
  215.79023700000002 216.0 0
  216.049011 356.0 0
  216.11114500000002 124.0 0
  216.20713800000001 152.0 0
  216.520981 140.0 0
  216.657089 212.0 0
  216.82492100000002 52.0 0
  216.96691900000002 184.0 0
  217.009598 124.0 0
  217.13414 711.480225 0
  217.16649800000002 224.0 0
  217.19528200000002 172.0 0
  217.26431300000002 60.0 0
  217.87115500000002 160.0 0
  218.016549 160.0 0
  218.069305 112.0 0
  218.361694 6.666667 0
  218.592056 80.0 0
  218.781754 108.0 0
  218.983215 357.522034 0
  219.051498 152.0 0
  219.107895 820175.0 120
  219.112686 148.0 0
  219.11720300000002 768.0 0
  219.135345 172.0 0
  219.463425 72.0 0
  219.557999 152.0 0
  219.60032700000002 128.0 0
  219.60813900000002 156.0 0
  219.721649 107.494598 0
  219.957794 224.0 0
  220.039688 148.0 0
  220.116867 14784.0 2
  220.225983 92.0 0
  221.043869 152.0 0
  221.105279 212.0 0
  221.166718 272.0 0
  221.30934100000002 12.97556 0
  221.374954 10.27984 0
  221.665253 144.0 0
  221.903885 108.0 0
  221.982742 148.0 0
  222.143784 220.0 0
  222.22653200000002 36.0 0
  222.53967300000002 28.0 0
  222.56478900000002 44.0 0
  222.59191900000002 56.0 0
  222.828735 60.0 0
  222.886063 71.393761 0
  222.986862 180.0 0
  223.084183 1207.0 0
  223.294006 256.0 0
  223.373108 68.0 0
  223.559235 72.0 0
  224.21090700000002 25.55525 0
  224.848389 160.0 0
  224.90785200000002 220.0 0
  225.056824 112.0 0
  225.086975 576.0 0
  225.101547 376.0 0
  225.276123 96.0 0
  226.07132000000001 636.0 0
  227.09697 208.0 0
  227.119202 504.0 0
  227.304626 913.0 0
  227.419327 136.0 0
  227.69368 48.0 0
  227.775116 152.0 0
  227.841949 188.0 0
  227.897003 112.0 0
  228.021362 168.0 0
  228.10818500000002 9097.0 1
  228.170746 764.0 0
  228.32681300000002 112.0 0
  229.02113300000002 304.0 0
  229.07766700000002 132.0 0
  229.080948 83.646873 0
  229.086243 2140.0 0
  229.227982 172.0 0
  229.48400900000001 152.0 0
  229.82695 176.0 0
  230.60870400000002 216.0 0
  230.93055700000002 120.0 0
  230.956848 196.0 0
  231.08699000000001 195.0 0
  231.10582000000002 412.0 0
  231.137131 144.0 0
  231.167999 164.0 0
  231.33590700000002 60.0 0
  231.62849400000002 164.0 0
  232.06734600000001 269.0 0
  232.165176 60.0 0
  232.68103000000002 96.0 0
  233.01800500000002 13854.0 2
  233.460602 124.0 0
  233.639206 200.0 0
  233.87883000000002 128.0 0
  234.09710700000002 288.0 0
  234.13592500000001 77.868553 0
  234.426804 76.0 0
  234.527771 8.481667 0
  234.76355 9.716269 0
  235.079071 140.0 0
  235.126053 130.0 0
  235.150223 12.60645 0
  235.21438600000002 156.0 0
  235.569321 56.0 0
  235.84518400000002 200.0 0
  236.00538600000002 160.0 0
  236.05960100000001 208.0 0
  236.077515 160.0 0
  236.125366 123.180397 0
  236.13192700000002 184.0 0
  236.177521 84.0 0
  236.786652 104.0 0
  237.059631 156.0 0
  237.068756 96.0 0
  238.04461700000002 156.0 0
  238.433929 264.0 0
  238.61990400000002 176.0 0
  238.81485 60.0 0
  239.077301 64.0 0
  239.346451 104.0 0
  240.05650300000002 148.0 0
  240.139297 1004.0 0
  240.491028 108.0 0
  240.82054100000002 52.0 0
  240.954575 148.0 0
  241.07363900000001 80.0 0
  241.10401900000002 1312.0 0
  241.11711100000002 144.0 0
  241.14170800000002 1944.0 0
  241.677887 152.0 0
  242.033875 148.0 0
  242.053772 256.0 0
  242.16076700000002 152.0 0
  243.03439300000002 196.0 0
  243.08668500000002 63.180962 0
  243.097595 172.0 0
  243.12709 168.0 0
  243.54980500000002 260.0 0
  243.602295 144.0 0
  243.619537 116.0 0
  245.149384 16.6875 0
  245.426758 164.0 0
  245.617737 172.0 0
  246.02629100000001 132.0 0
  246.088028 44752.0 7
  246.323685 92.0 0
  247.08122300000002 196.0 0
  247.647736 52.0 0
  247.702652 148.0 0
  247.99078400000002 164.0 0
  248.027603 212.0 0
  248.16670200000002 3.03125 0
  248.199799 15.17729 0
  248.268753 160.0 0
  249.009521 168.0 0
  249.069366 100.0 0
  249.11080900000002 80.0 0
  249.535507 56.0 0
  249.61123700000002 140.0 0
  249.670593 30.510639 0
  249.861725 180.0 0
  250.063019 4522.0 1
  250.160889 132.0 0
  250.198532 120.0 0
  250.887787 4.855511 0
  250.991712 315.0 0
  251.108215 112968.0 16
  251.406235 16.6674 0
  251.77044700000002 168.0 0
  252.08758500000002 1596.0 0
  252.15437300000002 236.0 0
  252.18364 1064.0 0
  252.53280600000002 92.0 0
  252.627884 10.45163 0
  252.957062 36.0 0
  253.06493500000002 84.0 0
  253.860687 148.0 0
  254.11247300000002 232.0 0
  254.126663 292.0 0
  254.898376 152.0 0
  255.09899900000002 6847965.0 999
  255.13458300000002 364.0 0
  255.37037700000002 196.0 0
  255.516739 76.0 0
  255.552719 196.0 0
  255.70253 44.0 0
  255.98812900000001 84.0 0
  256.110352 216.0 0
  256.13501 144.0 0
  256.168762 208.0 0
  256.570221 156.0 0
  256.75527999999997 160.0 0
  257.53784199999996 100.0 0
  258.086304 1292.0 0
  258.518829 120.0 0
  258.773865 78.01786 0
  259.081512 188.0 0
  260.087433 232.0 0
  261.138519 192.0 0
  263.03774999999996 1590.0 0
  263.141479 12656.0 2
  263.229669 200.0 0
  263.966614 14.00833 0
  264.069794 172.0 0
  264.16479499999997 164.0 0
  264.16918899999996 204.0 0
  264.545532 132.0 0
  265.085602 35956.0 5
  265.393311 64.0 0
  265.398797 164.0 0
  265.402649 17260.257812 3
  266.64224199999995 356.0 0
  266.868164 168.0 0
  266.923096 252.0 0
  267.097473 72.442413 0
  267.17193 176.0 0
  267.191101 52.0 0
  267.43045 76.0 0
  268.033142 48.0 0
  268.042328 156.0 0
  268.05246 220.0 0
  268.11337299999997 148.0 0
  268.507324 124.0 0
  268.67639199999996 4.225 0
  268.683655 76.0 0
  269.144684 100.0 0
  270.069794 1388.0 0
  270.08486899999997 172.0 0
  270.090607 156.0 0
  270.279907 156.0 0
  270.497803 244.0 0
  271.036407 2368.0 0
  271.06668099999996 48.0 0
  271.104004 164.0 0
  272.131012 528.0 0
  273.06634499999996 780.0 0
  273.074707 388.0 0
  274.110077 200.0 0
  274.188202 42.34903 0
  274.21536299999997 100.0 0
  274.336639 128.0 0
  274.49783299999996 192.0 0
  274.860687 148.0 0
  274.951996 140.0 0
  275.198944 10.27174 0
  275.709229 124.0 0
  275.73974599999997 44.0 0
  276.164001 7480.0 1
  276.312622 40.0 0
  276.384033 794.0 0
  276.446686 112.0 0
  276.65506 48.0 0
  277.07074 84.455452 0
  277.099969 128.0 0
  277.12609899999995 40.0 0
  277.64178499999997 100.0 0
  277.76129199999997 124.0 0
  278.073059 968.0 0
  278.680023 104.0 0
  279.06978699999996 1084.0 0
  279.99267599999996 28.00927 0
  280.075226 1328.0 0
  280.228882 76.0 0
  281.08874499999996 312.0 0
  281.251404 120.0 0
  281.492279 52.0 0
  281.53225699999996 220.0 0
  281.75759899999997 184.0 0
  282.07870499999996 180.0 0
  282.124512 108.0 0
  282.133453 228.0 0
  282.156708 956.0 0
  283.40213 324.0 0
  283.614136 76.0 0
  283.723999 9.148284 0
  284.043304 176.0 0
  284.078735 204.0 0
  284.18231199999997 172.0 0
  284.257507 100.0 0
  284.69030799999996 60.0 0
  285.04428099999996 140.0 0
  285.050842 89.20417 0
  285.22018399999996 1015.0 0
  285.292694 56.0 0
  286.009125 88.0 0
  286.225128 200.0 0
  286.29598999999996 116.0 0
  286.35873399999997 80.0 0
  286.46347 72.0 0
  287.06582 152.0 0
  287.998383 60.0 0
  288.06131 1.0 0
  288.147675 148.0 0
  288.423889 132.0 0
  289.048279 21679.0 3
  290.18807999999996 168.0 0
  290.992889 200.0 0
  291.23135399999995 88.0 0
  291.782288 140.0 0
  291.847992 28.0 0
  292.07196 45208.0 7
  292.154907 124.0 0
  292.60266099999996 144.0 0
  292.69589199999996 168.0 0
  292.77331499999997 188.0 0
  294.055817 152.0 0
  294.059998 6102.0 1
  294.32879599999995 29.617371 0
  294.44277999999997 84.0 0
  295.731042 160.0 0
  295.83050499999996 100.0 0
  296.372681 17.028009 0
  296.815887 88.0 0
  297.00872799999996 40.910179 0
  297.254388 196.0 0
  298.65536499999996 200.0 0
  299.09375 112.0 0
  299.19397 20793.0 3
  300.060608 128.0 0
  300.12799099999995 52.0 0
  300.323181 188.0 0
  301.26689999999996 192.0 0
  301.54547099999996 20.253405 0
  301.788239 120.0 0
  301.989685 172.0 0
  302.041931 71887.0 10
  302.05792199999996 140.0 0
  302.085602 232.0 0
  302.867889 164.0 0
  303.037628 152.0 0
  303.06951899999996 152.0 0
  303.17175299999997 160.0 0
  303.509888 220.0 0
  303.515228 148.0 0
  304.46637 208.0 0
  304.522247 36.0 0
  304.99859599999996 172.0 0
  305.459686 120.0 0
  305.828552 92.0 0
  305.964478 40.0 0
  306.717072 120.0 0
  307.16333 172.0 0
  307.198517 96.0 0
  308.120111 96.0 0
  308.28439299999997 100.0 0
  308.46014399999996 204.0 0
  308.647851 200.0 0
  309.15853899999996 3769.616943 1
  309.200989 160.0 0
  309.333466 72.0 0
  309.391693 120.0 0
  310.05261199999995 324.0 0
  310.697113 176.0 0
  311.007368 358.0 0
  311.086884 876.0 0
  311.49707 124.0 0
  313.041473 41057.0 6
  313.698914 84.0 0
  314.21710199999995 132.0 0
  314.34225499999997 100.686096 0
  314.56701699999996 32.0 0
  314.7099 68.0 0
  315.103394 196.0 0
  315.96459999999996 112.0 0
  316.233215 8.03728 0
  317.30069 100.0 0
  317.58642599999996 220.0 0
  319.044067 23.43539 0
  319.110162 1035.0 0
  319.356567 36.0 0
  320.02737399999995 458390.0 67
  322.954102 88.0 0
  323.29864499999996 124.0 0
  323.385834 108.0 0
  324.98315399999996 8.937931 0
  324.999054 13.75439 0
  325.129028 200.0 0
  325.15029899999996 5.6875 0
  326.399658 120.0 0
  326.40347299999996 56.0 0
  327.07647699999995 50940.0 7
  327.456818 148.0 0
  327.57955899999996 164.0 0
  328.18395999999996 32.627541 0
  328.613495 132.0 0
  329.18179299999997 132.0 0
  331.104492 220.0 0
  331.145386 8.540729 0
  332.10202 60.0 0
  333.133514 196.0 0
  333.546814 188.0 0
  333.56601 184.0 0
  334.574646 104.0 0
  334.87667799999997 84.0 0
  335.78424099999995 104.0 0
  335.98114 140.0 0
  336.18893399999996 43.35067 0
  336.98060399999997 132.0 0
  337.06729099999995 115.916603 0
  337.111633 3912.779053 1
  337.985352 54.98687 0
  338.186127 148.0 0
  338.546295 264.0 0
  339.09490999999997 90.442627 0
  339.811981 44.0 0
  340.101074 152.0 0
  341.476837 140.0 0
  342.106537 48.0 0
  342.84216299999997 248.0 0
  343.04814999999996 379.0 0
  344.06832199999997 1232.0 0
  345.013733 76.0 0
  345.67047099999996 176.0 0
  346.09371899999996 84.0 0
  347.05426 356.0 0
  347.249939 17.920139 0
  349.17596399999996 3818.993896 1
  351.337067 9.815 0
  353.272186 304.0 0
  353.394653 72.0 0
  356.157959 176.0 0
  356.97412099999997 124.0 0
  357.03533899999996 112.0 0
  357.343805 148.0 0
  357.990936 544.0 0
  358.150146 120.0 0
  358.282227 192.0 0
  360.47085599999997 140.0 0
  361.78218999999996 140.0 0
  362.57372999999995 124.0 0
  363.087067 156.0 0
  363.186127 124.0 0
  363.295837 104.0 0
  366.20550499999996 64.0 0
  367.03060899999997 128.0 0
  367.422058 228.0 0
  368.20025599999997 360.0 0
  369.057275 208.0 0
  369.338257 352.0 0
  369.628387 184.0 0
  369.95962499999996 96.0 0
  370.126923 1004.908997 0
  371.646393 300.0 0
  372.11715699999996 200.0 0
  372.163239 112.0 0
  372.603271 68.0 0
  372.709137 164.0 0
  373.838959 112.0 0
  374.65466299999997 152.0 0
  375.516388 100.0 0
  378.37979099999995 156.0 0
  378.40930199999997 204.0 0
  378.501672 168.0 0
  379.087402 173.0 0
  379.112512 880.0 0
  382.148706 736.0 0
  384.271759 84.0 0
  385.02023299999996 34.140789 0
  387.069489 144.0 0
  387.661743 18.52002 0
  391.328461 44.0 0
  392.45474199999995 60.0 0
  392.728906 172.0 0
  393.077118 428.0 0
  393.229364 308.0 0
  395.31555199999997 12.02644 0
  399.25015299999995 4954.742188 1
  400.303674 228.0 0
  401.099243 92.0 0
  402.102844 144.0 0
  402.17794799999996 1256769.0 183
  404.722046 180.0 0
  405.07757599999997 218.0 0
  406.278778 148.0 0
  410.397247 1.075969 0
  410.52832 184.0 0
  411.197113 360.0 0
  413.084259 843.0 0
  414.0625 160.0 0
  414.95037199999996 168.0 0
  420.004242 132.0 0
  422.57278399999996 128.0 0
  423.157647 3237.0 0
  425.860413 196.0 0
  426.71777299999997 22.030371 0
  428.071533 120.0 0
  428.506866 128.0 0
  429.13424699999996 148.0 0
  430.30355799999995 48.0 0
  430.87335199999995 11.39701 0
  431.260315 84.0 0
  432.453461 96.0 0
  433.07347999999996 1140.0 0
  434.68489999999997 212.0 0
  435.713281 72.0 0
  440.208038 156.0 0
  443.13879399999996 145.125 0
  446.31192 28.0 0
  447.182434 6237.0 1
  447.227844 872.0 0
  449.249749 144.0 0
  452.60934399999996 128.0 0
  454.853418 176.0 0
  455.110894 88.0 0
  456.15338099999997 13220.0 2
  457.961914 156.0 0
  461.153534 1773.274048 0
  465.209167 64.375 0
  469.547418 48.0 0
  476.763947 80.0 0
  479.243774 8672.0 1
  482.306183 14.37582 0
  487.205468 244.0 0
  492.894531 148.0 0
  493.63296499999996 180.0 0
  494.047913 10.550771 0
  499.818207 0.65684 0
  503.200043 4448.0 1
  520.2560000000001 1.0 0
//
