ACCESSION: CCMSLIB00000085809
RECORD_TITLE: decoy
DATE: 2015.11.20
AUTHORS: Administrator
LICENSE: CC BY-SA
CH$NAME: decoy
CH$COMPOUND_CLASS: Natural Product
CH$FORMULA: C18H29NO2
CH$EXACT_MASS: 291.21982916800005
CH$SMILES: N/A
CH$IUPAC: decoy
CH$LINK: N/A
AC$INSTRUMENT: decoy
AC$INSTRUMENT_TYPE: decoy
AC$MASS_SPECTROMETRY: MS_TYPE MS2
AC$MASS_SPECTROMETRY: ION_MODE POSITIVE
AC$MASS_SPECTROMETRY: COLLISION_ENERGY 10 V
MS$FOCUSED_ION: PRECURSOR_M/Z 292
MS$FOCUSED_ION: PRECURSOR_TYPE [M+H]+
PK$NUM_PEAK: 3220
PK$PEAK: m/z int. rel.int.
  25.292573 164.0 0
  31.383069000000003 180.0 0
  32.470258 184.0 0
  45.015568 176.0 0
  45.025837 148.0 0
  45.104752000000005 136.0 0
  45.400517 144.0 0
  45.495937000000005 176.0 0
  45.76865 140.0 0
  45.878773 240.0 0
  46.031044 256.0 0
  46.09029 156.0 0
  46.173859 168.0 0
  46.320648 140.0 0
  46.337776 96.0 0
  46.410828 92.0 0
  46.601875 240.0 0
  46.617165 184.0 0
  46.816277 176.0 0
  46.979641 124.0 0
  46.998287000000005 192.0 0
  47.015316 152.0 0
  47.020302 200.0 0
  47.074883 180.0 0
  47.119965 156.0 0
  47.270676 76.0 0
  47.308975000000004 344.0 0
  47.452518000000005 124.0 0
  47.568516 80.0 0
  47.636375 192.0 0
  47.641819 172.0 0
  47.677666 168.0 0
  47.724419000000005 76.0 0
  47.763748 152.0 0
  47.793858 144.0 0
  47.925148 52.0 0
  48.112949 124.0 0
  48.298042 136.0 0
  48.343361 76.0 0
  48.420586 200.0 0
  48.551464 120.0 0
  48.596436000000004 136.0 0
  48.669556 124.0 0
  48.68578 164.0 0
  48.901699 216.0 0
  48.915062 140.0 0
  49.251503 216.0 0
  49.438881 236.0 0
  49.460041000000004 308.0 0
  49.535183 208.0 0
  49.648270000000004 260.0 0
  49.686871000000004 136.0 0
  49.809589 172.0 0
  49.824303 256.0 0
  49.844124 196.0 0
  49.921494 56.0 0
  50.043434000000005 232.0 0
  50.156643 88.0 0
  50.168762 216.0 0
  50.235706 188.0 0
  50.392986 128.0 0
  50.466034 152.0 0
  50.884228 44.0 0
  50.916336 188.0 0
  51.037193 100.0 0
  51.096848 76.0 0
  51.107597 188.0 0
  51.184784 188.0 0
  51.506111000000004 148.0 0
  51.565281 244.0 0
  51.641785 152.0 0
  51.647747 184.0 0
  51.653339 224.0 0
  51.706615 68.0 0
  51.724911 156.0 0
  51.808167000000005 192.0 0
  52.082829000000004 176.0 0
  52.091434 112.0 0
  52.111580000000004 196.0 0
  52.113735 148.0 0
  52.591518 164.0 0
  52.599327 144.0 0
  52.688435 184.0 0
  52.793575000000004 156.0 0
  52.939938000000005 140.0 0
  53.081501 72.0 0
  53.19511 124.0 0
  53.20594 152.0 0
  53.294415 196.0 0
  53.426971 160.0 0
  53.458035 184.0 0
  53.487213000000004 176.0 0
  53.524124 168.0 0
  53.544174 144.0 0
  53.556702 176.0 0
  53.660759 232.0 0
  53.696167 184.0 0
  53.728970000000004 80.0 0
  53.806103 188.0 0
  54.094959 256.0 0
  54.130795 148.0 0
  54.197392 152.0 0
  54.624817 108.0 0
  54.737564 120.0 0
  54.987774 204.0 0
  55.008373 156.0 0
  55.371536 140.0 0
  55.439732 220.0 0
  55.526718 160.0 0
  55.578381 144.0 0
  55.629341000000004 184.0 0
  55.75333 184.0 0
  55.868603 144.0 0
  55.953594 184.0 0
  56.155621000000004 160.0 0
  56.185581 156.0 0
  56.240520000000004 204.0 0
  56.248470000000005 176.0 0
  56.307899 176.0 0
  56.465168 148.0 0
  56.477776 140.0 0
  56.493954 192.0 0
  56.558208 188.0 0
  57.320080000000004 224.0 0
  57.666889000000005 112.0 0
  57.732716 216.0 0
  57.744671000000004 160.0 0
  57.971588000000004 120.0 0
  58.009903 136.0 0
  58.042397 144.0 0
  58.061535 180.0 0
  58.230259000000004 220.0 0
  58.356956000000004 132.0 0
  58.375359 56.0 0
  58.46822 116.0 0
  58.477116 168.0 0
  58.701859 252.0 0
  58.802063000000004 92.0 0
  59.010040000000004 140.0 0
  59.074654 172.0 0
  59.104149 148.0 0
  59.137226 172.0 0
  59.294079 148.0 0
  59.298996 164.0 0
  59.379322 216.0 0
  59.457607 192.0 0
  59.494808 136.0 0
  59.565651 152.0 0
  59.781567 124.0 0
  59.843624 192.0 0
  59.906151 184.0 0
  59.973705 168.0 0
  60.088417 180.0 0
  60.134972000000005 160.0 0
  60.203735 212.0 0
  60.286564 76.0 0
  60.324074 144.0 0
  60.353394 168.0 0
  60.436199 196.0 0
  60.477474 156.0 0
  60.511856 224.0 0
  61.070042 128.0 0
  61.121666000000005 172.0 0
  61.135979 152.0 0
  61.14106 212.0 0
  61.180885 208.0 0
  61.228104 160.0 0
  61.474542 152.0 0
  61.548046 240.0 0
  61.559937000000005 188.0 0
  61.594959 156.0 0
  61.669285 180.0 0
  61.808731 176.0 0
  61.944973000000005 136.0 0
  62.080006000000004 44.0 0
  62.314808 172.0 0
  62.524578 76.0 0
  62.778751 168.0 0
  63.00708 148.0 0
  63.143307 184.0 0
  63.230415 60.0 0
  63.363945 92.0 0
  63.45528 37.778221 0
  63.468128 132.0 0
  63.477619000000004 124.0 0
  63.511478000000004 44.0 0
  63.746883000000004 124.0 0
  63.749783 192.0 0
  63.847187 168.0 0
  63.938053000000004 152.0 0
  64.043755 132.0 0
  64.08311499999999 176.0 0
  64.20461999999999 256.0 0
  64.219597 160.0 0
  64.291641 112.0 0
  64.295067 200.0 0
  64.342445 204.0 0
  64.36364 0.0 0
  64.491798 88.0 0
  64.71727 212.0 0
  64.895554 256.0 0
  64.91197199999999 88.0 0
  64.932512 200.0 0
  65.11868299999999 188.0 0
  65.14976499999999 160.0 0
  65.27892299999999 144.0 0
  65.377724 160.0 0
  65.395592 176.0 0
  65.471329 172.0 0
  65.47880599999999 68.0 0
  65.627251 144.0 0
  65.86155699999999 208.0 0
  65.885796 216.0 0
  65.918747 176.0 0
  66.00892599999999 144.0 0
  66.114655 112.0 0
  66.18120599999999 176.0 0
  66.189713 168.0 0
  66.31102 156.0 0
  66.38266 276.0 0
  66.391769 164.0 0
  66.49595599999999 136.0 0
  66.55779299999999 252.0 0
  66.57029 116.0 0
  66.67813899999999 124.0 0
  66.69371 192.0 0
  66.70253 128.0 0
  66.762238 136.0 0
  66.854462 96.0 0
  67.10031099999999 160.0 0
  67.11586 128.0 0
  67.198387 112.0 0
  67.213898 168.0 0
  67.28317299999999 140.0 0
  67.29576899999999 56.0 0
  67.579094 92.0 0
  67.723114 44.0 0
  67.75254799999999 204.0 0
  67.99262999999999 184.0 0
  68.066475 204.0 0
  68.09911299999999 176.0 0
  68.30471 188.0 0
  68.33028399999999 236.0 0
  68.393829 136.0 0
  68.59082 124.0 0
  68.62576299999999 180.0 0
  68.82476 188.0 0
  68.84272 216.0 0
  68.88160699999999 128.0 0
  68.90136 52.0 0
  68.950356 152.0 0
  69.04049699999999 188.0 0
  69.16818199999999 148.0 0
  69.20664199999999 212.0 0
  69.289879 196.0 0
  69.670311 152.0 0
  69.741501 84.0 0
  69.758377 200.0 0
  69.836998 324.0 0
  69.896484 212.0 0
  69.99659 188.0 0
  70.03006699999999 148.0 0
  70.170723 108.0 0
  70.525993 40.0 0
  70.55053699999999 164.0 0
  70.61271699999999 152.0 0
  70.643013 164.0 0
  70.65699799999999 228.0 0
  70.70356 124.0 0
  70.717186 28.0 0
  70.73271199999999 200.0 0
  70.755325 112.0 0
  70.87262 188.0 0
  70.906189 136.0 0
  70.926361 92.0 0
  70.935936 228.0 0
  71.084137 51.222832 0
  71.29248799999999 132.0 0
  71.428444 188.0 0
  71.496529 160.0 0
  71.64962799999999 120.0 0
  72.115501 140.0 0
  72.21889499999999 216.0 0
  72.442291 184.0 0
  72.483543 248.0 0
  72.502258 164.0 0
  72.628029 188.0 0
  72.777046 176.0 0
  72.820488 116.0 0
  72.88649 164.0 0
  72.955788 204.0 0
  73.141038 152.0 0
  73.22891999999999 152.0 0
  73.284065 136.0 0
  73.346024 232.0 0
  73.386055 196.0 0
  73.412308 144.0 0
  73.51381699999999 204.0 0
  73.599846 148.0 0
  73.682465 160.0 0
  73.839897 156.0 0
  73.883179 116.0 0
  73.94986 144.0 0
  74.058723 176.0 0
  74.385567 256.0 0
  74.42366799999999 172.0 0
  74.42983199999999 152.0 0
  74.584244 136.0 0
  74.742966 208.0 0
  75.111069 188.0 0
  75.43553899999999 140.0 0
  75.440613 144.0 0
  75.82852199999999 188.0 0
  76.017815 176.0 0
  76.074219 172.0 0
  76.131813 156.0 0
  76.831932 268.0 0
  76.857506 184.0 0
  77.238731 232.0 0
  77.43502799999999 184.0 0
  77.80648799999999 120.0 0
  77.81075999999999 132.0 0
  77.83120699999999 224.0 0
  77.991875 156.0 0
  78.053551 136.0 0
  78.22282399999999 176.0 0
  78.25354 164.0 0
  78.427551 180.0 0
  78.444542 164.0 0
  78.688797 112.0 0
  78.987617 196.0 0
  79.11157999999999 140.0 0
  79.14422599999999 160.0 0
  79.21561399999999 80.0 0
  79.300827 168.0 0
  79.38102699999999 140.0 0
  79.404755 176.0 0
  79.546852 152.0 0
  79.671357 172.0 0
  79.724167 152.0 0
  79.84803 176.0 0
  79.854858 140.0 0
  79.95865599999999 192.0 0
  80.026642 164.0 0
  80.076546 152.0 0
  80.088387 168.0 0
  80.117981 48.0 0
  80.228462 148.0 0
  80.292435 236.0 0
  80.383759 320.0 0
  80.39021299999999 76.0 0
  80.40766099999999 160.0 0
  80.452438 184.0 0
  80.59938 180.0 0
  80.63879399999999 140.0 0
  80.646919 236.0 0
  80.74855799999999 212.0 0
  80.894905 216.0 0
  81.071449 152.0 0
  81.163918 80.0 0
  81.296745 188.0 0
  81.50050399999999 144.0 0
  81.7901 172.0 0
  81.79852299999999 192.0 0
  81.850456 136.0 0
  81.906624 132.0 0
  81.94264199999999 140.0 0
  82.076988 104.0 0
  82.16678599999999 40.0 0
  82.240753 184.0 0
  82.293236 212.0 0
  82.313454 176.0 0
  82.45146899999999 228.0 0
  82.476456 148.0 0
  82.567223 288.0 0
  82.781532 140.0 0
  82.825333 184.0 0
  82.99388099999999 40.0 0
  83.026237 120.0 0
  83.08509099999999 168.0 0
  83.14937599999999 188.0 0
  83.17210399999999 36.0 0
  83.240952 128.0 0
  83.296173 192.0 0
  83.43242599999999 136.0 0
  83.78098299999999 152.0 0
  84.031639 212.0 0
  84.080728 152.0 0
  84.117058 204.0 0
  84.12458799999999 136.0 0
  84.246918 140.0 0
  84.296326 140.0 0
  84.329208 216.0 0
  84.45414 296.0 0
  84.540825 224.0 0
  84.547615 140.0 0
  84.664047 112.0 0
  84.68734699999999 176.0 0
  84.827545 96.0 0
  85.428612 124.0 0
  85.61185499999999 160.0 0
  85.93959799999999 128.0 0
  86.060081 224.0 0
  86.21571399999999 132.0 0
  86.32932299999999 184.0 0
  86.53701799999999 148.0 0
  86.63718399999999 72.0 0
  86.812218 112.0 0
  87.02716099999999 148.0 0
  87.079826 204.0 0
  87.25421899999999 140.0 0
  87.469894 176.0 0
  87.625008 176.0 0
  87.69442699999999 116.0 0
  87.813347 196.0 0
  87.941322 192.0 0
  87.965126 160.0 0
  88.107002 5572.0 1
  88.237144 188.0 0
  88.27791599999999 272.0 0
  88.82891799999999 152.0 0
  89.166817 176.0 0
  89.28359999999999 228.0 0
  89.62065899999999 168.0 0
  89.71365399999999 184.0 0
  89.779518 148.0 0
  89.81888599999999 184.0 0
  89.829369 84.0 0
  90.068939 232.0 0
  90.14607199999999 92.0 0
  90.363557 148.0 0
  90.372917 140.0 0
  90.377731 208.0 0
  90.454521 176.0 0
  90.73925 180.0 0
  90.80335199999999 248.0 0
  90.811844 252.0 0
  90.820549 100.0 0
  90.83255 184.0 0
  90.917847 188.0 0
  90.94374099999999 56.0 0
  90.98790699999999 184.0 0
  91.01834099999999 448.0 0
  91.048851 256.0 0
  91.132019 188.0 0
  91.36121399999999 120.0 0
  91.51061999999999 204.0 0
  91.61379199999999 144.0 0
  91.62952399999999 200.0 0
  91.68751499999999 116.0 0
  91.79097 272.0 0
  91.89154099999999 124.0 0
  91.905563 76.0 0
  92.06124899999999 220.0 0
  92.44015499999999 144.0 0
  92.44927999999999 104.0 0
  92.55528299999999 164.0 0
  92.91598499999999 172.0 0
  92.944931 148.0 0
  92.964233 212.0 0
  93.065941 152.0 0
  93.068665 168.0 0
  93.124817 192.0 0
  93.37675499999999 152.0 0
  93.458817 128.0 0
  93.482086 152.0 0
  93.62689999999999 220.0 0
  93.66256 60.0 0
  93.691177 128.0 0
  93.712555 156.0 0
  93.744087 104.0 0
  93.865562 52.0 0
  93.930161 156.0 0
  93.982857 252.0 0
  94.01377099999999 148.0 0
  94.02705399999999 116.0 0
  94.035416 172.0 0
  94.03933699999999 132.0 0
  94.115623 224.0 0
  94.182457 144.0 0
  94.454544 0.0 0
  94.49628399999999 148.0 0
  94.65356399999999 184.0 0
  94.660309 1091.0 0
  94.766151 152.0 0
  94.861633 108.0 0
  94.898285 136.0 0
  94.971634 160.0 0
  95.02548999999999 208.0 0
  95.04843899999999 104.0 0
  95.059479 4084.0 1
  95.08067299999999 140.0 0
  95.134293 144.0 0
  95.14517199999999 128.0 0
  95.151894 144.0 0
  95.162308 380.0 0
  95.166534 216.0 0
  95.177071 116.0 0
  95.205338 220.0 0
  95.31765 180.0 0
  95.349983 100.0 0
  95.359116 136.0 0
  95.40145899999999 172.0 0
  95.468666 180.0 0
  95.514854 216.0 0
  95.53847499999999 196.0 0
  95.56665799999999 216.0 0
  95.669518 156.0 0
  95.76825699999999 84.0 0
  95.822594 168.0 0
  96.00647699999999 116.0 0
  96.053963 484.0 0
  96.061684 204.0 0
  96.07150999999999 152.0 0
  96.10078399999999 156.0 0
  96.117134 180.0 0
  96.24897 144.0 0
  96.275841 144.0 0
  96.308678 140.0 0
  96.435402 204.0 0
  96.43912499999999 124.0 0
  96.441177 120.0 0
  96.47782099999999 144.0 0
  96.597816 144.0 0
  96.612549 68.0 0
  96.707352 152.0 0
  96.741051 152.0 0
  96.76443499999999 132.0 0
  96.77967799999999 204.0 0
  96.800423 72.0 0
  97.05066699999999 460.0 0
  97.061584 32.0 0
  97.088684 700.0 0
  97.114059 212.0 0
  97.155518 176.0 0
  97.234421 184.0 0
  97.24454499999999 212.0 0
  97.334412 132.0 0
  97.368004 212.0 0
  97.377022 232.0 0
  97.408226 92.0 0
  97.604424 76.0 0
  97.69410699999999 208.0 0
  97.72286199999999 140.0 0
  97.81384299999999 180.0 0
  97.83479299999999 72.0 0
  97.884346 160.0 0
  97.96714 340.0 0
  97.970535 192.0 0
  97.983261 48.0 0
  97.988464 256.0 0
  97.998543 228.0 0
  98.006187 104.0 0
  98.04377699999999 156.0 0
  98.047333 72.0 0
  98.06266 216.0 0
  98.068771 200.0 0
  98.076714 160.0 0
  98.081429 240.0 0
  98.13300299999999 96.0 0
  98.179642 176.0 0
  98.206688 212.0 0
  98.304001 92.0 0
  98.33785999999999 136.0 0
  98.38851199999999 216.0 0
  98.492058 156.0 0
  98.527328 136.0 0
  98.645699 120.0 0
  98.71814699999999 152.0 0
  98.725365 120.0 0
  98.79313699999999 104.0 0
  98.80193299999999 188.0 0
  98.87484699999999 196.0 0
  98.87754799999999 188.0 0
  98.985367 124.0 0
  98.995171 244.0 0
  99.04534899999999 536.0 0
  99.05467999999999 196.0 0
  99.079332 739.0 0
  99.142265 240.0 0
  99.164436 160.0 0
  99.19968399999999 156.0 0
  99.34419299999999 168.0 0
  99.434204 240.0 0
  99.47683699999999 48.0 0
  99.498138 148.0 0
  99.507126 48.0 0
  99.559929 160.0 0
  99.594635 224.0 0
  99.63118 228.0 0
  99.97054299999999 236.0 0
  100.01499199999999 164.0 0
  100.024521 92.0 0
  100.036491 128.0 0
  100.041145 452.0 0
  100.086525 268.0 0
  100.16706099999999 152.0 0
  100.199142 44.0 0
  100.415802 80.0 0
  100.44846299999999 132.0 0
  100.453583 132.0 0
  100.455818 180.0 0
  100.532433 148.0 0
  100.59075899999999 172.0 0
  100.675331 25.20833 0
  100.75349399999999 160.0 0
  100.835533 120.0 0
  100.895241 160.0 0
  100.97953799999999 240.0 0
  100.98533599999999 96.0 0
  101.069536 532.0 0
  101.07882 148.0 0
  101.103645 148.0 0
  101.12160499999999 64.0 0
  101.140053 196.0 0
  101.23243699999999 160.0 0
  101.322052 144.0 0
  101.376938 148.0 0
  101.45097399999999 108.0 0
  101.50928499999999 204.0 0
  101.53682699999999 172.0 0
  101.62837999999999 100.0 0
  101.64244799999999 132.0 0
  101.653297 196.0 0
  101.65800499999999 104.0 0
  101.71354699999999 184.0 0
  101.720596 148.0 0
  101.729866 168.0 0
  101.833168 164.0 0
  101.845383 208.0 0
  102.00351699999999 224.0 0
  102.013145 168.0 0
  102.023277 14.03689 0
  102.035805 61.49091 0
  102.045807 980.0 0
  102.07326499999999 144.0 0
  102.137535 232.0 0
  102.190941 164.0 0
  102.42205 208.0 0
  102.44592999999999 124.0 0
  102.469337 80.0 0
  102.530952 216.0 0
  102.591072 80.0 0
  102.619354 160.0 0
  102.636299 116.0 0
  102.66137699999999 152.0 0
  102.71431 204.0 0
  102.87829599999999 328.0 0
  102.92276 156.0 0
  102.95678699999999 136.0 0
  103.00057199999999 204.0 0
  103.037064 72.0 0
  103.051689 188.0 0
  103.054001 248.0 0
  103.078842 168.0 0
  103.122963 208.0 0
  103.182243 184.0 0
  103.220917 140.0 0
  103.23818999999999 212.0 0
  103.27577199999999 232.0 0
  103.361504 164.0 0
  103.39600399999999 204.0 0
  103.40652499999999 168.0 0
  103.597366 204.0 0
  103.78540799999999 136.0 0
  103.82914 164.0 0
  103.85099 120.0 0
  103.90309099999999 3.375 0
  103.98881499999999 324.009979 0
  103.99610899999999 164.0 0
  104.02085899999999 176.0 0
  104.03334799999999 148.0 0
  104.058281 200.0 0
  104.090347 180.0 0
  104.154434 152.0 0
  104.29429599999999 152.0 0
  104.300697 16.75379 0
  104.36578399999999 120.0 0
  104.504272 39.96294 0
  104.51153599999999 144.0 0
  104.662933 132.0 0
  104.692574 100.0 0
  104.71558399999999 164.0 0
  104.733826 192.0 0
  104.743828 120.0 0
  104.782585 120.0 0
  104.916496 204.0 0
  104.92686499999999 172.0 0
  104.94722 348.0 0
  104.952255 72.0 0
  104.956177 216.0 0
  104.97756199999999 1406.432251 0
  104.99690199999999 224.0 0
  105.013466 144.0 0
  105.023849 164.0 0
  105.026581 188.0 0
  105.033386 140.0 0
  105.054474 144.0 0
  105.066727 156.0 0
  105.070709 1028.0 0
  105.09002699999999 105.578903 0
  105.137383 168.0 0
  105.190338 116.0 0
  105.230103 3.080128 0
  105.26570099999999 136.0 0
  105.32000699999999 180.0 0
  105.39267699999999 52.0 0
  105.40612 180.0 0
  105.423859 37.007568 0
  105.647942 160.0 0
  105.686005 140.0 0
  105.70049999999999 176.0 0
  105.726631 164.0 0
  105.947609 152.0 0
  105.95758099999999 152.0 0
  106.023781 144.0 0
  106.036552 196.0 0
  106.055847 180.0 0
  106.060158 140.0 0
  106.06485699999999 485.579315 0
  106.070122 96.0 0
  106.07403599999999 392.0 0
  106.093925 188.0 0
  106.13156099999999 4.333333 0
  106.13815299999999 100.0 0
  106.373398 124.0 0
  106.503884 140.0 0
  106.51147499999999 84.0 0
  106.661751 160.0 0
  106.66806 140.0 0
  106.67598 176.0 0
  106.691093 140.0 0
  106.76098599999999 196.0 0
  106.765755 40.0 0
  106.81154599999999 168.0 0
  106.82324999999999 216.0 0
  106.92774999999999 172.0 0
  106.946175 228.0 0
  107.026451 128.0 0
  107.03869599999999 86.792686 0
  107.05092599999999 860.0 0
  107.061089 27.34959 0
  107.08045999999999 71.027023 0
  107.309181 244.0 0
  107.32148 44.0 0
  107.342827 204.0 0
  107.41861 188.0 0
  107.42392 4.215194 0
  107.466095 144.0 0
  107.47569999999999 176.0 0
  107.52701599999999 172.0 0
  107.68025999999999 160.0 0
  107.696404 48.0 0
  107.89347799999999 92.0 0
  107.93321999999999 184.0 0
  107.94195599999999 268.0 0
  107.945999 288.0 0
  108.01664 256.0 0
  108.023315 160.0 0
  108.047829 240.0 0
  108.051926 152.0 0
  108.077057 590.0 0
  108.17745199999999 164.0 0
  108.181129 112.0 0
  108.18783599999999 172.0 0
  108.22084799999999 164.0 0
  108.283997 26.561899 0
  108.295631 72.0 0
  108.3022 180.0 0
  108.307144 172.0 0
  108.31729899999999 216.0 0
  108.394898 156.0 0
  108.39913899999999 128.0 0
  108.402222 144.0 0
  108.426704 160.0 0
  108.477638 196.0 0
  108.524147 180.0 0
  108.593109 180.0 0
  108.598068 144.0 0
  108.66980699999999 112.0 0
  108.68204499999999 148.0 0
  108.72024499999999 168.0 0
  108.72505199999999 116.0 0
  108.72962199999999 164.0 0
  108.81826799999999 60.0 0
  108.859123 28.0 0
  108.888008 200.0 0
  108.920914 176.0 0
  109.02811399999999 228.0 0
  109.06427799999999 1853.921997 0
  109.069611 180.0 0
  109.08178699999999 164.0 0
  109.11624099999999 232.0 0
  109.21816299999999 200.0 0
  109.265816 3.418968 0
  109.292824 84.0 0
  109.334885 200.0 0
  109.37097899999999 140.0 0
  109.38484199999999 188.0 0
  109.43701899999999 4.555059 0
  109.52281199999999 144.0 0
  109.674858 176.0 0
  109.763374 148.0 0
  109.768639 212.0 0
  109.79936199999999 232.0 0
  109.815331 160.0 0
  109.822418 276.0 0
  109.91532099999999 148.0 0
  109.949547 172.0 0
  109.96945199999999 44.0 0
  110.034515 220.434204 0
  110.04253399999999 192.0 0
  110.05826599999999 372.0 0
  110.066116 160.0 0
  110.083107 360.714294 0
  110.105087 62.26622 0
  110.25353199999999 208.0 0
  110.28789499999999 256.0 0
  110.315643 132.0 0
  110.40068799999999 140.0 0
  110.429527 188.0 0
  110.44632 156.0 0
  110.451859 152.0 0
  110.656914 168.0 0
  110.691406 232.0 0
  110.700081 140.0 0
  110.70290399999999 152.0 0
  110.72327399999999 160.0 0
  110.757301 176.0 0
  110.819305 180.0 0
  110.83753999999999 156.0 0
  110.846153 144.0 0
  110.879898 120.0 0
  110.88859599999999 84.0 0
  111.007233 184.0 0
  111.027008 140.0 0
  111.081558 228.0 0
  111.09288 168.0 0
  111.132278 128.0 0
  111.24524699999999 260.0 0
  111.25566099999999 152.0 0
  111.258057 128.0 0
  111.34660299999999 172.0 0
  111.36825599999999 148.0 0
  111.74015 160.0 0
  111.776016 184.0 0
  111.890892 124.0 0
  111.928055 236.0 0
  111.93498199999999 228.0 0
  111.97848499999999 164.0 0
  111.993324 138.913803 0
  112.010262 120.0 0
  112.055939 184.0 0
  112.076225 216.0 0
  112.116188 128.0 0
  112.119202 180.0 0
  112.19840199999999 160.0 0
  112.215881 12.09722 0
  112.22226699999999 104.0 0
  112.29428899999999 252.0 0
  112.449867 136.0 0
  112.523376 196.0 0
  112.53370699999999 180.0 0
  112.579712 220.0 0
  112.59286499999999 144.0 0
  112.651344 92.0 0
  112.692421 6.880952 0
  112.84002699999999 136.0 0
  112.913795 96.0 0
  112.936951 344.0 0
  113.034683 1924.0 0
  113.059822 712.0 0
  113.062569 152.0 0
  113.07083899999999 153.234299 0
  113.11769899999999 1284.0 0
  113.23763299999999 240.0 0
  113.285759 140.0 0
  113.31678799999999 164.0 0
  113.39197499999999 172.0 0
  113.450806 184.0 0
  113.58573899999999 148.0 0
  113.617615 188.0 0
  113.672699 200.0 0
  113.727272 1.072872 0
  113.95863299999999 116.0 0
  113.98612999999999 1616.0 0
  114.00141099999999 176.0 0
  114.05049899999999 95068.0 21
  114.091545 92.491287 0
  114.283394 160.0 0
  114.393654 6.113575 0
  114.487068 200.0 0
  114.57704899999999 132.0 0
  114.601334 172.0 0
  114.68891099999999 224.0 0
  114.997383 136.0 0
  115.034927 92.770103 0
  115.054634 934.276428 0
  115.11385299999999 144.0 0
  115.17804 88.0 0
  115.198021 136.0 0
  115.206329 176.0 0
  115.257965 180.0 0
  115.267387 80.0 0
  115.292358 168.0 0
  115.351974 140.0 0
  115.399452 3.047619 0
  115.48217799999999 96.0 0
  115.494041 156.0 0
  115.571304 3.967033 0
  115.798592 196.0 0
  115.85479699999999 152.0 0
  115.88330099999999 184.0 0
  115.99865 200.0 0
  116.031723 48.0 0
  116.04982799999999 672.0 0
  116.05583999999999 144.0 0
  116.13243899999999 372.0 0
  116.17300399999999 152.0 0
  116.203987 140.0 0
  116.292397 36.861599 0
  116.336472 164.0 0
  116.479654 172.0 0
  116.500801 188.0 0
  116.510735 56.0 0
  116.554115 160.0 0
  116.574631 168.0 0
  116.62404599999999 136.0 0
  116.668472 21.78125 0
  116.708427 136.0 0
  116.82908599999999 184.0 0
  117.04086299999999 168.0 0
  117.070923 1308.0 0
  117.09144599999999 160.0 0
  117.118927 184.0 0
  117.139732 176.0 0
  117.154167 184.0 0
  117.195145 132.0 0
  117.22003199999999 120.0 0
  117.22263299999999 3.973485 0
  117.248505 260.0 0
  117.259789 46.253479 0
  117.29229699999999 64.0 0
  117.35288999999999 112.0 0
  117.47155799999999 68.0 0
  117.49610899999999 7.819445 0
  117.59606199999999 196.0 0
  117.681557 18.305111 0
  117.777153 160.0 0
  117.871758 64.0 0
  118.05068999999999 788.0 0
  118.065781 6048.0 1
  118.080856 3.666667 0
  118.107559 232.0 0
  118.11958299999999 176.0 0
  118.138908 216.0 0
  118.161987 92.0 0
  118.23020199999999 84.0 0
  118.238312 112.0 0
  118.32785799999999 232.0 0
  118.408958 232.0 0
  118.643768 152.0 0
  118.679733 140.0 0
  118.685104 184.0 0
  118.696243 156.0 0
  118.800056 188.0 0
  118.83859299999999 108.0 0
  118.90235899999999 132.0 0
  118.906174 184.0 0
  118.923988 148.0 0
  118.93575299999999 148.0 0
  118.940117 224.0 0
  118.94249699999999 136.0 0
  118.975899 104.0 0
  119.049561 264.0 0
  119.067177 52.0 0
  119.07035099999999 412.0 0
  119.08473199999999 484.0 0
  119.11275599999999 268.0 0
  119.119148 36.0 0
  119.14903299999999 220.0 0
  119.186241 176.0 0
  119.19863099999999 15.51148 0
  119.201195 176.0 0
  119.327339 23.21887 0
  119.43234299999999 92.0 0
  119.47699 76.0 0
  119.48679399999999 144.0 0
  119.519646 60.0 0
  119.54068 188.0 0
  119.581369 200.0 0
  119.67768099999999 172.0 0
  119.745483 4.645161 0
  119.76746399999999 76.0 0
  119.79521199999999 124.0 0
  119.90341199999999 176.0 0
  119.93409 128.0 0
  119.971733 140.0 0
  120.05162 178.0 0
  120.062782 96.0 0
  120.07206699999999 176.0 0
  120.08035299999999 212.0 0
  120.082657 148.0 0
  120.092323 177.0 0
  120.09484099999999 156.0 0
  120.20049999999999 4.387821 0
  120.20719899999999 196.0 0
  120.250046 184.0 0
  120.270012 10.30867 0
  120.321236 256.0 0
  120.337059 224.0 0
  120.383423 19.183661 0
  120.402473 128.0 0
  120.468201 64.0 0
  120.499359 100.0 0
  120.510826 8.856884 0
  120.612991 156.0 0
  120.708618 208.0 0
  120.77205699999999 12.40752 0
  120.792976 204.0 0
  120.84157599999999 148.0 0
  120.960793 188.0 0
  120.96900199999999 184.0 0
  121.027992 144.0 0
  121.049004 2255.0 0
  121.05957799999999 9805.0 2
  121.064865 416.0 0
  121.079431 102.0 0
  121.084373 492.0 0
  121.090966 222.0 0
  121.09434499999999 32.0 0
  121.097099 78.809921 0
  121.152908 123.0 0
  121.158524 72.0 0
  121.238541 180.0 0
  121.25167099999999 124.0 0
  121.31423199999999 84.0 0
  121.35181399999999 128.0 0
  121.36136599999999 72.0 0
  121.370949 176.0 0
  121.589012 200.0 0
  121.6325 180.0 0
  121.658226 112.0 0
  121.70638299999999 220.0 0
  121.70954099999999 96.0 0
  121.74349199999999 272.0 0
  121.813515 124.0 0
  121.82910199999999 144.0 0
  121.852913 132.0 0
  121.89703399999999 116.0 0
  121.97380799999999 112.0 0
  122.00529499999999 360.0 0
  122.032249 184.0 0
  122.051079 168.0 0
  122.063148 750.0 0
  122.068253 168.0 0
  122.116638 100.0 0
  122.132622 120.0 0
  122.19886799999999 38.50069 0
  122.220062 128.0 0
  122.29431899999999 148.0 0
  122.404388 60.0 0
  122.43025999999999 156.0 0
  122.438766 304.0 0
  122.466988 128.0 0
  122.502968 144.0 0
  122.54961399999999 168.0 0
  122.619507 148.0 0
  122.690956 64.0 0
  122.714935 116.0 0
  122.766151 176.0 0
  122.823425 160.0 0
  122.84715999999999 144.0 0
  122.958725 248.0 0
  122.966881 128.0 0
  122.971992 140.0 0
  122.999313 6684.0 1
  123.007027 148.0 0
  123.042526 636.0 0
  123.045593 596.0 0
  123.080147 1570.447998 0
  123.11138899999999 152.0 0
  123.117134 108.0 0
  123.13400999999999 168.0 0
  123.143982 148.0 0
  123.208405 160.0 0
  123.24389599999999 11.53846 0
  123.25952099999999 188.0 0
  123.48069 132.0 0
  123.485146 220.0 0
  123.587257 6.006429 0
  123.690918 204.0 0
  123.699249 188.0 0
  123.75053399999999 136.0 0
  123.83699 36.0 0
  123.877533 112.0 0
  123.93910199999999 136.0 0
  123.94596899999999 136.0 0
  123.966324 44.0 0
  124.039825 172.0 0
  124.055222 216.0 0
  124.105553 180.0 0
  124.118507 192.0 0
  124.121133 184.0 0
  124.16066699999999 200.0 0
  124.195129 272.0 0
  124.222054 160.0 0
  124.28581199999999 44.0 0
  124.29055799999999 112.0 0
  124.300079 19.127451 0
  124.310707 140.0 0
  124.318871 144.0 0
  124.347641 176.0 0
  124.39784999999999 72.0 0
  124.523254 100.0 0
  124.60936 56.0 0
  124.637642 184.0 0
  124.66703 168.0 0
  124.75012199999999 204.0 0
  124.797356 164.0 0
  124.807884 172.0 0
  124.841476 228.0 0
  124.988968 256.0 0
  125.014366 340.0 0
  125.01649499999999 1084.0 0
  125.022972 196.0 0
  125.060036 204.0 0
  125.066437 148.0 0
  125.089867 73.23214 0
  125.11110699999999 77.061272 0
  125.11842299999999 152.0 0
  125.16130799999999 6.003676 0
  125.255005 36.0 0
  125.301384 156.0 0
  125.335922 60.0 0
  125.378548 188.0 0
  125.49761199999999 108.0 0
  125.509712 208.0 0
  125.55928899999999 148.0 0
  125.57453199999999 176.0 0
  125.65512799999999 164.0 0
  125.68738599999999 132.0 0
  125.733604 156.0 0
  125.853088 83.795097 0
  125.92564399999999 148.0 0
  126.044006 116.0 0
  126.074715 184.0 0
  126.135559 756.0 0
  126.37647199999999 180.0 0
  126.43650099999999 220.0 0
  126.45159899999999 72.0 0
  126.523399 132.0 0
  126.59640499999999 160.0 0
  126.74460599999999 168.0 0
  126.82172399999999 160.0 0
  126.88400299999999 144.0 0
  126.91540499999999 192.0 0
  126.934181 5.0375 0
  126.988945 188.0 0
  127.04255699999999 224.0 0
  127.045525 176.0 0
  127.052216 1292.0 0
  127.054672 3340.0 1
  127.076027 8856.0 2
  127.08519 2216.0 0
  127.106293 220.0 0
  127.110413 208.0 0
  127.145569 136.0 0
  127.21374499999999 168.0 0
  127.257751 160.0 0
  127.266655 124.0 0
  127.291603 108.0 0
  127.355408 116.0 0
  127.506418 160.0 0
  127.59194199999999 216.0 0
  127.69524399999999 152.0 0
  127.744301 2.250446 0
  127.818153 156.0 0
  127.843353 156.0 0
  127.873375 120.0 0
  127.87603 188.0 0
  127.92057 176.0 0
  127.929932 176.0 0
  128.023605 91.800789 0
  128.053024 332.0 0
  128.061775 172.0 0
  128.13266000000002 224.0 0
  128.188705 184.0 0
  128.296066 188.0 0
  128.318024 104.0 0
  128.359818 160.0 0
  128.410141 96.0 0
  128.425751 140.0 0
  128.506363 180.0 0
  128.525131 168.0 0
  128.703003 128.0 0
  128.841583 204.0 0
  128.913589 176.0 0
  128.927292 56.0 0
  128.938461 168.0 0
  128.952087 120.0 0
  128.968262 128.0 0
  129.0112 184.0 0
  129.025955 208.0 0
  129.03396600000002 136.0 0
  129.05652700000002 156.0 0
  129.07127400000002 278.0 0
  129.078247 140.0 0
  129.102402 396.0 0
  129.11836200000002 164.0 0
  129.151978 196.0 0
  129.237045 140.0 0
  129.28195200000002 152.0 0
  129.29422 7.338542 0
  129.40060400000002 92.0 0
  129.41622900000002 124.0 0
  129.45455900000002 168.0 0
  129.526016 152.0 0
  129.650574 80.0 0
  129.728317 168.0 0
  129.791336 176.0 0
  129.94094800000002 148.0 0
  130.00022900000002 160.0 0
  130.002869 212.0 0
  130.03125 68.0 0
  130.043854 144.0 0
  130.062714 520.0 0
  130.06517 1252.0 0
  130.072784 92.0 0
  130.121002 148.0 0
  130.15416000000002 18.343439 0
  130.216599 184.0 0
  130.23902900000002 52.0 0
  130.35363800000002 80.0 0
  130.450546 39.311329 0
  130.454025 176.0 0
  130.569229 112.0 0
  130.617828 132.0 0
  130.624725 72.0 0
  130.64643900000002 152.0 0
  130.69442700000002 180.0 0
  130.702011 144.0 0
  130.74031100000002 180.0 0
  130.767166 168.0 0
  130.787628 160.0 0
  130.813904 284.0 0
  130.96386700000002 96.0 0
  130.99578200000002 184.0 0
  131.00531 216.0 0
  131.03079200000002 452.0 0
  131.045059 6119.0 1
  131.05075100000002 232.0 0
  131.053741 388.0 0
  131.05929600000002 521.609619 0
  131.06594800000002 164.0 0
  131.074783 44.0 0
  131.08470200000002 2468.0 1
  131.287949 12.24162 0
  131.36338800000001 172.0 0
  131.390106 88.0 0
  131.406021 164.0 0
  131.477859 184.0 0
  131.503891 48.0 0
  131.54246500000002 6.047619 0
  131.668335 40.0 0
  131.67746 144.0 0
  131.743591 168.0 0
  131.78457600000002 72.0 0
  131.853195 140.0 0
  131.90098600000002 124.0 0
  131.96713300000002 2.380952 0
  132.00354000000002 184.0 0
  132.04129 90.49131 0
  132.049316 184.0 0
  132.05302400000002 200.0 0
  132.06303400000002 199.0 0
  132.06633000000002 112.092903 0
  132.091888 480.0 0
  132.100174 328.0 0
  132.10311900000002 208.0 0
  132.137573 60.0 0
  132.148636 168.0 0
  132.201614 148.0 0
  132.368042 32.0 0
  132.39617900000002 148.0 0
  132.404144 308.0 0
  132.468964 152.0 0
  132.472488 180.0 0
  132.641647 96.0 0
  132.75791900000002 4.125 0
  132.86116 28.0 0
  133.00116 104.0 0
  133.00735500000002 296.0 0
  133.01495400000002 5336.0 1
  133.02401700000001 2860.0 1
  133.030563 124.0 0
  133.053101 664.0 0
  133.057816 260.0 0
  133.06050100000002 1668.0 0
  133.06384300000002 1359.0 0
  133.080429 105736.0 23
  133.085281 52.12077 0
  133.099289 1520.0 0
  133.114304 228.0 0
  133.16012600000002 44.0 0
  133.21632400000001 132.0 0
  133.26521300000002 144.0 0
  133.269409 152.0 0
  133.27198800000002 19.625 0
  133.34161400000002 176.0 0
  133.394104 124.0 0
  133.400848 88.0 0
  133.41111800000002 152.0 0
  133.475128 104.0 0
  133.705444 148.0 0
  133.748734 192.0 0
  133.916672 172.0 0
  133.994934 152.0 0
  134.00798 208.0 0
  134.026138 328.0 0
  134.057587 196.0 0
  134.060562 2264.0 0
  134.083786 5331.0 1
  134.092789 192.0 0
  134.13208 104.0 0
  134.178528 224.0 0
  134.277557 17.10227 0
  134.31028700000002 7.638889 0
  134.513168 48.0 0
  134.52186600000002 180.0 0
  134.526016 220.0 0
  134.547501 132.0 0
  134.587723 124.0 0
  134.688095 144.0 0
  134.842484 168.0 0
  134.847946 52.0 0
  134.884659 164.0 0
  134.969772 176.0 0
  135.006775 598.0 0
  135.029449 1600.0 0
  135.03739900000002 144.0 0
  135.04028300000002 13722.0 3
  135.05723600000002 30.473909 0
  135.062622 164.0 0
  135.06964100000002 448.0 0
  135.080484 594.0 0
  135.089996 204.0 0
  135.14561500000002 7.708333 0
  135.15361000000001 144.0 0
  135.22026100000002 5.136111 0
  135.248779 184.0 0
  135.33659400000002 200.0 0
  135.342529 140.0 0
  135.50198400000002 260.0 0
  135.536987 156.0 0
  135.54873700000002 212.0 0
  135.916672 1.4117 0
  135.965393 196.0 0
  135.967453 148.0 0
  136.03782700000002 140.0 0
  136.040955 460.0 0
  136.075897 320.0 0
  136.097046 88.0 0
  136.196136 96.0 0
  136.313599 144.0 0
  136.40098600000002 136.0 0
  136.462906 172.0 0
  136.521896 32.0 0
  136.57939100000002 156.0 0
  136.742661 216.0 0
  136.76409900000002 10.92747 0
  136.82710300000002 228.0 0
  136.849594 4.684524 0
  136.88154600000001 140.0 0
  136.98133900000002 128.0 0
  137.056961 156.0 0
  137.05920400000002 136.0 0
  137.081009 116.0 0
  137.101044 100.0 0
  137.154129 196.0 0
  137.179977 4.7 0
  137.19738800000002 104.0 0
  137.201111 18.6101 0
  137.262314 216.0 0
  137.345673 208.0 0
  137.377274 184.0 0
  137.44902000000002 164.0 0
  137.46485900000002 188.0 0
  137.481308 236.0 0
  137.571457 1.90812 0
  137.706253 80.0 0
  137.76263400000002 168.0 0
  137.790817 10.23997 0
  137.86256400000002 184.0 0
  137.869766 200.0 0
  137.876053 176.0 0
  137.950531 128.0 0
  137.953674 100.0 0
  137.994934 212.0 0
  138.030121 148.0 0
  138.048416 296.0 0
  138.052872 353.0 0
  138.057037 152.0 0
  138.065842 52.0 0
  138.19854700000002 104.0 0
  138.213876 148.0 0
  138.224121 152.0 0
  138.280914 204.0 0
  138.283554 144.0 0
  138.344635 108.0 0
  138.388336 140.0 0
  138.475708 76.0 0
  138.62922700000001 160.0 0
  138.634125 232.0 0
  138.729553 224.0 0
  138.792191 176.0 0
  138.985489 144.0 0
  139.005066 148.0 0
  139.010239 96.0 0
  139.013519 208.0 0
  139.05049100000002 2146.0 0
  139.150384 160.0 0
  139.218704 192.0 0
  139.308289 36.0 0
  139.318451 192.0 0
  139.326675 128.0 0
  139.34402500000002 140.0 0
  139.351288 184.0 0
  139.38948100000002 164.0 0
  139.400177 144.0 0
  139.47374000000002 156.0 0
  139.542648 64.0 0
  139.65332 160.0 0
  139.67648300000002 200.0 0
  139.695221 64.0 0
  139.76855500000002 364.0 0
  139.78479000000002 96.0 0
  139.966034 176.0 0
  139.985657 144.0 0
  139.998016 2248.0 0
  140.01512100000002 144.0 0
  140.047897 132.0 0
  140.06341600000002 124.0 0
  140.068802 168.0 0
  140.071777 1480.0 0
  140.13308700000002 76.0 0
  140.33728000000002 188.0 0
  140.37106300000002 164.0 0
  140.400955 128.0 0
  140.44996600000002 160.0 0
  140.675034 180.0 0
  140.682053 196.0 0
  140.73126200000002 160.0 0
  140.741867 88.0 0
  140.777267 80.0 0
  140.794083 168.0 0
  140.816284 148.0 0
  140.939697 52.0 0
  140.980392 108.0 0
  140.993179 172.0 0
  141.03521700000002 188.0 0
  141.042633 140.0 0
  141.054001 516.0 0
  141.070007 172.0 0
  141.088974 176.0 0
  141.16391000000002 140.0 0
  141.172562 2.973348 0
  141.246643 176.0 0
  141.437805 172.0 0
  141.53569000000002 156.0 0
  141.54863 252.0 0
  141.569611 40.0 0
  141.637527 108.0 0
  141.64061 32.0 0
  141.673233 44.0 0
  141.74099700000002 72.0 0
  141.752823 200.0 0
  141.769485 196.0 0
  141.860901 240.0 0
  141.991806 100.0 0
  142.04718 128.0 0
  142.065811 1208.0 0
  142.07513400000002 152.0 0
  142.108032 16.90542 0
  142.116104 92.0 0
  142.290375 124.0 0
  142.311417 188.0 0
  142.39085400000002 180.0 0
  142.4702 6.105536 0
  142.489014 180.0 0
  142.496338 180.0 0
  142.500641 192.0 0
  142.57489 14.01667 0
  142.669327 212.0 0
  142.76741 188.0 0
  142.90806600000002 176.0 0
  142.958496 112.0 0
  142.969162 552.0 0
  142.99028 77.235512 0
  143.031586 156.0 0
  143.048874 360.0 0
  143.09565700000002 64.0 0
  143.10401900000002 124.0 0
  143.147659 52.0 0
  143.17712400000002 156.0 0
  143.239944 108.0 0
  143.37153600000002 116.0 0
  143.52233900000002 108.0 0
  143.551385 116.0 0
  143.61566200000001 52.0 0
  143.69686900000002 220.0 0
  143.888 200.0 0
  143.97816500000002 664.0 0
  144.049622 344.0 0
  144.05526700000001 412.0 0
  144.05839500000002 284.0 0
  144.08725 128.0 0
  144.0979 360.0 0
  144.100174 1267.588013 0
  144.10401900000002 160.0 0
  144.172287 68.0 0
  144.20593300000002 168.0 0
  144.211838 240.0 0
  144.219467 28.0 0
  144.31379700000002 180.0 0
  144.362839 23.181339 0
  144.375549 212.0 0
  144.41197200000002 120.0 0
  144.436432 108.0 0
  144.443429 184.0 0
  144.49118 10.05235 0
  144.52198800000002 128.0 0
  144.60434 44.0 0
  144.63948100000002 100.0 0
  144.877701 88.0 0
  144.894958 180.0 0
  144.95777900000002 44.0 0
  145.01533500000002 28.0 0
  145.02446 1033.0 0
  145.037094 124.0 0
  145.04611200000002 120.0 0
  145.06448400000002 868.0 0
  145.11625700000002 792.0 0
  145.215958 32.0 0
  145.233765 148.0 0
  145.33663900000002 112.0 0
  145.354614 180.0 0
  145.529755 92.0 0
  145.74765000000002 132.0 0
  145.751877 52.0 0
  145.85929900000002 128.0 0
  145.921707 1436.0 0
  145.928177 160.0 0
  145.96318100000002 204.0 0
  146.00074800000002 190.338303 0
  146.022781 748.0 0
  146.028915 108.0 0
  146.06611600000002 244.0 0
  146.07338000000001 1023.703003 0
  146.093948 220.0 0
  146.22477700000002 88.0 0
  146.33075 11.15648 0
  146.345947 152.0 0
  146.393829 224.0 0
  146.47314500000002 192.0 0
  146.49321 80.0 0
  146.50650000000002 220.0 0
  146.526337 44.0 0
  146.594955 200.0 0
  146.61926300000002 152.0 0
  146.816605 68.0 0
  146.856842 144.0 0
  146.87638900000002 3.125 0
  146.96962000000002 176.0 0
  147.02356 164.0 0
  147.057938 38.77586 0
  147.067352 3016.0 1
  147.078842 88.0 0
  147.087936 176.0 0
  147.11140400000002 152.0 0
  147.114944 367.447998 0
  147.151093 56.0 0
  147.175171 12.08654 0
  147.20318600000002 180.0 0
  147.212189 6.515168 0
  147.234726 160.0 0
  147.243378 68.0 0
  147.259827 104.0 0
  147.30702200000002 184.0 0
  147.338028 168.0 0
  147.416748 184.0 0
  147.514755 19.79431 0
  147.544495 192.0 0
  147.552246 112.0 0
  147.602814 200.0 0
  147.81452900000002 152.0 0
  147.845886 68.0 0
  147.91223100000002 116.0 0
  147.97409100000002 128.0 0
  148.033646 176.0 0
  148.041016 80.0 0
  148.04422 176.0 0
  148.046814 304.0 0
  148.049026 352.0 0
  148.051117 707.587585 0
  148.066055 255.0 0
  148.076202 132.0 0
  148.08071900000002 156.0 0
  148.088989 224.0 0
  148.10466 156.0 0
  148.11084 484.0 0
  148.123535 144.0 0
  148.13931300000002 148.0 0
  148.150055 228.0 0
  148.297028 280.0 0
  148.316132 44.0 0
  148.377151 144.0 0
  148.459122 184.0 0
  148.58569300000002 180.0 0
  148.62629700000002 124.0 0
  148.629639 156.0 0
  148.988998 116.0 0
  149.01971400000002 154825.0 34
  149.024734 488.0 0
  149.047607 795.0 0
  149.055878 959.875488 0
  149.065414 140.0 0
  149.071304 2908.0 1
  149.164398 15.60333 0
  149.200577 128.0 0
  149.22580000000002 68.0 0
  149.260986 132.0 0
  149.27366600000002 220.0 0
  149.285919 80.0 0
  149.32418800000002 8.12037 0
  149.464539 148.0 0
  149.594391 184.0 0
  149.695862 88.0 0
  149.92283600000002 7.707365 0
  150.02301 3007.0 1
  150.056091 2636.0 1
  150.082626 140.0 0
  150.09108 128.0 0
  150.123535 3.125 0
  150.181992 132.0 0
  150.214523 156.0 0
  150.500076 38.76923 0
  150.585709 328.0 0
  150.63403300000002 100.0 0
  150.64175400000002 216.0 0
  150.80891400000002 176.0 0
  150.86087 184.0 0
  150.921341 156.0 0
  151.014038 196.0 0
  151.03744500000002 320.0 0
  151.060257 160.0 0
  151.076279 152.0 0
  151.148743 152.0 0
  151.275452 164.0 0
  151.362122 160.0 0
  151.38690200000002 240.0 0
  151.49331700000002 124.0 0
  151.50122100000002 124.0 0
  151.569885 19.740129 0
  151.685562 144.0 0
  151.715515 192.0 0
  151.76808200000002 128.0 0
  151.774124 208.0 0
  151.791122 48.0 0
  151.800049 192.0 0
  151.9263 160.0 0
  151.99298100000001 164.0 0
  152.052109 35.009258 0
  152.056625 372.0 0
  152.06251500000002 1552.0 0
  152.068634 612.0 0
  152.07096900000002 36.0 0
  152.082184 172.0 0
  152.09710700000002 208.0 0
  152.099152 136.0 0
  152.104996 136.0 0
  152.207916 172.0 0
  152.248322 40.0 0
  152.30543500000002 152.0 0
  152.413116 112.0 0
  152.418274 180.0 0
  152.435806 132.0 0
  152.541061 104.0 0
  152.606964 188.0 0
  152.72283900000002 48.0 0
  152.933548 76.0 0
  152.949692 132.0 0
  152.993378 100.0 0
  152.995834 18.512819 0
  153.010681 1029.963989 0
  153.014969 93758.0 21
  153.043396 764.0 0
  153.04847700000002 244.0 0
  153.078476 212.0 0
  153.12728900000002 204.0 0
  153.163727 188.0 0
  153.248016 56.0 0
  153.27217100000001 136.0 0
  153.313354 15.24961 0
  153.44395400000002 23.748671 0
  153.523346 164.0 0
  153.52803 120.0 0
  153.580917 124.0 0
  153.739868 180.0 0
  153.770996 72.0 0
  153.877213 68.0 0
  153.956903 60.0 0
  154.009781 144.0 0
  154.015533 140.0 0
  154.02217100000001 53.58371 0
  154.026642 152.0 0
  154.03401200000002 116.0 0
  154.048752 220.0 0
  154.064438 2512.0 1
  154.076401 140.0 0
  154.083908 1538.545044 0
  154.105774 96.0 0
  154.158508 572.0 0
  154.20192 176.0 0
  154.27710000000002 64.0 0
  154.440582 64.0 0
  154.452042 148.0 0
  154.49144 144.0 0
  154.77542100000002 172.0 0
  154.818985 160.0 0
  154.91012600000002 148.0 0
  155.016006 156.0 0
  155.049698 344.920288 0
  155.081284 328.0 0
  155.08685300000002 260.0 0
  155.11831700000002 1884.0 0
  155.122162 53.719299 0
  155.21623200000002 108.0 0
  155.310822 132.0 0
  155.456284 156.0 0
  155.514465 100.0 0
  155.541687 144.0 0
  155.54422 44.0 0
  155.66043100000002 80.0 0
  155.748276 124.0 0
  155.900375 36.0 0
  155.93460100000001 172.0 0
  155.983887 68.0 0
  156.03460700000002 56.0 0
  156.038544 484.0 0
  156.06189 176.0 0
  156.081329 548.0 0
  156.150223 48.0 0
  156.185181 176.0 0
  156.25756800000002 64.0 0
  156.405945 296.0 0
  156.511887 172.0 0
  156.545609 15.68627 0
  156.572235 96.0 0
  156.742355 112.0 0
  156.93545500000002 204.0 0
  156.974197 144.0 0
  156.978775 176.0 0
  157.000107 252.0 0
  157.049774 196.0 0
  157.06097400000002 1002.0 0
  157.064606 279.0 0
  157.07666 216.0 0
  157.091476 72.0 0
  157.106049 368.0 0
  157.109314 156.0 0
  157.112 9416.0 2
  157.11642500000002 304.0 0
  157.198608 72.0 0
  157.52562 144.0 0
  157.848602 172.0 0
  157.911484 128.0 0
  158.02873200000002 1096.0 0
  158.04563900000002 62676.0 14
  158.059448 210.0 0
  158.10041800000002 168.0 0
  158.118439 60.0 0
  158.16879300000002 156.0 0
  158.21881100000002 52.0 0
  158.233597 52.0 0
  158.255807 176.0 0
  158.259857 100.0 0
  158.273224 8.176137 0
  158.32298300000002 180.0 0
  158.34530600000002 80.0 0
  158.356277 136.0 0
  158.414368 112.0 0
  158.476135 24.410709 0
  158.478867 188.0 0
  158.496216 152.0 0
  158.60638400000002 40.0 0
  158.61213700000002 100.0 0
  158.651093 8.519681 0
  158.69996600000002 48.0 0
  158.77314800000002 188.0 0
  158.870148 176.0 0
  159.043808 80.0 0
  159.054642 168.0 0
  159.060532 156.0 0
  159.092331 200.0 0
  159.100906 72.0 0
  159.20001200000002 16.27224 0
  159.210541 32.0 0
  159.308884 10.05592 0
  159.34217800000002 164.0 0
  159.521927 52.0 0
  159.54631 176.0 0
  159.636917 168.0 0
  159.683731 124.0 0
  159.75129700000002 116.0 0
  159.869675 172.0 0
  159.88574200000002 40.0 0
  159.965576 120.0 0
  160.018036 108.0 0
  160.022995 184.0 0
  160.044724 180.0 0
  160.21357700000002 44.0 0
  160.42124900000002 88.0 0
  160.539093 244.0 0
  160.56071500000002 248.0 0
  160.666809 40.215023 0
  160.77894600000002 128.0 0
  160.828415 112.0 0
  160.856537 168.0 0
  161.038284 144.0 0
  161.04961500000002 196.0 0
  161.054779 1036.0 0
  161.05732700000002 228.0 0
  161.095627 1637.0 0
  161.142166 36.0 0
  161.153625 176.0 0
  161.198044 184.0 0
  161.202423 192.0 0
  161.22876000000002 164.0 0
  161.341797 124.0 0
  161.36908 96.0 0
  161.462418 188.0 0
  161.51478600000002 64.0 0
  161.51828 124.0 0
  161.53332500000002 192.0 0
  161.55406200000002 128.0 0
  161.59947200000002 208.0 0
  161.619232 152.0 0
  161.727081 188.0 0
  161.81092800000002 164.0 0
  161.86488300000002 184.0 0
  161.87866200000002 180.0 0
  161.94142200000002 156.0 0
  161.94369500000002 148.0 0
  162.037857 96.0 0
  162.052307 160.0 0
  162.06431600000002 644.0 0
  162.089981 928.0 0
  162.09599300000002 336.0 0
  162.14901700000001 188.0 0
  162.358307 264.0 0
  162.439041 172.0 0
  162.465607 72.0 0
  162.52233900000002 64.0 0
  162.536346 44.0 0
  162.55165100000002 148.0 0
  162.921646 408.0 0
  162.990646 404.0 0
  163.034988 22834.0 5
  163.038071 14536.0 3
  163.042694 144.0 0
  163.060059 208.0 0
  163.07164 144.0 0
  163.074814 2488.0 1
  163.110107 1088.0 0
  163.23233000000002 2.333333 0
  163.34436 100.0 0
  163.716476 208.0 0
  163.874481 176.0 0
  163.93132 160.0 0
  163.953064 4.340278 0
  163.98559600000002 184.0 0
  164.010757 160.0 0
  164.022354 680.0 0
  164.047379 1080.0 0
  164.055038 156.0 0
  164.06852700000002 96.0 0
  164.088623 36.0 0
  164.10582000000002 216.0 0
  164.15269500000002 200.0 0
  164.185562 52.0 0
  164.220245 192.0 0
  164.36831700000002 176.0 0
  164.424988 2.666667 0
  164.511978 84.0 0
  164.594849 68.0 0
  164.63493300000002 56.0 0
  164.71353100000002 148.0 0
  164.798813 144.0 0
  164.946808 160.0 0
  164.965271 232.0 0
  165.012085 540.0 0
  165.01628100000002 276.0 0
  165.02418500000002 140.0 0
  165.031235 192.0 0
  165.036301 196.0 0
  165.064377 486.433014 0
  165.111694 160.0 0
  165.12724300000002 328.0 0
  165.141769 132.0 0
  165.26499900000002 60.0 0
  165.39888000000002 128.0 0
  165.408829 168.0 0
  165.520462 140.0 0
  165.527496 188.0 0
  165.540131 204.0 0
  165.650116 152.0 0
  165.657104 152.0 0
  165.662857 124.0 0
  165.70340000000002 56.0 0
  165.71286 28.0 0
  165.8638 96.0 0
  165.873917 104.0 0
  165.880203 14.84043 0
  165.976654 176.0 0
  166.03154 146.388306 0
  166.04129 686.085815 0
  166.04473900000002 808.0 0
  166.062408 152.0 0
  166.071243 152.0 0
  166.091507 547.0 0
  166.266693 104.0 0
  166.44928000000002 184.0 0
  166.46492 40.0 0
  166.470474 180.0 0
  166.508316 136.0 0
  166.534027 216.0 0
  166.54405200000002 116.0 0
  166.65283200000002 160.0 0
  166.69970700000002 180.0 0
  166.794464 116.0 0
  166.952774 148.0 0
  166.96434000000002 124.0 0
  166.99800100000002 2165806.0 476
  167.000336 72.0 0
  167.01533500000002 136.0 0
  167.082916 3622.0 1
  167.099625 500.0 0
  167.13162200000002 72.0 0
  167.156036 140.0 0
  167.23339800000002 172.0 0
  167.43678300000002 15.00735 0
  167.446121 100.0 0
  167.470978 72.0 0
  167.49078400000002 10.32143 0
  167.83448800000002 176.0 0
  167.845474 112.0 0
  168.065811 184.0 0
  168.068918 2223.0 0
  168.079865 204.0 0
  168.082458 128.0 0
  168.087601 160.0 0
  168.237625 180.0 0
  168.288956 228.0 0
  168.385773 68.0 0
  168.393265 10.2963 0
  168.441986 60.0 0
  168.44873 156.0 0
  168.46109 164.0 0
  168.49684100000002 260.0 0
  168.662994 120.0 0
  168.81701700000002 48.0 0
  168.821518 152.0 0
  168.871567 60.0 0
  168.95614600000002 11.4875 0
  169.01950100000002 204.0 0
  169.18277 132.0 0
  169.19047500000002 28.0 0
  169.329071 100.0 0
  169.44747900000002 140.0 0
  169.4897 132.0 0
  169.509613 112.0 0
  169.6996 144.0 0
  169.716507 188.0 0
  169.763977 60.0 0
  169.838266 200.0 0
  169.873138 108.0 0
  169.89502000000002 140.0 0
  169.916428 108.0 0
  169.942932 168.0 0
  169.94693 152.0 0
  170.003311 160.0 0
  170.02272000000002 38640.0 8
  170.032227 176.0 0
  170.043228 224.0 0
  170.06646700000002 752.0 0
  170.08783 900.0 0
  170.096313 8727.563477 2
  170.11140400000002 116.0 0
  170.117905 216.0 0
  170.140869 204.0 0
  170.14769 148.0 0
  170.61084 60.0 0
  170.720459 180.0 0
  170.731232 124.0 0
  170.783768 204.0 0
  170.92952 112.0 0
  171.013214 284.0 0
  171.04272500000002 924.0 0
  171.05455 707.160522 0
  171.06366 10268.0 2
  171.06706200000002 28.143009 0
  171.07074 532.0 0
  171.074646 5337.0 1
  171.079849 352.873901 0
  171.085831 212.0 0
  171.089447 232.0 0
  171.134964 224.0 0
  171.18261700000002 172.0 0
  171.417404 140.0 0
  171.524368 104.0 0
  171.548798 128.0 0
  171.57762100000002 40.0 0
  171.673157 56.0 0
  171.85470600000002 26.813408 0
  171.999832 220.0 0
  172.042664 604.0 0
  172.051331 432.0 0
  172.072525 237.0 0
  172.082794 176.0 0
  172.089752 292.0 0
  172.111084 11928.0 3
  172.114487 192.0 0
  172.11821 200.0 0
  172.127747 188.0 0
  172.223709 17.03767 0
  172.25318900000002 60.0 0
  172.2845 140.0 0
  172.39151 204.0 0
  172.410629 68.0 0
  172.45584100000002 52.0 0
  172.500717 184.0 0
  172.75091600000002 180.0 0
  172.86668400000002 188.0 0
  172.97283900000002 27.28409 0
  172.98175 132.0 0
  173.001236 148.0 0
  173.05796800000002 4100.0 1
  173.06282000000002 168.0 0
  173.080276 104.0 0
  173.086984 249.0 0
  173.104935 168.0 0
  173.13081400000002 228.0 0
  173.168167 0.569444 0
  173.29306 112.0 0
  173.378555 140.0 0
  173.43158 208.0 0
  173.436813 176.0 0
  173.47657800000002 68.0 0
  173.502258 76.0 0
  173.588638 116.0 0
  173.596237 5.295202 0
  173.841034 136.0 0
  173.913452 160.0 0
  174.016083 164.0 0
  174.061768 292.0 0
  174.072418 148.0 0
  174.078903 4316.0 1
  174.35008200000001 76.0 0
  174.35586500000002 260.0 0
  174.405823 112.0 0
  174.424576 92.0 0
  174.514832 128.0 0
  174.560867 13.44444 0
  174.67773400000002 128.0 0
  174.972 188.0 0
  175.026566 160.0 0
  175.033524 160.0 0
  175.046982 588.0 0
  175.06886300000002 504.0 0
  175.074265 156.0 0
  175.130173 254.0 0
  175.150452 196.0 0
  175.171951 56.0 0
  175.224152 124.0 0
  175.417313 164.0 0
  175.43081700000002 208.0 0
  175.827255 212.0 0
  175.973129 148.0 0
  176.022888 144.0 0
  176.033005 100.0 0
  176.04011500000001 256.0 0
  176.063522 192.0 0
  176.067657 236.0 0
  176.09239200000002 192.0 0
  176.10981800000002 116.0 0
  176.126633 220.0 0
  176.278336 92.0 0
  176.31024200000002 44.0 0
  176.312485 112.0 0
  176.31938200000002 56.0 0
  176.34582500000002 14.59677 0
  176.478409 132.0 0
  176.51507600000002 136.0 0
  176.53997800000002 64.0 0
  176.562744 120.0 0
  176.64357 180.0 0
  176.758453 196.0 0
  176.890823 72.0 0
  177.040741 140.0 0
  177.050262 393.0 0
  177.091827 380.0 0
  177.293427 132.0 0
  177.303528 92.0 0
  177.367905 28.0 0
  177.419113 96.0 0
  177.64776600000002 148.0 0
  177.670578 116.0 0
  177.822372 184.0 0
  177.850052 156.0 0
  178.0439 5.45427 0
  178.058167 124.0 0
  178.073563 1825.0 0
  178.08067300000002 172.0 0
  178.119278 200.0 0
  178.372147 172.0 0
  178.418091 15.88718 0
  178.455048 232.0 0
  178.578598 152.0 0
  178.60321000000002 136.0 0
  178.644989 80.0 0
  178.996811 120.0 0
  179.00264 180.0 0
  179.08474700000002 1118.531006 0
  179.17811600000002 144.0 0
  179.18306 64.0 0
  179.36943100000002 168.0 0
  179.51341200000002 220.0 0
  179.537643 160.0 0
  179.604721 176.0 0
  179.681442 88.0 0
  179.698364 160.0 0
  179.701538 124.0 0
  179.705139 4.185096 0
  179.84436 164.0 0
  179.8797 92.0 0
  180.08071900000002 184.0 0
  180.11196900000002 100.0 0
  180.15033 228.0 0
  180.161362 116.0 0
  180.20256 14.69823 0
  180.39184600000002 23.14286 0
  180.41622900000002 232.0 0
  180.546997 96.0 0
  180.67567400000001 132.0 0
  180.729141 148.0 0
  180.808701 140.0 0
  180.940979 140.0 0
  180.964157 192.0 0
  181.007339 132.0 0
  181.030304 876.0 0
  181.03358500000002 192.0 0
  181.04306 332.0 0
  181.06582600000002 416.0 0
  181.07569900000001 80.0 0
  181.08647200000001 1084.0 0
  181.116074 3.857143 0
  181.15437300000002 48.0 0
  181.19949300000002 148.0 0
  181.268097 164.0 0
  181.378586 128.0 0
  181.44458 6.746795 0
  181.467926 128.0 0
  181.590729 372.0 0
  181.60655200000002 68.0 0
  181.608719 52.0 0
  181.671082 144.0 0
  181.925781 19.029591 0
  182.025192 6899.053223 2
  182.03680400000002 172.0 0
  182.109039 116.0 0
  182.1465 7.553728 0
  182.16433700000002 136.0 0
  182.20451400000002 36.0 0
  182.298035 156.0 0
  182.32865900000002 60.0 0
  182.472443 152.0 0
  182.588379 176.0 0
  182.68013000000002 72.0 0
  182.764069 116.0 0
  182.86711100000002 184.0 0
  182.90240500000002 15.40054 0
  182.940659 148.0 0
  182.965744 164.0 0
  183.022095 96.0 0
  183.059616 42.00362 0
  183.084595 172.0 0
  183.09298700000002 124.0 0
  183.102 1.0 0
  183.111343 128.0 0
  183.182159 76.0 0
  183.355072 76.0 0
  183.450256 160.0 0
  183.587769 220.0 0
  183.615372 32.0 0
  183.638657 204.0 0
  183.71151700000001 88.0 0
  183.779907 212.0 0
  183.912811 252.0 0
  184.00979600000002 652.0 0
  184.01881400000002 26.625 0
  184.02835100000001 236.0 0
  184.04409800000002 124.0 0
  184.05015600000002 424.0 0
  184.083313 176.0 0
  184.10475200000002 164.0 0
  184.10879500000001 768.0 0
  184.397308 108.0 0
  184.562225 200.0 0
  184.68673700000002 60.0 0
  184.89419600000002 148.0 0
  185.007477 216.0 0
  185.05122400000002 184.0 0
  185.055511 209.0 0
  185.057556 730.0 0
  185.096497 288.0 0
  185.101471 144.0 0
  185.106064 128.0 0
  185.121857 132.0 0
  185.216263 124.0 0
  185.227554 176.0 0
  185.25245700000002 152.0 0
  185.340393 56.0 0
  185.40538 136.0 0
  185.507278 180.0 0
  185.56282000000002 280.0 0
  185.578003 68.0 0
  185.59397900000002 44.0 0
  185.668259 204.0 0
  185.68962100000002 228.0 0
  185.847397 148.0 0
  186.00444000000002 232.0 0
  186.010513 200.0 0
  186.025925 184.0 0
  186.064758 951.0 0
  186.07148700000002 180.0 0
  186.075806 88.963379 0
  186.121872 168.0 0
  186.14106800000002 180.0 0
  186.164474 76.0 0
  186.29118300000002 108.0 0
  186.373016 152.0 0
  186.39212 100.0 0
  186.41909800000002 224.0 0
  186.478622 104.0 0
  186.509277 184.0 0
  186.593048 204.0 0
  186.861786 180.0 0
  186.86587500000002 208.0 0
  186.921555 160.0 0
  186.948471 176.0 0
  186.974243 444.0 0
  187.035516 101191.0 22
  187.038239 156.0 0
  187.084305 83.694077 0
  187.111588 196.0 0
  187.255951 112.0 0
  187.340652 132.0 0
  187.369614 160.0 0
  187.46670500000002 80.0 0
  187.49833700000002 100.0 0
  187.53302000000002 76.0 0
  187.59497100000002 44.0 0
  187.73378 140.0 0
  187.765762 36.0 0
  187.841263 148.0 0
  187.894623 160.0 0
  187.908356 156.0 0
  188.029999 320944.0 71
  188.06109600000002 84.0 0
  188.386292 48.0 0
  188.52156100000002 168.0 0
  188.71249400000002 168.0 0
  188.859418 156.0 0
  188.95416300000002 272.0 0
  188.966629 252.0 0
  188.968842 156.0 0
  189.042313 8774.0 2
  189.05131500000002 98300.0 22
  189.05564900000002 5168.0 1
  189.088501 196.0 0
  189.16369600000002 184.0 0
  189.316406 164.0 0
  189.32811 116.0 0
  189.473679 108.0 0
  189.51315300000002 32.0 0
  189.72077900000002 16.9956 0
  189.789047 136.0 0
  189.924316 104.0 0
  189.944565 232.0 0
  189.954102 72.0 0
  189.97035200000002 2.375 0
  189.999481 152.0 0
  190.028061 689.0 0
  190.031982 202.0 0
  190.04462600000002 156.0 0
  190.078552 1772.0 0
  190.08607500000002 248.0 0
  190.118591 120.0 0
  190.120834 561.831726 0
  190.131683 168.0 0
  190.385498 84.0 0
  190.48443600000002 164.0 0
  190.56810000000002 112.0 0
  190.645264 96.0 0
  190.69584700000001 112.0 0
  190.850357 180.0 0
  190.88673400000002 148.0 0
  190.917664 120.0 0
  191.019623 497.0 0
  191.024597 160.0 0
  191.02967900000002 132.0 0
  191.148874 384.0 0
  191.184021 40.0 0
  191.284561 60.0 0
  191.351349 3.691468 0
  191.461624 80.0 0
  191.46597300000002 128.0 0
  191.75886500000001 76.0 0
  191.93013000000002 136.0 0
  191.940186 72.0 0
  191.966934 64.0 0
  191.987885 164.0 0
  192.010864 60.0 0
  192.037506 4817.0 1
  192.05748 156.0 0
  192.07920800000002 472.0 0
  192.09577900000002 176.0 0
  192.133377 100.0 0
  192.26355 27.186371 0
  192.373657 52.0 0
  192.408356 148.0 0
  192.438019 280.0 0
  192.48339800000002 212.0 0
  192.51066600000001 172.0 0
  192.52752700000002 140.0 0
  192.589508 108.0 0
  192.605408 116.0 0
  192.664993 232.0 0
  192.856934 17.8985 0
  192.881989 28.0 0
  192.93609600000002 184.0 0
  192.971451 376.0 0
  192.979935 216.0 0
  193.003998 4547328.0 999
  193.028717 108.0 0
  193.091888 148.0 0
  193.102081 540.0 0
  193.132629 16168.0 4
  193.44902000000002 124.0 0
  193.517899 176.0 0
  193.585205 132.0 0
  193.601456 156.0 0
  193.766403 196.0 0
  193.78289800000002 124.0 0
  193.89128100000002 224.0 0
  193.912888 34.226849 0
  194.00593600000002 148.0 0
  194.016037 240.0 0
  194.020523 1136.0 0
  194.057114 244.0 0
  194.068802 17.286221 0
  194.07144200000002 1776.770996 0
  194.081116 172.0 0
  194.109955 116.0 0
  194.23744200000002 152.0 0
  194.40892 148.0 0
  194.478928 140.0 0
  194.605072 120.0 0
  194.622147 164.0 0
  194.642548 204.0 0
  194.714294 104.0 0
  194.770599 196.0 0
  194.954102 168.0 0
  194.974747 192.0 0
  195.00112900000002 176.0 0
  195.050171 128.0 0
  195.065338 188.0 0
  195.068146 228.0 0
  195.078979 156.0 0
  195.09303300000002 132.0 0
  195.099054 412.0 0
  195.101807 160.0 0
  195.140671 372.0 0
  195.237411 108.0 0
  195.288101 168.0 0
  195.33192400000001 76.0 0
  195.566177 176.0 0
  195.643585 76.0 0
  195.863953 100.0 0
  195.938217 224.0 0
  196.033676 1592.0 0
  196.057419 272.0 0
  196.084335 808.0 0
  196.095627 100.0 0
  196.15763900000002 180.0 0
  196.257492 84.0 0
  196.26031500000002 144.0 0
  196.320343 244.0 0
  196.33783 3.6675 0
  196.493256 128.0 0
  196.63519300000002 192.0 0
  196.858002 176.0 0
  196.924835 152.0 0
  196.991867 240.0 0
  197.040359 2811.0 1
  197.057693 8036.0 2
  197.061218 156.0 0
  197.07089200000001 521.382629 0
  197.080429 136.0 0
  197.152863 160.0 0
  197.208176 184.0 0
  197.273849 192.0 0
  197.339951 76.0 0
  197.42266800000002 48.0 0
  197.480331 140.0 0
  197.55534400000002 4.681667 0
  197.602554 196.0 0
  197.636932 152.0 0
  197.642548 112.0 0
  197.800385 124.0 0
  197.804474 44.0 0
  197.860794 148.0 0
  197.89901700000001 156.0 0
  198.06268300000002 400.0 0
  198.08062700000002 3710.0 1
  198.135971 208.0 0
  198.706863 132.0 0
  198.712006 104.0 0
  198.98999 152.0 0
  199.04220600000002 10744.0 2
  199.076187 284.0 0
  199.111343 140.0 0
  199.157013 136.0 0
  199.33256500000002 164.0 0
  199.654083 156.0 0
  199.681473 60.0 0
  199.75145 208.0 0
  200.06684900000002 164.0 0
  200.104721 248.0 0
  200.114899 3.003788 0
  200.15188600000002 180.0 0
  200.289536 116.0 0
  200.54246500000002 64.0 0
  200.930679 184.0 0
  200.999084 136.0 0
  201.124954 552.0 0
  201.17802400000002 148.0 0
  201.54959100000002 216.0 0
  201.59269700000002 168.0 0
  201.63278200000002 216.0 0
  201.73770100000002 26.955641 0
  201.762024 10.64651 0
  201.841629 168.0 0
  201.853912 144.0 0
  201.968307 184.0 0
  201.97406 144.0 0
  201.99374400000002 104.0 0
  202.042694 164.0 0
  202.053864 160.0 0
  202.084213 188.0 0
  202.12681600000002 5900.729004 1
  202.152252 76.0 0
  202.405899 276.0 0
  202.40995800000002 128.0 0
  202.44902000000002 76.0 0
  202.46270800000002 80.0 0
  202.671814 52.0 0
  202.736306 681.0 0
  202.845276 164.0 0
  202.963425 232.0 0
  203.00408900000002 108.0 0
  203.08311500000002 164.0 0
  203.099808 324.0 0
  203.10394300000002 56.0 0
  203.13179 128.0 0
  203.14163200000002 868.0 0
  203.178223 160.0 0
  203.202271 56.0 0
  203.250076 44.0 0
  203.309525 96.0 0
  203.362244 120.0 0
  203.36943100000002 136.0 0
  203.444656 92.0 0
  203.598816 224.0 0
  203.60874900000002 132.0 0
  203.622345 60.0 0
  203.68074000000001 148.0 0
  203.76254300000002 124.0 0
  203.853195 48.0 0
  203.94918800000002 11.54348 0
  204.03299800000002 659.0 0
  204.03627 48.0 0
  204.11084 32.6278 0
  204.183624 88.0 0
  204.245178 68.0 0
  204.36145000000002 104.0 0
  204.462677 304.0 0
  204.687408 136.0 0
  204.739227 216.0 0
  204.85470600000002 80.0 0
  205.05 1.0 0
  205.072937 205966.0 45
  205.086487 196.0 0
  205.09454300000002 100.0 0
  205.13085900000002 136.0 0
  205.133408 552.0 0
  205.206726 124.0 0
  205.247299 92.0 0
  205.274155 176.0 0
  205.40007 52.0 0
  205.46516400000002 92.0 0
  205.619919 76.0 0
  205.76005600000002 108.0 0
  206.00602700000002 144.0 0
  206.025879 9101.396484 2
  206.03010600000002 160.0 0
  206.04109200000002 1016.0 0
  206.087738 152.0 0
  206.27037 148.0 0
  206.412857 144.0 0
  206.550598 116.0 0
  206.766937 180.0 0
  206.89939900000002 64.0 0
  206.936539 200.0 0
  206.96000700000002 108.0 0
  206.99258400000002 152.0 0
  207.07728600000002 16054.0 4
  207.087784 152.0 0
  207.10269200000002 152.0 0
  207.113236 1274597.0 280
  207.116669 276.0 0
  207.499939 96.0 0
  207.778412 28.0 0
  207.965057 184.0 0
  208.000549 164.0 0
  208.025116 164.0 0
  208.049835 359.0 0
  208.064423 304.0 0
  208.083176 1262.0 0
  208.088028 628.0 0
  208.09127800000002 196.0 0
  208.111847 156.0 0
  208.141357 148.0 0
  208.27401700000001 64.0 0
  208.287994 140.0 0
  208.39227300000002 164.0 0
  208.49250800000002 20.0 0
  208.55891400000002 240.0 0
  208.829849 104.0 0
  208.84407000000002 180.0 0
  208.966583 11.48761 0
  209.010773 192.0 0
  209.055237 104.0 0
  209.075409 10.24612 0
  209.07882700000002 196.0 0
  209.097122 528.0 0
  209.126419 3.010417 0
  209.130569 428.0 0
  209.162781 32.0 0
  209.22155800000002 156.0 0
  209.331421 37.317181 0
  209.395599 33.29266 0
  209.92494200000002 112.0 0
  209.995599 2778.0 1
  210.014206 360.0 0
  210.034775 180.0 0
  210.046875 680.0 0
  210.07118200000002 1208.0 0
  210.088852 972.0 0
  210.092377 1192.0 0
  210.097122 312.0 0
  210.308792 64.0 0
  210.41973900000002 36.0 0
  210.429291 128.0 0
  210.56753500000002 120.0 0
  210.592804 180.0 0
  210.74215700000002 68.0 0
  210.797241 220.0 0
  210.872452 136.0 0
  210.917831 176.0 0
  210.947067 152.0 0
  211.027475 240.0 0
  211.07135 172.0 0
  211.08105500000002 160.0 0
  211.087906 48.0 0
  211.13012700000002 172.0 0
  211.319611 68.0 0
  211.509689 64.0 0
  211.61821 60.0 0
  211.896637 72.0 0
  211.99292 204.0 0
  212.057037 231.0 0
  212.0672 204.0 0
  212.07809400000002 16229.0 4
  212.080475 928.0 0
  212.128815 616.0 0
  212.13793900000002 736.682129 0
  212.156662 152.0 0
  212.169946 166.0 0
  212.226166 76.0 0
  212.251251 116.0 0
  212.543488 132.0 0
  212.627991 52.0 0
  212.743088 180.0 0
  213.128204 1744.0 0
  213.160278 192.0 0
  213.312805 196.0 0
  213.685562 80.0 0
  213.79113800000002 164.0 0
  213.857986 100.0 0
  214.064087 128.0 0
  214.246506 104.0 0
  214.30484900000002 196.0 0
  214.709763 120.0 0
  214.76594500000002 116.0 0
  214.784637 140.0 0
  214.999512 152.0 0
  215.065979 1119.0 0
  215.08621200000002 4488.0 1
  215.09478800000002 232.0 0
  215.103317 76.0 0
  215.17266800000002 116.0 0
  215.18583700000002 14.9401 0
  215.24504100000001 180.0 0
  215.40004000000002 112.0 0
  215.52688600000002 176.0 0
  215.704025 104.0 0
  215.754105 43.003441 0
  215.88604700000002 64.0 0
  216.008026 132.0 0
  216.06478900000002 608.0 0
  216.089966 20.63117 0
  216.460983 184.0 0
  216.68364 228.0 0
  216.817459 112.0 0
  217.06663500000002 140.0 0
  217.070435 80.0 0
  217.110138 304.0 0
  217.128693 39.73373 0
  217.23813800000002 160.0 0
  217.279968 60.0 0
  217.447418 92.0 0
  217.46687300000002 76.0 0
  217.589111 140.0 0
  217.760803 180.0 0
  217.776093 176.0 0
  218.051804 13395.0 3
  218.08526600000002 488.0 0
  218.19111600000002 64.0 0
  218.495667 164.0 0
  218.528015 92.0 0
  218.541901 140.0 0
  218.60008200000001 140.0 0
  219.020996 1039095.0 228
  219.134613 2369.906982 1
  219.202393 60.0 0
  219.39987200000002 136.0 0
  219.40425100000002 92.0 0
  219.456024 156.0 0
  219.542587 76.0 0
  219.600174 40.0 0
  219.70404100000002 124.0 0
  219.723083 52.0 0
  219.94545000000002 71.500847 0
  220.038757 104.0 0
  220.053582 276.0 0
  220.125671 140.0 0
  220.22447200000002 44.0 0
  220.41210900000002 140.0 0
  220.533508 28.0 0
  220.541977 76.0 0
  220.88900800000002 12470.0 3
  220.95562700000002 55.00116 0
  220.96022000000002 144.0 0
  221.027847 18.674999 0
  221.07302900000002 640.0 0
  221.25624100000002 116.0 0
  221.29293800000002 4.673077 0
  221.52207900000002 100.0 0
  221.64621 264.0 0
  221.69177200000001 148.0 0
  221.76689100000002 224.0 0
  222.025482 48.0 0
  222.127014 184.0 0
  222.20970200000002 148.0 0
  222.283737 44.0 0
  222.41497800000002 20.023809 0
  222.513428 7.636143 0
  222.63836700000002 156.0 0
  222.97700500000002 132.0 0
  223.005005 78130.0 17
  223.063644 164.0 0
  223.08900500000001 474348.0 104
  223.241745 152.0 0
  223.57492100000002 116.0 0
  223.908768 208.0 0
  223.935852 100.0 0
  224.00735500000002 152.0 0
  224.009644 160.0 0
  224.070663 1728.0 0
  224.08313 13.10294 0
  224.091858 160.0 0
  224.095322 116.0 0
  224.13694800000002 80.0 0
  224.154831 164.0 0
  224.158813 144.0 0
  224.332657 20.808611 0
  224.655121 84.0 0
  224.885086 160.0 0
  224.91781600000002 132.0 0
  225.080872 328.0 0
  225.124191 176.0 0
  225.142715 206.0 0
  225.158554 1074.036987 0
  225.199341 184.0 0
  225.212723 172.0 0
  225.32913200000002 216.0 0
  225.548584 172.0 0
  225.59462000000002 188.0 0
  225.717361 224.0 0
  225.81488000000002 168.0 0
  225.83905000000001 240.0 0
  225.856842 144.0 0
  226.00705000000002 268.0 0
  226.043182 248.0 0
  226.062241 1468.0 0
  226.159195 360.0 0
  226.427063 52.0 0
  226.730087 164.0 0
  226.96017500000002 228.0 0
  227.019326 2168.0 0
  227.027115 148.0 0
  227.04959100000002 148.0 0
  227.058075 6552.0 1
  227.101501 232.0 0
  227.14317300000002 138.681702 0
  227.149078 140.0 0
  227.168945 316.0 0
  227.455429 176.0 0
  227.48773200000002 60.0 0
  227.696091 132.0 0
  228.049515 160.0 0
  228.054977 140.0 0
  228.096649 160.0 0
  228.140564 336.0 0
  228.455536 44.0 0
  228.501755 140.0 0
  228.68313600000002 9.204301 0
  229.01937900000001 188.0 0
  229.043442 1756.129028 0
  229.07295200000002 200.0 0
  229.10531600000002 232.0 0
  229.136581 204.0 0
  229.147217 40.0 0
  229.830353 100.0 0
  230.007 1.0 0
  230.06308 576.0 0
  230.276749 236.0 0
  230.617447 112.0 0
  230.93145800000002 32.0 0
  231.021378 109.0 0
  231.060089 13.46875 0
  231.086456 192.0 0
  231.093353 164.0 0
  231.16999800000002 156.0 0
  231.20129400000002 48.0 0
  231.346619 144.0 0
  231.688171 116.0 0
  231.717209 120.0 0
  231.88938900000002 80.0 0
  232.012878 496.0 0
  232.06324800000002 52890.0 12
  232.07328800000002 176.0 0
  232.149277 2208.0 0
  232.359329 188.0 0
  232.560867 64.0 0
  232.880203 112.0 0
  233.0 25.687975 0
  233.07269300000002 764.0 0
  233.273743 104.0 0
  233.331497 124.0 0
  233.928268 144.0 0
  233.97670000000002 168.0 0
  233.994705 77.172234 0
  234.08393900000002 128.0 0
  234.090424 156.0 0
  234.10217300000002 1924.0 0
  234.12724300000002 128.0 0
  234.22648600000002 100.0 0
  234.232086 144.0 0
  234.438019 176.0 0
  234.501801 112.0 0
  234.77061500000002 72.0 0
  234.782883 192.0 0
  234.81073 44.0 0
  234.83969100000002 120.0 0
  234.877701 19.66118 0
  234.898102 96.0 0
  234.93240400000002 172.0 0
  234.99610900000002 104.0 0
  235.080994 26907.0 6
  235.08389300000002 132.0 0
  235.157303 152.0 0
  235.452347 128.0 0
  235.516434 156.0 0
  235.563187 44.0 0
  235.671875 128.0 0
  235.790207 164.0 0
  235.82814000000002 112.0 0
  236.02963300000002 148.0 0
  236.036453 184.0 0
  236.064133 16729.0 4
  236.09877 168.0 0
  236.11293 204.0 0
  236.18865300000002 140.0 0
  236.35543800000002 196.0 0
  236.41677900000002 7.339506 0
  236.579544 188.0 0
  236.73174400000002 208.0 0
  236.90965300000002 160.0 0
  237.051559 148.0 0
  237.080856 37.904919 0
  237.108307 240.0 0
  237.127426 36.76593 0
  237.30538900000002 4.500563 0
  237.398743 96.0 0
  237.694717 184.0 0
  237.757645 140.0 0
  237.776443 184.0 0
  237.880569 112.0 0
  237.960815 68.0 0
  238.028772 156.0 0
  238.037292 144.0 0
  238.06015000000002 156.0 0
  238.097015 208.0 0
  238.108948 140.0 0
  238.585968 96.0 0
  238.987762 156.0 0
  239.087433 22.341311 0
  239.096786 208.0 0
  239.14291400000002 1872.0 0
  239.3564 208.0 0
  239.392563 52.0 0
  239.57629400000002 34.90741 0
  239.77121 76.0 0
  239.962311 156.0 0
  240.17364500000002 472.0 0
  240.234192 172.0 0
  240.242761 140.0 0
  240.360443 120.0 0
  240.88836700000002 120.0 0
  240.916428 104.0 0
  240.96760600000002 60.0 0
  241.09582500000002 260.0 0
  241.252014 52.027592 0
  241.51315300000002 160.0 0
  241.523392 92.0 0
  241.657913 148.0 0
  242.083069 184.0 0
  242.16166700000002 192.0 0
  242.24800100000002 2868.0 1
  242.409027 48.0 0
  242.48065200000002 108.0 0
  242.556824 184.0 0
  242.564301 160.0 0
  242.57399 156.0 0
  242.722778 120.0 0
  242.952728 100.0 0
  242.9839 1941.0 0
  243.039536 168.0 0
  243.057114 248.0 0
  243.07110600000001 208.0 0
  243.08441200000001 52.0 0
  243.10453800000002 3432.0 1
  243.115005 4045.610107 1
  243.165741 92.0 0
  243.198044 176.0 0
  243.81942700000002 140.0 0
  243.918854 184.0 0
  244.006424 152.0 0
  244.06680300000002 23.125 0
  244.148529 244.0 0
  244.43879700000002 148.0 0
  244.44606000000002 72.0 0
  244.604691 36.0 0
  244.818115 8.501603 0
  244.821289 164.0 0
  244.90008500000002 1.501894 0
  244.927963 39.065708 0
  244.9832 360.0 0
  245.037781 136.0 0
  245.111511 340.0 0
  245.11428800000002 136.0 0
  245.128677 21734.140625 5
  245.15557900000002 48.0 0
  245.413727 52.0 0
  245.45549 180.0 0
  245.57963600000002 180.0 0
  245.681412 212.0 0
  245.891357 3.641667 0
  245.910568 40.0 0
  245.94603 100.0 0
  246.00581400000002 324.0 0
  246.048553 168.0 0
  246.08694500000001 212.0 0
  246.089844 39.837601 0
  246.134277 160.0 0
  246.185135 140.0 0
  246.53443900000002 136.0 0
  246.745965 172.0 0
  247.06028700000002 1336.0 0
  247.09518400000002 320.0 0
  247.12892200000002 152.0 0
  247.145 1.0 0
  247.26622 212.0 0
  247.31045500000002 32.0 0
  247.33178700000002 45.389999 0
  247.716171 6.125 0
  247.772537 68.0 0
  247.835938 28.0 0
  248.07302900000002 148.0 0
  248.15068100000002 32.0 0
  248.538025 88.0 0
  248.633224 196.0 0
  249.061493 17353.0 4
  249.06637600000002 571.0 0
  249.132965 168.0 0
  249.158508 40.346981 0
  249.16400000000002 1.0 0
  249.425293 140.0 0
  249.656296 56.0 0
  249.781631 100.0 0
  250.054779 75372.0 17
  250.065613 48.0 0
  250.12027 3756.0 1
  250.168335 892.0 0
  250.288483 68.0 0
  250.75079300000002 104.0 0
  250.878906 96.0 0
  250.899002 59.10537 0
  251.091782 168.0 0
  251.094467 1220.0 0
  251.108154 316.0 0
  251.144516 464.0 0
  251.415268 220.0 0
  252.002838 144.0 0
  252.072189 144.0 0
  252.102875 132.0 0
  252.150497 1182.0 0
  252.650049 172.0 0
  252.982697 224.0 0
  253.08422900000002 39.028851 0
  253.126785 80.0 0
  253.58865400000002 4.669117 0
  253.616501 5.265351 0
  253.80297900000002 40.0 0
  253.837616 84.0 0
  253.952118 492.0 0
  253.989679 316.0 0
  254.047302 36.0 0
  254.123749 88.0 0
  254.542831 180.0 0
  255.001831 212.0 0
  255.025436 148.0 0
  255.059753 13.23471 0
  255.08223 396.0 0
  255.102295 168.0 0
  255.181015 5.025 0
  255.322311 188.0 0
  255.894394 112.0 0
  255.96031200000002 128.0 0
  256.06 1.0 0
  256.088257 180.0 0
  256.160858 108.0 0
  256.38089 188.0 0
  256.874908 68.0 0
  257.036407 2466.0 1
  257.10565199999996 336.0 0
  257.15097 5272.0 1
  257.157196 159.319702 0
  257.201447 124.0 0
  257.22702 52.0 0
  257.295074 192.0 0
  257.61377 160.0 0
  257.70214799999997 160.0 0
  257.788666 192.0 0
  258.521332 152.0 0
  258.66110199999997 84.0 0
  258.90612799999997 56.0 0
  259.04305999999997 300.0 0
  259.05303999999995 104.0 0
  259.06829799999997 176.0 0
  259.087769 804.0 0
  259.3078 168.0 0
  259.468445 92.0 0
  259.485016 136.0 0
  259.724854 200.0 0
  259.95565799999997 220.0 0
  260.026794 260.0 0
  260.143707 3.333333 0
  260.297852 40.0 0
  260.620117 156.0 0
  260.644775 48.0 0
  260.782745 292.0 0
  260.87292499999995 40.0 0
  260.892029 120.0 0
  261.061676 132.0 0
  261.073944 92.0 0
  261.11213499999997 1.0 0
  261.21923799999996 164.0 0
  261.30365 152.0 0
  261.32525599999997 27.86791 0
  261.77606199999997 88.0 0
  262.107269 372.0 0
  262.158234 144.0 0
  262.61026 128.0 0
  262.967041 144.0 0
  263.01239 184.0 0
  263.10024999999996 208.0 0
  263.127075 328.0 0
  263.182007 152.0 0
  263.191827 384.0 0
  263.232086 35.521858 0
  263.595062 216.0 0
  263.982758 188.0 0
  264.425171 42.646919 0
  264.46005199999996 44.0 0
  264.505951 36.0 0
  264.526733 64.0 0
  264.74703999999997 100.0 0
  265.097351 34052.0 7
  265.10909999999996 168.0 0
  265.192596 228.0 0
  265.28121899999996 300.0 0
  265.368469 11.00595 0
  265.406708 92.0 0
  265.446899 4.340278 0
  265.61398299999996 108.0 0
  265.787109 148.0 0
  265.832184 48.0 0
  266.56582599999996 100.0 0
  266.684753 192.0 0
  266.826691 156.0 0
  266.91009499999996 168.0 0
  266.932037 208.0 0
  267.016998 532744.0 117
  267.08770799999996 268.0 0
  267.197845 4.333333 0
  267.207001 6.692308 0
  267.24319499999996 140.0 0
  267.27786299999997 148.0 0
  267.29641699999996 5.946934 0
  267.30719 64.0 0
  268.038232 590.0 0
  268.044586 120.0 0
  268.05087299999997 148.0 0
  268.76852399999996 92.0 0
  268.774048 96.0 0
  269.09518399999996 136.0 0
  269.12561 168.0 0
  269.21649199999996 44.0 0
  269.87075799999997 244.0 0
  269.934967 28.0 0
  270.029449 107.861 0
  270.21756 148.0 0
  270.243774 188.0 0
  270.268555 836.0 0
  270.417175 10.82353 0
  270.56506299999995 32.0 0
  270.682526 60.0 0
  271.090698 140.0 0
  271.16629 472.0 0
  271.302368 144.0 0
  271.763947 30.569799 0
  271.93911699999995 56.0 0
  271.988251 116.0 0
  272.061035 40098.0 9
  272.087494 180.0 0
  272.098053 144.0 0
  272.114471 7542.0 2
  272.12918099999996 22164.0 5
  272.43634 200.0 0
  272.699371 156.0 0
  272.910889 148.0 0
  273.020508 148.0 0
  273.08856199999997 152.0 0
  273.135895 236.0 0
  273.23330699999997 124.0 0
  273.722626 64.0 0
  273.77594 52.0 0
  273.81497199999995 144.0 0
  273.968414 252.0 0
  274.06933599999996 1707.339966 0
  274.10101299999997 628.0 0
  274.13647499999996 148.0 0
  274.21408099999996 188.0 0
  274.323578 204.0 0
  274.55404699999997 236.0 0
  274.65905799999996 60.0 0
  275.18689 108.0 0
  275.330048 116.0 0
  275.464661 40.0 0
  275.66803 132.0 0
  275.728577 76.0 0
  275.94433599999996 164.0 0
  276.071594 128.0 0
  276.150085 23.70439 0
  276.156708 1028.0 0
  276.91891499999997 40.0 0
  277.06787099999997 15640.0 3
  277.27581799999996 100.0 0
  277.72326699999996 60.182709 0
  277.87567099999995 136.0 0
  278.062775 17.00379 0
  278.100457 200.0 0
  278.146759 280.0 0
  278.161926 284.0 0
  278.55200199999996 192.0 0
  278.87515299999995 152.0 0
  278.88708499999996 196.0 0
  279.056244 1181.0 0
  279.06985499999996 12325.0 3
  279.305206 44.0 0
  279.504578 95.254303 0
  279.513672 116.0 0
  279.555878 196.0 0
  279.57430999999997 224.0 0
  279.738434 16.88427 0
  280.07568399999997 1388.0 0
  280.09921299999996 144.0 0
  280.167023 184.0 0
  280.342621 152.0 0
  280.381012 148.0 0
  280.751892 4.5625 0
  281.07440199999996 188.0 0
  281.088898 176.0 0
  281.119354 188.0 0
  281.187775 404.0 0
  281.24603299999995 84.0 0
  281.377655 76.0 0
  282.102783 3.336111 0
  282.19982899999997 56.0 0
  282.42211899999995 140.0 0
  282.56857299999996 156.0 0
  282.72524999999996 88.0 0
  283.051697 64.0 0
  283.13629199999997 232.0 0
  283.147699 140.0 0
  283.151031 27.198971 0
  283.177643 1092.0 0
  283.185028 144.0 0
  283.39636199999995 148.0 0
  283.95550499999996 172.0 0
  283.984131 11.59259 0
  284.103973 132.0 0
  284.12439 148.0 0
  284.80209399999995 76.0 0
  284.820221 80.0 0
  284.844269 84.0 0
  284.901367 156.0 0
  284.916412 88.0 0
  285.006531 152.0 0
  285.07714799999997 152.0 0
  285.13879399999996 21.881519 0
  285.16452 116.0 0
  285.181 156.0 0
  285.22491499999995 96.0 0
  285.38491799999997 148.0 0
  285.40450999999996 88.0 0
  285.65799 156.0 0
  285.67202799999995 48.0 0
  285.789917 152.0 0
  285.9151 132.0 0
  286.064056 448.487793 0
  286.19134499999996 188.0 0
  286.67596399999996 56.0 0
  287.36697399999997 160.0 0
  287.614716 116.0 0
  288.008698 180.0 0
  288.06131 1.0 0
  288.12341299999997 140.0 0
  288.15777599999996 2184.0 0
  288.20989299999997 164.0 0
  288.25811799999997 108.0 0
  288.37240599999996 144.0 0
  289.06192 371.0 0
  289.09622199999995 140.0 0
  289.13356899999997 184.0 0
  289.49078399999996 46.610001 0
  289.498718 140.0 0
  289.50598099999996 40.0 0
  289.5979 96.0 0
  290.018219 12.83333 0
  290.05172699999997 196.0 0
  290.089996 9145.0 2
  290.098419 176.0 0
  290.32311999999996 216.0 0
  290.86843899999997 140.0 0
  290.965271 164.0 0
  291.07666 909.0 0
  291.13327 184.0 0
  291.717896 51.02475 0
  292.073694 691.0 0
  292.07800299999997 856.0 0
  292.09338399999996 260.0 0
  292.11557 104.0 0
  292.118591 250155.0 55
  292.13638299999997 308.0 0
  292.22628799999995 836.0 0
//
