ACCESSION: CCMSLIB00000086160
RECORD_TITLE: decoy
DATE: 2015.11.20
AUTHORS: Administrator
LICENSE: CC BY-SA
CH$NAME: decoy
CH$COMPOUND_CLASS: Natural Product
CH$FORMULA: C13H10N2O3
CH$EXACT_MASS: 242.06914217999997
CH$SMILES: N/A
CH$IUPAC: decoy
CH$LINK: N/A
AC$INSTRUMENT: decoy
AC$INSTRUMENT_TYPE: decoy
AC$MASS_SPECTROMETRY: MS_TYPE MS2
AC$MASS_SPECTROMETRY: ION_MODE POSITIVE
AC$MASS_SPECTROMETRY: COLLISION_ENERGY 10 V
MS$FOCUSED_ION: PRECURSOR_M/Z 243
MS$FOCUSED_ION: PRECURSOR_TYPE [M+H]+
PK$NUM_PEAK: 491
PK$PEAK: m/z int. rel.int.
  30.032473000000003 875.548523 4
  44.941319 80.0 0
  45.10869 156.0 1
  47.105698000000004 140.0 1
  47.648731000000005 144.0 1
  48.281330000000004 200.0 1
  48.530819 156.0 1
  48.980995 140.0 1
  49.034706 212.0 1
  49.170246 208.0 1
  51.371178 192.0 1
  52.755695 208.0 1
  53.143089 140.0 1
  54.65522 144.0 1
  55.032055 228.0 1
  55.217163 168.0 1
  55.617207 184.0 1
  55.913254 204.0 1
  56.255634 164.0 1
  56.547539 136.0 1
  57.269112 160.0 1
  57.505501 172.0 1
  57.883797 152.0 1
  58.409283 108.0 0
  58.561256 164.0 1
  60.399502 184.0 1
  63.014526000000004 164.0 1
  64.975945 104.0 0
  65.80628999999999 148.0 1
  66.375519 48.0 0
  66.659309 144.0 1
  66.833992 164.0 1
  67.06172199999999 188.0 1
  68.82189899999999 224.0 1
  68.91339099999999 256.0 1
  69.313667 196.0 1
  70.14211999999999 176.0 1
  70.52937299999999 55.778221 0
  72.38712299999999 84.0 0
  73.292625 56.0 0
  73.92366 192.0 1
  73.945442 128.0 1
  74.008698 156.0 1
  74.551407 252.0 1
  75.33963 168.0 1
  75.831627 136.0 1
  77.33969099999999 176.0 1
  77.350815 152.0 1
  78.35024299999999 104.0 0
  79.613716 216.0 1
  80.081299 152.0 1
  80.975708 160.0 1
  81.99389599999999 168.0 1
  82.51933299999999 144.0 1
  83.143333 244.0 1
  83.819435 172.0 1
  85.181923 28.0 0
  86.737648 136.0 1
  86.77572599999999 232.0 1
  86.833389 144.0 1
  87.068237 168.0 1
  87.48204 168.0 1
  87.669052 168.0 1
  88.22544099999999 92.0 0
  88.728828 132.0 1
  89.154381 96.0 0
  89.303169 296.0 1
  90.53493499999999 124.0 1
  90.977661 208.0 1
  91.13012699999999 60.0 0
  91.74473599999999 208.0 1
  92.243454 92.0 0
  92.27057599999999 180.0 1
  92.419151 128.0 1
  94.29221299999999 384.0 2
  94.508308 196.0 1
  94.544624 212.0 1
  94.99282099999999 164.0 1
  95.66251399999999 120.0 0
  96.613754 164.0 1
  96.71140299999999 208.0 1
  96.835335 172.0 1
  97.073624 184.0 1
  97.19547299999999 204.0 1
  97.95114099999999 100.0 0
  98.06140099999999 144.0 1
  98.36065699999999 140.0 1
  98.593819 68.0 0
  98.821953 228.0 1
  98.846649 248.0 1
  99.434761 112.0 0
  100.550697 120.0 0
  100.75325799999999 208.0 1
  101.437653 140.0 1
  102.117233 2.664474 0
  102.77503999999999 8.33772 0
  102.90999599999999 212.0 1
  103.113113 71.99411 0
  103.181862 144.0 1
  103.624191 16.769131 0
  103.808731 775.0 3
  103.88252299999999 272.0 1
  104.120171 11.025 0
  104.949928 144.0 1
  105.070267 1364.0 6
  105.18442499999999 164.0 1
  105.63649 152.0 1
  105.915955 64.0 0
  106.32509599999999 156.0 1
  106.455635 9.613157 0
  106.475777 148.0 1
  106.76336699999999 196.0 1
  107.06281299999999 172.0 1
  107.08571599999999 4048.0 17
  107.58211499999999 152.0 1
  107.66759499999999 144.0 1
  107.71019 112.0 0
  107.89949 144.0 1
  108.051498 532.0 2
  108.23065899999999 120.0 0
  108.400055 160.0 1
  108.985405 2345.86499 10
  109.0299 132.0 1
  109.39628599999999 148.0 1
  109.44126899999999 10.79594 0
  110.06455199999999 172.0 1
  110.09537499999999 91.125 0
  110.097534 176.0 1
  110.18324299999999 180.0 1
  110.61579099999999 188.0 1
  111.94100999999999 128.0 1
  112.071434 164.0 1
  112.225189 84.0 0
  112.28691099999999 112.0 0
  113.10230299999999 216.0 1
  113.299858 176.0 1
  113.51819599999999 140.0 1
  113.58796699999999 252.0 1
  113.790314 196.0 1
  113.906746 160.0 1
  114.342247 164.0 1
  114.71102099999999 208.0 1
  114.781189 260.0 1
  114.899864 192.0 1
  114.90708199999999 5.037037 0
  115.199249 96.0 0
  115.27184299999999 184.0 1
  115.34106399999999 14.67778 0
  115.911964 284.0 1
  115.964333 74.324997 0
  116.518951 192.0 1
  116.549278 120.0 0
  116.89018999999999 152.0 1
  116.957664 168.0 1
  117.088921 40.0 0
  117.432671 76.0 0
  117.587959 172.0 1
  117.67240899999999 132.0 1
  118.045074 164.0 1
  118.06438399999999 160.0 1
  118.102684 212.0 1
  118.616135 100.0 0
  119.048256 80.681099 0
  119.052246 192.0 1
  120.33434299999999 320.0 1
  120.91560399999999 300.0 1
  120.92940499999999 2.666667 0
  121.028297 220.0 1
  121.144211 204.0 1
  121.195679 56.0 0
  121.397278 12.96429 0
  121.457481 8.481667 0
  121.598839 124.0 1
  121.93345599999999 184.0 1
  122.05599199999999 284.0 1
  122.46908599999999 248.0 1
  122.48217 172.0 1
  122.51078 144.0 1
  122.53456899999999 44.0 0
  122.72132099999999 112.0 0
  122.95384999999999 92.0 0
  123.048141 172.0 1
  123.057732 328.0 1
  123.45665699999999 14.06618 0
  123.485146 220.0 1
  123.962578 400.0 2
  124.01162 36849.0 151
  124.50064099999999 148.0 1
  124.522171 112.0 0
  124.96179199999999 188.0 1
  125.00741599999999 636.0 3
  125.026512 164.0 1
  125.166748 7.935 0
  125.234703 192.0 1
  125.28440099999999 152.0 1
  125.388443 184.0 1
  126.26546499999999 116.0 0
  126.536919 188.0 1
  126.75451699999999 204.0 1
  126.807831 156.0 1
  126.83556399999999 208.0 1
  127.05386399999999 176.0 1
  127.08219899999999 4.815476 0
  127.53485099999999 180.0 1
  127.90704299999999 36.0 0
  128.053116 824.0 3
  128.092575 220.0 1
  129.07307400000002 344.0 1
  130.15358 68.0 0
  130.184265 80.0 0
  130.202728 72.0 0
  130.68429600000002 168.0 1
  131.050461 212.0 1
  131.084076 848.0 3
  131.187408 144.0 1
  131.254105 52.0 0
  132.081818 784.0 3
  132.089355 340.0 1
  133.06367500000002 103.0 0
  133.103027 1120.0 5
  133.20678700000002 192.0 1
  133.383591 10.54464 0
  134.03685000000002 180.0 1
  134.090988 416.0 2
  134.143326 236.0 1
  134.202316 184.0 1
  134.250305 76.0 0
  134.358093 160.0 1
  135.038147 132.0 1
  135.22761500000001 52.0 0
  135.47927900000002 80.0 0
  135.747345 56.0 0
  135.986511 120.0 0
  136.07913200000002 93.492317 0
  136.48661800000002 12.55123 0
  136.61088600000002 48.0 0
  136.64801 144.0 1
  137.07579 30.04167 0
  137.66940300000002 232.0 1
  137.784378 172.0 1
  138.33003200000002 160.0 1
  138.789154 184.0 1
  139.063049 264.0 1
  139.076965 164.0 1
  139.145645 9.742284 0
  139.174393 184.0 1
  139.327164 56.0 0
  139.591034 104.0 0
  139.746017 204.0 1
  140.068771 148.0 1
  140.83192400000001 160.0 1
  140.969131 176.0 1
  141.425293 192.0 1
  141.813171 64.0 0
  141.958603 180.0 1
  142.54684400000002 236.0 1
  142.62690700000002 240.0 1
  142.639359 17.854811 0
  143.037598 40.0 0
  143.32077 356.0 1
  144.73497 172.0 1
  145.024246 4676.0 19
  145.07016000000002 41.740131 0
  145.566238 108.0 0
  146.282318 9.8 0
  146.581116 36.0 0
  146.804245 96.0 0
  147.05661 140.0 1
  147.65948500000002 176.0 1
  147.86578400000002 188.0 1
  148.007492 208.0 1
  148.049072 704.0 3
  148.193298 152.0 1
  148.85243200000002 220.0 1
  149.134354 324.0 1
  149.39004500000001 144.0 1
  149.77087400000002 148.0 1
  150.02629100000001 156.0 1
  150.055618 47.688751 0
  151.304504 152.0 1
  151.346268 76.0 0
  151.368546 56.0 0
  151.88960300000002 204.0 1
  151.947495 164.0 1
  152.102875 156.0 1
  152.676132 160.0 1
  153.064713 220.0 1
  153.755096 152.0 1
  154.401215 40.0 0
  155.06144700000002 140.0 1
  155.413971 100.0 0
  155.72113000000002 148.0 1
  155.939774 188.0 1
  156.011642 411.635498 2
  156.018967 120.0 0
  156.27911400000002 96.0 0
  156.92099000000002 124.0 1
  157.005005 188.0 1
  157.06341600000002 1303.0 5
  157.447144 176.0 1
  157.59826700000002 152.0 1
  158.37828100000002 144.0 1
  158.416321 31.752081 0
  158.47859200000002 15.69048 0
  158.994141 184.0 1
  159.042627 103.0 0
  159.045593 152.0 1
  159.05067400000001 148.0 1
  159.49653600000002 112.0 0
  160.165329 136.0 1
  160.69064300000002 64.0 0
  160.88313300000002 124.0 1
  160.91116300000002 116.0 0
  161.058792 476.0 2
  161.09535200000002 188.640305 1
  161.192978 60.0 0
  161.264328 164.0 1
  161.336243 144.0 1
  161.35269200000002 76.0 0
  162.043137 232.0 1
  162.065063 344.0 1
  162.52409400000002 124.0 1
  162.570206 48.0 0
  163.035019 330.0 1
  163.144791 452.0 2
  163.23526 216.0 1
  163.37759400000002 210.652496 1
  164.080872 204.0 1
  164.57783500000002 236.0 1
  164.645554 44.0 0
  164.920502 296.0 1
  165.066193 244438.0 999
  167.034409 4300.0 18
  167.53950500000002 128.0 1
  167.838974 216.0 1
  167.88548300000002 264.0 1
  168.050644 1180.0 5
  168.057724 386.0 2
  168.095001 296.0 1
  169.071625 416.0 2
  169.299011 172.0 1
  170.02667200000002 132.0 1
  170.298187 184.0 1
  170.545242 132.0 1
  170.974365 8.411765 0
  170.98623700000002 164.0 1
  171.66864 152.0 1
  172.03096000000002 136.0 1
  172.072525 237.0 1
  172.08779900000002 824.0 3
  172.122421 480.0 2
  172.35427900000002 100.0 0
  172.54444900000001 144.0 1
  173.060104 504.0 2
  173.075318 92.0 0
  173.132385 480.0 2
  173.28529400000002 15.6125 0
  173.323212 84.0 0
  174.053345 1496.0 6
  174.369919 26.04748 0
  174.670059 212.0 1
  175.05091900000002 5448.0 22
  175.840439 164.0 1
  175.901352 244.0 1
  176.101608 13.73611 0
  176.10835300000002 508.0 2
  177.054367 708.0 3
  177.057114 18.0 0
  177.62728900000002 116.0 0
  177.752136 180.0 1
  178.143539 184.0 1
  178.189117 104.0 0
  179.02143900000002 48284.0 197
  179.056351 104.0 0
  179.293808 128.0 1
  180.08853100000002 372.0 2
  180.102 1.0 0
  180.139709 156.0 1
  180.69725 168.0 1
  180.808426 136.0 1
  181.001923 156.0 1
  182.688126 160.0 1
  182.855118 116.0 0
  183.117813 176.0 1
  184.07792700000002 336.0 1
  185.087479 2448.0 10
  185.974457 212.0 1
  186.995529 148.0 1
  187.110443 396.0 2
  187.144791 288.211792 1
  188.123016 192.0 1
  188.608078 15.06136 0
  189.042358 3008.0 12
  189.054459 2192.0 9
  189.16772500000002 44.0 0
  189.78607200000002 120.0 0
  189.887054 156.0 1
  190.050781 108.0 0
  190.488327 60.0 0
  191.04422 204.0 1
  191.248581 132.0 1
  192.32080100000002 80.0 0
  193.083786 184.0 1
  194.29306 108.0 0
  194.430786 30.229271 0
  195.047043 160.0 1
  195.117599 764.0 3
  196.048676 1827.0 7
  196.077774 220.0 1
  196.344803 23.70096 0
  197.150909 100.0 0
  197.358246 8.125 0
  197.603439 100.0 0
  197.85565200000002 192.0 1
  198.041977 180.0 1
  198.086304 656.0 3
  198.13076800000002 196.0 1
  198.469208 92.0 0
  199.075974 84733.0 346
  200.5224 92.0 0
  201.12608300000002 85.875908 0
  201.199722 4.001812 0
  204.22493 40.0 0
  205.488663 112.0 0
  205.638779 92.0 0
  205.970551 32.970959 0
  206.14106800000002 200.0 1
  206.598038 168.0 1
  207.498627 148.0 1
  207.75820900000002 59.394039 0
  208.39274600000002 272.0 1
  209.240021 51.688419 0
  210.342682 148.0 1
  210.631561 124.0 1
  210.853241 180.0 1
  211.052163 168.0 1
  211.05693100000002 208.0 1
  211.107864 328.0 1
  211.11286900000002 352.0 1
  212.349289 144.0 1
  213.029144 63.840595 0
  213.87716700000001 96.0 0
  214.09118700000002 8580.0 35
  214.915375 52.0 0
  215.142944 132.0 1
  215.17700200000002 328.0 1
  216.6194 128.0 1
  216.738358 156.0 1
  217.034164 224.0 1
  217.614578 88.0 0
  217.617599 32.0 0
  218.016549 160.0 1
  218.16592400000002 536.0 2
  219.115326 204.0 1
  219.295166 6.15625 0
  220.333344 1.382776 0
  222.127014 184.0 1
  222.296814 68.0 0
  222.533051 88.0 0
  222.76535 172.0 1
  222.895462 172.0 1
  223.017715 427.0 2
  223.102768 212.0 1
  225.03370700000002 5032.0 21
  225.770798 7.777778 0
  227.38900800000002 152.0 1
  228.045197 52.0 0
  228.797821 68.0 0
  229.00645400000002 40.0 0
  229.08531200000002 632.0 3
  229.12110900000002 608.0 2
  229.81427000000002 164.0 1
  231.07286100000002 13613.0 56
  231.14547100000001 184.0 1
  232.98443600000002 64.0 0
  233.60844400000002 160.0 1
  234.17782 136.0 1
  234.565399 52.0 0
  234.941437 92.0 0
  234.97262600000002 552.0 2
  235.090912 0.696106 0
  235.899643 152.0 1
  236.083023 1088.0 4
  237.730728 148.0 1
  238.53964200000001 200.0 1
  239.063599 444.0 2
  239.096786 208.0 1
  239.16085800000002 40.0 0
  239.980209 136.0 1
  240.586151 40.0 0
  243.07641900000002 1.0 0
//
