ACCESSION: CCMSLIB00000078568
RECORD_TITLE: decoy
DATE: 2015.11.20
AUTHORS: Administrator
LICENSE: CC BY-SA
CH$NAME: decoy
CH$COMPOUND_CLASS: Natural Product
CH$FORMULA: C19H21NO4
CH$EXACT_MASS: 327.147058152
CH$SMILES: N/A
CH$IUPAC: decoy
CH$LINK: N/A
AC$INSTRUMENT: decoy
AC$INSTRUMENT_TYPE: decoy
AC$MASS_SPECTROMETRY: MS_TYPE MS2
AC$MASS_SPECTROMETRY: ION_MODE POSITIVE
AC$MASS_SPECTROMETRY: COLLISION_ENERGY 10 V
MS$FOCUSED_ION: PRECURSOR_M/Z 328
MS$FOCUSED_ION: PRECURSOR_TYPE [M+H]+
PK$NUM_PEAK: 718
PK$PEAK: m/z int. rel.int.
  27.692792 216.0 0
  34.499543 184.0 0
  45.128357 228.0 0
  45.153927 220.0 0
  45.565971000000005 164.0 0
  45.997879000000005 184.0 0
  46.238831000000005 132.0 0
  46.352192 140.0 0
  46.519569000000004 204.0 0
  47.099319 204.0 0
  47.204098 116.0 0
  47.394985 232.0 0
  48.744347000000005 176.0 0
  49.011204 176.0 0
  49.381615000000004 180.0 0
  49.681202 188.0 0
  49.985306 136.0 0
  50.029884 188.0 0
  50.487118 84.0 0
  51.437988000000004 140.0 0
  51.724125 180.0 0
  52.594143 232.0 0
  52.59737 140.0 0
  53.206161 152.0 0
  54.06123 144.0 0
  54.182133 120.0 0
  55.120079000000004 180.0 0
  55.264389 208.0 0
  55.809944 156.0 0
  56.407604 132.0 0
  56.725357 156.0 0
  57.176361 212.0 0
  57.587368000000005 148.0 0
  58.14566 152.0 0
  58.336838 160.0 0
  58.74601 216.0 0
  58.75296 80.0 0
  59.214931 180.0 0
  59.737072000000005 100.0 0
  60.281322 220.0 0
  60.782116 316.0 0
  60.911987 96.0 0
  60.962322 152.0 0
  62.139118 180.0 0
  62.515919000000004 140.0 0
  62.780342000000005 148.0 0
  63.148746 136.0 0
  63.755257 212.0 0
  64.30278799999999 200.0 0
  64.876595 180.0 0
  66.29527999999999 148.0 0
  66.439697 164.0 0
  66.99861899999999 144.0 0
  67.148392 192.0 0
  67.29576899999999 56.0 0
  68.341454 184.0 0
  68.742088 160.0 0
  69.239494 240.0 0
  69.844353 180.0 0
  69.88965599999999 168.0 0
  71.17437699999999 164.0 0
  71.28922299999999 156.0 0
  71.906357 152.0 0
  72.12171199999999 176.0 0
  73.12290999999999 196.0 0
  74.395325 220.0 0
  74.419884 184.0 0
  74.896965 168.0 0
  75.024193 144.0 0
  75.07753799999999 280.0 0
  75.084648 192.0 0
  75.214478 108.0 0
  75.58097799999999 192.0 0
  76.137863 220.0 0
  76.430489 188.0 0
  77.767685 224.0 0
  78.072693 252.0 0
  78.110306 108.0 0
  79.676941 252.0 0
  79.72153499999999 172.0 0
  80.255592 76.0 0
  80.297775 252.0 0
  80.407997 144.0 0
  80.55303199999999 148.0 0
  81.34552799999999 236.0 0
  81.97074099999999 196.0 0
  82.62915799999999 136.0 0
  83.568314 188.0 0
  84.06704699999999 336.0 0
  84.334465 120.0 0
  84.513954 140.0 0
  85.001503 160.0 0
  85.65632599999999 240.0 0
  86.190681 152.0 0
  86.21224199999999 96.0 0
  87.068298 216.0 0
  87.097122 223.819901 0
  87.270432 152.0 0
  87.408211 140.0 0
  87.76192499999999 200.0 0
  88.99189 260.0 0
  89.05609899999999 52.0 0
  89.64546999999999 112.0 0
  90.783127 168.0 0
  91.018402 148.0 0
  91.16964 168.0 0
  92.05895199999999 872.870117 1
  92.336174 152.0 0
  92.471008 208.0 0
  93.069626 220.0 0
  93.616585 136.0 0
  93.66605399999999 172.0 0
  94.12851699999999 144.0 0
  94.601883 164.0 0
  94.739784 140.0 0
  94.949997 3423.0 3
  95.02681 72.0 0
  95.046539 156.0 0
  95.46663699999999 176.0 0
  96.51499199999999 48.0 0
  96.63559 208.0 0
  96.639214 148.0 0
  96.698318 284.0 0
  97.060188 156.0 0
  97.43261 204.0 0
  97.94380199999999 132.0 0
  98.081711 376.0 0
  98.51598399999999 220.0 0
  99.113976 200.0 0
  99.60988599999999 156.0 0
  99.620117 104.0 0
  100.154213 41.506119 0
  101.004448 78.465012 0
  101.036858 324.0 0
  101.151855 144.0 0
  101.18987999999999 40.0 0
  101.20365899999999 152.0 0
  101.576607 168.0 0
  101.61438799999999 200.0 0
  101.69326 240.0 0
  101.736702 40.0 0
  101.794525 128.0 0
  102.055077 68.0 0
  102.46936 6.570402 0
  102.519516 144.0 0
  102.66813699999999 132.0 0
  102.94265 92.0 0
  103.029778 176.0 0
  103.04845399999999 132.0 0
  103.065575 132.0 0
  103.29216799999999 180.0 0
  103.469574 128.0 0
  103.72953 132.0 0
  103.75664499999999 124.0 0
  104.14415 172.0 0
  104.525414 120.0 0
  104.555779 200.0 0
  104.581131 168.0 0
  105.035118 1132.0 1
  105.1437 112.0 0
  105.37991299999999 96.0 0
  105.39813199999999 23.4769 0
  105.5 11.98643 0
  105.566689 18.245001 0
  105.64724 100.0 0
  106.175964 7.291667 0
  106.725929 220.0 0
  107.031235 132.0 0
  107.048515 55.572338 0
  107.092445 256.0 0
  107.153641 188.0 0
  107.45921299999999 232.0 0
  107.597488 180.0 0
  107.913551 200.0 0
  107.978341 164.0 0
  107.990967 120.0 0
  108.058709 188.0 0
  108.16178099999999 120.0 0
  108.167068 100.0 0
  108.18701899999999 128.0 0
  108.254601 184.0 0
  108.378716 168.0 0
  108.530121 48.0 0
  109.02696999999999 100.0 0
  109.06324 152.0 0
  109.21772 232.0 0
  109.48883099999999 196.0 0
  109.493546 64.0 0
  109.674904 236.0 0
  109.719048 92.0 0
  109.779984 164.0 0
  109.782738 9.423913 0
  109.788681 212.0 0
  109.887833 188.0 0
  109.90593 188.0 0
  110.093475 812.0 1
  110.10762799999999 212.0 0
  110.699524 212.0 0
  111.12454199999999 21.524719 0
  111.43388399999999 208.0 0
  111.947105 124.0 0
  111.978966 104.0 0
  112.257133 16.1 0
  112.265907 164.0 0
  112.352509 156.0 0
  112.728752 208.0 0
  113.039825 164.0 0
  113.079895 720.0 1
  113.119919 88.0 0
  113.347252 196.0 0
  113.671562 104.0 0
  113.864426 136.0 0
  114.109337 48.0 0
  114.581352 180.0 0
  115.175575 68.0 0
  115.218559 40.0 0
  115.256531 92.0 0
  115.44455699999999 260.0 0
  115.693237 132.0 0
  115.70575 64.0 0
  115.739548 192.0 0
  116.48042299999999 192.0 0
  116.605476 112.0 0
  116.88943499999999 2.602273 0
  117.034088 408.0 0
  117.287613 15.26042 0
  117.303146 31.82481 0
  117.42334 72.0 0
  117.730988 156.0 0
  117.919899 120.0 0
  118.009491 160.0 0
  118.04148099999999 40.32143 0
  118.841301 104.0 0
  119.047218 1267.0 1
  119.06502499999999 172.0 0
  119.30690799999999 76.0 0
  119.346672 8.458064 0
  120.043388 612.0 0
  120.354073 13.8125 0
  120.57077799999999 60.0 0
  120.631485 236.0 0
  120.677025 80.0 0
  120.993828 65.117653 0
  121.01888299999999 192.0 0
  121.894531 124.0 0
  121.932808 120.0 0
  122.03523999999999 248.0 0
  122.41877699999999 204.0 0
  122.550339 176.0 0
  122.88866399999999 68.0 0
  123.028008 236.0 0
  123.243309 160.0 0
  123.26177999999999 76.0 0
  123.313187 160.0 0
  123.747131 168.0 0
  124.01804399999999 224.0 0
  124.17688 224.0 0
  124.945297 180.0 0
  125.023544 172.0 0
  125.05375699999999 132.0 0
  125.05783799999999 276.723785 0
  126.025094 120.0 0
  126.60921499999999 168.0 0
  126.69245099999999 124.0 0
  127.01353499999999 284.0 0
  127.11515 184.0 0
  127.31959499999999 164.0 0
  127.51836399999999 192.0 0
  127.69318399999999 48.0 0
  127.79959099999999 216.0 0
  128.007751 1056.0 1
  128.064545 152.0 0
  128.102997 288.0 0
  128.306717 180.0 0
  129.28898600000002 188.0 0
  129.605927 5.033333 0
  130.062546 164.0 0
  130.06495700000002 7796.0 6
  130.082489 172.0 0
  130.226044 156.0 0
  130.460663 44.26313 0
  130.64016700000002 160.0 0
  131.007477 348.0 0
  131.011765 56.0 0
  131.050262 372.0 0
  131.06590300000002 2697.118896 2
  131.06871 152.0 0
  131.13076800000002 108.0 0
  131.265747 108.0 0
  132.044495 124.0 0
  132.12785300000002 256.0 0
  132.233383 240.0 0
  132.654022 204.0 0
  133.062927 132.0 0
  133.068665 172.0 0
  133.098709 132.0 0
  133.10818500000002 18.03709 0
  133.159195 224.0 0
  133.50456200000002 144.0 0
  133.70048500000001 168.0 0
  134.057693 124.0 0
  134.096405 3088.403076 2
  134.10527000000002 156.0 0
  134.24082900000002 7.041667 0
  134.966217 144.0 0
  135.03997800000002 152.0 0
  135.76332100000002 152.0 0
  136.047043 180.0 0
  136.110229 380.0 0
  136.451782 7.729167 0
  137.17776500000002 156.0 0
  137.183365 16.34626 0
  137.39270000000002 35.422482 0
  137.634827 184.0 0
  137.68794300000002 96.0 0
  138.05844100000002 200.0 0
  138.07092300000002 18283.0 14
  138.10977200000002 208.0 0
  138.28268400000002 8.008333 0
  138.30517600000002 48.0 0
  139.109482 140.0 0
  139.584686 48.0 0
  139.868988 300.0 0
  139.96669 208.0 0
  140.293396 148.0 0
  140.574387 20.02083 0
  141.141556 10.29398 0
  141.322327 180.0 0
  141.583786 148.0 0
  142.07063300000002 3.342592 0
  142.07646200000002 1572.0 1
  142.20288100000002 216.0 0
  142.76336700000002 164.0 0
  143.04744 152.0 0
  143.50413500000002 112.0 0
  143.899109 72.0 0
  145.06572 213.2285 0
  145.06912200000002 344.0 0
  145.077255 188.0 0
  145.098953 1171.0 1
  145.61528 176.0 0
  145.795105 196.0 0
  146.06050100000002 4092.0 3
  146.096237 6420.0 5
  146.71379100000001 104.0 0
  147.098587 168.0 0
  147.11779800000002 184.0 0
  147.415253 68.0 0
  147.906158 148.0 0
  148.07045000000002 152.0 0
  148.763092 52.0 0
  148.820053 152.0 0
  148.974655 96.0 0
  149.01770000000002 455.0 0
  149.058685 478.322906 0
  149.933167 152.0 0
  150.07692 164.0 0
  150.98027000000002 156.0 0
  151.45790100000002 184.0 0
  151.742493 208.0 0
  153.06864900000002 904.0 1
  153.409424 196.0 0
  153.619034 256.0 0
  154.01855500000002 188.0 0
  154.584213 68.0 0
  154.615463 112.0 0
  154.87674 124.0 0
  154.977158 3.281667 0
  155.11050400000002 188.0 0
  156.068588 208.0 0
  156.07925400000002 152.0 0
  156.53331 4.967262 0
  156.609756 64.0 0
  156.777161 140.0 0
  157.534683 176.0 0
  157.885849 184.0 0
  158.186218 200.0 0
  158.384476 19.77799 0
  158.782715 88.0 0
  159.042618 772.0 1
  159.65458700000002 116.0 0
  159.999344 220.0 0
  160.017303 180.0 0
  160.030243 48.0 0
  160.820084 220.0 0
  161.052713 152.0 0
  161.747162 44.0 0
  161.99205 96.0 0
  162.290466 60.0 0
  162.70661900000002 144.0 0
  162.955444 116.0 0
  163.165543 148.0 0
  163.24447600000002 180.0 0
  163.360397 64.0 0
  163.871719 172.0 0
  163.968964 140.0 0
  164.076477 440.0 0
  164.842743 172.0 0
  165.06990100000002 604.0 0
  165.528488 140.0 0
  165.77603100000002 176.0 0
  166.026337 2576.0 2
  166.054718 108.0 0
  166.08775300000002 384.0 0
  166.988861 204.0 0
  167.314728 56.0 0
  167.32103 100.0 0
  167.88038600000002 84.0 0
  168.055145 344.0 0
  168.799744 52.0 0
  168.95614600000002 11.4875 0
  169.04864500000002 208.0 0
  169.10498 188.0 0
  169.51426700000002 52.0 0
  169.746552 172.0 0
  169.902908 68.0 0
  170.089676 107.634598 0
  170.139587 88.0 0
  170.23172 72.0 0
  171.018997 10415.0 8
  171.091599 2673.447021 2
  171.34504700000002 208.0 0
  171.458649 88.0 0
  171.687378 192.0 0
  171.984848 344.0 0
  172.09587100000002 172.0 0
  172.717712 52.0 0
  172.78787200000002 160.0 0
  173.022446 59.779419 0
  173.03869600000002 136.0 0
  173.10907 88.0 0
  173.13330100000002 160.0 0
  173.433701 120.0 0
  173.449219 144.0 0
  173.867081 144.0 0
  174.100235 52.0 0
  174.127579 208.0 0
  174.663162 64.0 0
  175.058197 320.0 0
  175.076584 652.0 1
  175.754028 156.0 0
  176.031082 204.0 0
  176.088943 112.0 0
  176.494888 156.0 0
  177.07251000000002 70.282379 0
  177.092758 184.0 0
  177.688751 88.0 0
  178.279694 328.0 0
  178.886765 148.0 0
  178.914001 176.0 0
  179.071 1.0 0
  179.155457 72.0 0
  179.187103 52.0 0
  180.388214 192.0 0
  181.495392 136.0 0
  181.634705 52.0 0
  182.244492 52.0 0
  182.44970700000002 84.0 0
  183.06662 172.0 0
  183.104431 936.0 1
  183.76031500000002 2.708333 0
  184.078064 144.0 0
  184.123413 192.0 0
  184.15567000000001 204.0 0
  184.57624800000002 100.0 0
  184.90527300000002 120.0 0
  185.100784 172.0 0
  185.688782 128.0 0
  185.924957 204.0 0
  188.03753700000001 388.0 0
  188.71537800000002 236.0 0
  189.05079700000002 102.0 0
  190.91192600000002 204.0 0
  191.02250700000002 116.0 0
  191.355637 68.574791 0
  191.633011 152.0 0
  191.929123 160.0 0
  192.07373 164.0 0
  192.386826 55.716869 0
  192.798471 96.0 0
  193.054932 240.0 0
  193.21009800000002 52.0 0
  193.23834200000002 188.0 0
  193.644754 212.0 0
  193.696777 140.0 0
  194.26149 52.0 0
  195.119019 184.0 0
  195.93394500000002 132.0 0
  196.030167 172.0 0
  196.651184 128.0 0
  196.952805 172.0 0
  197.044037 284.0 0
  199.125198 208.0 0
  199.158035 156.0 0
  200.11119100000002 298.0 0
  200.27972400000002 108.0 0
  200.31144700000002 60.0 0
  201.414185 160.0 0
  202.03839100000002 164.0 0
  202.06663500000002 136.0 0
  202.171967 124.0 0
  203.083603 164.0 0
  203.726761 216.0 0
  203.782822 68.0 0
  204.135544 268.0 0
  204.284668 208.0 0
  205.050095 21004.0 16
  205.18428 236.0 0
  205.25798 11.85688 0
  205.86779800000002 152.0 0
  206.042236 12.738147 0
  206.364639 260.0 0
  207.071777 136.0 0
  207.418945 11.48491 0
  207.525589 128.0 0
  207.555725 17.055559 0
  208.076096 252.0 0
  209.12532000000002 148.0 0
  209.392166 8.840659 0
  209.449844 48.0 0
  209.582184 44.0 0
  210.054947 168.0 0
  210.349319 124.0 0
  210.718781 136.0 0
  211.075577 272.0 0
  212.034637 200.0 0
  212.07882700000002 166.0 0
  212.149673 140.0 0
  213.013504 376.0 0
  213.052368 996.0 1
  213.100189 1680.0 1
  213.138611 76.0 0
  214.084976 71.09391 0
  214.607132 128.0 0
  215.114914 20001.0 16
  215.141129 172.0 0
  215.292236 56.0 0
  215.64707900000002 192.0 0
  216.07189300000002 148.0 0
  216.947586 152.0 0
  217.98924300000002 184.0 0
  218.498932 212.0 0
  218.771744 164.0 0
  218.927536 180.0 0
  219.09312400000002 511.0 0
  219.55302400000002 44.39946 0
  219.935318 156.0 0
  220.059631 960.0 1
  220.155472 44.0 0
  220.614899 184.0 0
  221.49932900000002 104.0 0
  221.764114 120.0 0
  222.062149 136.0 0
  222.96772800000002 60.0 0
  223.01416 152.0 0
  223.073395 192.0 0
  223.516556 196.0 0
  223.583603 124.0 0
  223.721802 17.213671 0
  223.744919 176.0 0
  225.087479 93106.0 73
  225.41691600000001 72.0 0
  225.873703 156.0 0
  225.941864 116.0 0
  225.985992 30782.0 24
  227.51615900000002 108.0 0
  227.864807 220.0 0
  228.101334 173.503296 0
  228.10818500000002 9097.0 7
  229.079575 2263.0 2
  229.114807 212.0 0
  230.119583 250.0 0
  230.28280600000002 53.054241 0
  230.349182 80.0 0
  231.052408 304.0 0
  231.117752 956.0 1
  231.340393 164.0 0
  231.602661 38.86272 0
  232.14395100000002 1764.0 1
  233.11523400000002 91162.0 72
  233.188126 225.803696 0
  233.520264 184.0 0
  233.98175 144.0 0
  234.078964 2856.0 2
  234.408661 8.41565 0
  234.87278700000002 100.0 0
  235.090042 166.0 0
  235.203323 168.0 0
  235.272385 136.0 0
  235.555115 196.0 0
  235.99258400000002 32.85804 0
  236.89064000000002 128.0 0
  237.165894 84.0 0
  237.670654 136.0 0
  238.117706 268.0 0
  238.179123 212.0 0
  239.17549100000002 444.0 0
  239.609192 84.0 0
  240.440079 92.0 0
  240.948044 116.0 0
  241.040155 292.0 0
  241.122818 148.0 0
  241.160608 144.0 0
  241.165222 196.0 0
  241.22879 48.0 0
  242.987762 104.0 0
  243.017151 44.0 0
  243.288284 44.0 0
  243.340256 48.0 0
  244.332031 96.0 0
  244.864166 2837.0 2
  245.035995 92.0 0
  245.940628 132.0 0
  246.72134400000002 76.0 0
  247.10025000000002 136.0 0
  247.791367 96.0 0
  248.427872 140.0 0
  249.085541 160.0 0
  249.111206 35114.0 28
  249.176361 120.0 0
  249.998154 7.387821 0
  250.122757 1992.0 2
  251.177933 60.0 0
  251.723923 8.074275 0
  252.06289700000002 244.0 0
  252.22177100000002 140.0 0
  252.32466100000002 180.0 0
  253.049347 6849.0 5
  253.07753 1272086.0 999
  253.48381 72.0 0
  254.068253 72.0 0
  254.076218 188.0 0
  254.162079 140.0 0
  254.390671 120.0 0
  254.803833 184.065598 0
  255.099633 240.0 0
  256.156158 208.0 0
  256.429901 156.0 0
  257.0 112.0 0
  257.410919 32.0 0
  258.08874499999996 228.0 0
  258.155121 420.0 0
  258.208893 245.0 0
  258.79589799999997 228.0 0
  259.071167 132.0 0
  259.188049 152.0 0
  259.365295 96.0 0
  262.688538 172.0 0
  263.179352 1716.0 1
  263.882294 104.0 0
  264.05911299999997 284.0 0
  264.14608799999996 176.0 0
  264.168304 96.0 0
  265.223846 60.0 0
  266.738831 12.30993 0
  266.99825999999996 212.0 0
  267.24942 200.0 0
  267.513428 88.0 0
  267.790192 180.0 0
  268.29296899999997 92.0 0
  269.136627 12.60379 0
  270.088013 196.0 0
  270.38442399999997 180.0 0
  270.472443 128.0 0
  271.285278 68.0 0
  271.296204 164.0 0
  272.08050499999996 120.0 0
  272.725952 144.0 0
  272.99868799999996 140.0 0
  273.12548799999996 1096.0 1
  273.14685099999997 80.0 0
  274.99017299999997 92.0 0
  275.08291599999995 1050.967041 1
  276.551514 116.0 0
  277.417419 52.0 0
  277.85986299999996 156.0 0
  278.021454 15236.0 12
  278.64230299999997 184.0 0
  280.139069 352.0 0
  280.353912 100.0 0
  280.644165 112.0 0
  281.104736 1808.0 1
  281.44091799999995 96.0 0
  281.955994 124.0 0
  282.19049099999995 440.0 0
  283.068085 148.0 0
  286.165894 10668.0 8
  286.810455 36.0 0
  287.131104 196.0 0
  287.217712 48.0 0
  290.13775599999997 208.0 0
  291.02548199999995 56.0 0
  293.09802199999996 132.0 0
  293.21572899999995 100.0 0
  294.03912399999996 68.0 0
  294.951508 164.0 0
  296.04715 168.0 0
  297.456635 31.15942 0
  297.813385 176.0 0
  298.10650599999997 156.0 0
  299.04443399999997 200.0 0
  299.08016999999995 372.0 0
  301.574371 25.800421 0
  303.14315799999997 42.061279 0
  304.173462 1208.0 1
  306.05920399999997 52.0 0
  307.08676099999997 2156.0 2
  307.264282 1172.0 1
  310.22592199999997 2624.0 2
  311.12088 168.0 0
  312.124481 152.0 0
  313.104004 456.0 0
  313.482941 124.0 0
  315.177704 424.0 0
  319.39901699999996 132.0 0
  324.06616199999996 148.0 0
  324.530396 19.309191 0
  328.155945 185096.0 145
//
