ACCESSION: CCMSLIB00000078643
RECORD_TITLE: decoy
DATE: 2015.11.20
AUTHORS: Administrator
LICENSE: CC BY-SA
CH$NAME: decoy
CH$COMPOUND_CLASS: Natural Product
CH$FORMULA: C30H47NO4S
CH$EXACT_MASS: 517.3225799840001
CH$SMILES: N/A
CH$IUPAC: decoy
CH$LINK: N/A
AC$INSTRUMENT: decoy
AC$INSTRUMENT_TYPE: decoy
AC$MASS_SPECTROMETRY: MS_TYPE MS2
AC$MASS_SPECTROMETRY: ION_MODE POSITIVE
AC$MASS_SPECTROMETRY: COLLISION_ENERGY 10 V
MS$FOCUSED_ION: PRECURSOR_M/Z 518
MS$FOCUSED_ION: PRECURSOR_TYPE [M+H]+
PK$NUM_PEAK: 1476
PK$PEAK: m/z int. rel.int.
  44.90657 200.0 0
  44.925777000000004 168.0 0
  45.448654000000005 60.0 0
  45.985493 120.0 0
  46.540138 160.0 0
  46.580521000000005 124.0 0
  46.593506000000005 236.0 0
  47.208420000000004 184.0 0
  47.305534 208.0 0
  47.486137 156.0 0
  47.79969 164.0 0
  48.133041 172.0 0
  48.188015 84.0 0
  48.27742 164.0 0
  48.423645 196.0 0
  49.048447 96.0 0
  49.191566 160.0 0
  49.44579 60.0 0
  49.589314 208.0 0
  49.848373 192.0 0
  50.095551 228.0 0
  50.127502 164.0 0
  50.232529 168.0 0
  50.700802 188.0 0
  50.823524 160.0 0
  51.129906 180.0 0
  51.175072 160.0 0
  51.350033 120.0 0
  52.055622 152.0 0
  52.951477000000004 208.0 0
  53.053879 192.0 0
  53.11871 144.0 0
  53.211285000000004 208.0 0
  53.557693 120.0 0
  53.656837 212.0 0
  54.082195 148.0 0
  54.103912 144.0 0
  54.628845 144.0 0
  54.643082 60.0 0
  54.68475 304.0 0
  54.804127 144.0 0
  54.918335 100.0 0
  54.94265 208.0 0
  55.085419 156.0 0
  55.188675 172.0 0
  55.283672 228.0 0
  55.43087 144.0 0
  55.636497 156.0 0
  55.936935 164.0 0
  56.464973 144.0 0
  56.509712 152.0 0
  56.82856 108.0 0
  57.695686 116.0 0
  57.763062000000005 144.0 0
  57.829514 156.0 0
  57.866722 144.0 0
  58.089947 192.0 0
  58.220089 160.0 0
  58.303223 172.0 0
  58.876747 96.0 0
  59.121113 144.0 0
  59.624653 180.0 0
  60.012821 188.0 0
  60.266239 196.0 0
  60.363422 168.0 0
  61.051399 176.0 0
  61.913052 132.0 0
  62.035858000000005 148.0 0
  63.296906 168.0 0
  63.317619 324.0 0
  64.053871 140.0 0
  64.091713 140.0 0
  64.36412 152.0 0
  64.53053299999999 184.0 0
  64.545456 0.0 0
  64.602715 180.0 0
  64.98149099999999 156.0 0
  65.29880499999999 332.0 0
  65.346176 192.0 0
  65.424606 160.0 0
  65.44112399999999 104.0 0
  65.50293699999999 192.0 0
  66.22120699999999 200.0 0
  66.465385 196.0 0
  66.57255599999999 48.0 0
  66.983368 216.0 0
  67.225304 92.0 0
  67.504837 196.0 0
  67.579231 156.0 0
  67.963791 156.0 0
  68.048271 168.0 0
  68.179665 252.0 0
  68.67881799999999 180.0 0
  68.86962899999999 156.0 0
  68.982079 128.0 0
  69.49614 192.0 0
  69.52443699999999 168.0 0
  69.782928 156.0 0
  69.882988 156.0 0
  70.15325899999999 152.0 0
  70.65216099999999 136.0 0
  71.582909 136.0 0
  72.078964 124.0 0
  72.805138 144.0 0
  72.95704699999999 144.0 0
  73.06914499999999 160.0 0
  73.095924 132.0 0
  73.75948299999999 148.0 0
  73.77561999999999 140.0 0
  74.17926 148.0 0
  74.22707399999999 204.0 0
  74.705154 188.0 0
  74.90415999999999 136.0 0
  74.997917 180.0 0
  75.71258499999999 196.0 0
  75.934219 176.0 0
  77.26853899999999 228.0 0
  77.54981199999999 196.0 0
  77.79881999999999 164.0 0
  78.016396 212.0 0
  78.898399 100.0 0
  79.05291 168.0 0
  79.226509 104.0 0
  80.38759599999999 148.0 0
  80.84262799999999 164.0 0
  81.299797 200.0 0
  81.537781 312.0 0
  82.082832 80.0 0
  82.58674599999999 176.0 0
  82.87464899999999 96.0 0
  83.810745 76.0 0
  83.95873999999999 180.0 0
  84.15311399999999 160.0 0
  84.76193199999999 136.0 0
  85.10041199999999 172.0 0
  85.402451 160.0 0
  85.58209199999999 136.0 0
  85.712662 156.0 0
  86.169899 148.0 0
  86.405937 208.0 0
  86.971138 184.0 0
  87.059868 192.0 0
  87.568466 196.0 0
  87.833542 40.0 0
  88.21463 180.0 0
  88.636055 176.0 0
  89.170464 108.0 0
  89.35969499999999 156.0 0
  89.44281799999999 52.0 0
  89.481155 152.0 0
  89.79592099999999 60.0 0
  89.947998 148.0 0
  90.04609699999999 160.0 0
  90.05429799999999 200.0 0
  90.469208 72.0 0
  90.65969799999999 148.0 0
  90.909286 232.0 0
  91.02154499999999 176.0 0
  91.02651999999999 172.0 0
  91.04800399999999 148.0 0
  91.066536 192.0 0
  91.075661 152.0 0
  91.544281 44.0 0
  91.554611 120.0 0
  91.662155 148.0 0
  92.00143399999999 164.0 0
  92.25267799999999 76.0 0
  92.34008 72.0 0
  92.59326899999999 112.0 0
  92.746567 156.0 0
  92.815231 168.0 0
  93.069908 360.118011 0
  93.300072 140.0 0
  93.32668299999999 52.0 0
  93.338104 204.0 0
  93.560463 244.0 0
  94.123184 112.0 0
  95.019447 144.0 0
  95.048386 152.0 0
  95.07189899999999 160.0 0
  95.124916 136.0 0
  95.24471299999999 204.0 0
  95.41734299999999 148.0 0
  95.692268 148.0 0
  95.70653499999999 192.0 0
  96.191048 92.0 0
  96.364449 132.0 0
  96.47904199999999 196.0 0
  96.48469499999999 192.0 0
  96.585999 136.0 0
  96.62950099999999 216.0 0
  96.636162 160.0 0
  96.81740599999999 168.0 0
  96.902222 136.0 0
  96.973305 84.0 0
  97.03263899999999 156.0 0
  97.065666 196.0 0
  97.20098899999999 212.0 0
  97.227882 140.0 0
  97.35112 124.0 0
  97.750526 52.0 0
  98.004959 168.0 0
  98.30358899999999 160.0 0
  98.382713 156.0 0
  98.398163 124.0 0
  98.45056199999999 192.0 0
  98.482361 152.0 0
  98.49323299999999 136.0 0
  98.53974199999999 140.0 0
  98.999702 1272.0 1
  99.02218599999999 124.0 0
  99.093567 188.0 0
  99.09992199999999 144.0 0
  99.139282 208.0 0
  99.275307 156.0 0
  99.279671 144.0 0
  99.320709 204.0 0
  99.404457 172.0 0
  99.523499 208.0 0
  99.61110699999999 180.0 0
  99.77164499999999 152.0 0
  99.94612099999999 168.0 0
  100.001099 132.0 0
  100.019402 5.008333 0
  100.05098 164.0 0
  100.087769 3.688725 0
  100.166443 224.0 0
  100.23185699999999 148.0 0
  100.38555099999999 220.0 0
  100.542908 18.08666 0
  100.856606 112.0 0
  100.97507499999999 220.0 0
  101.00336499999999 176.0 0
  101.89711799999999 164.0 0
  101.913063 144.0 0
  102.030289 316.0 0
  102.124825 164.0 0
  102.17884799999999 36.0 0
  102.190292 184.0 0
  102.467941 168.0 0
  102.888435 148.0 0
  103.054092 607.938721 0
  103.596809 172.0 0
  103.71257 144.0 0
  103.81868 180.0 0
  103.824905 160.0 0
  103.83183299999999 172.0 0
  104.02281199999999 132.0 0
  104.061295 448.0 0
  104.12263499999999 180.0 0
  104.32552299999999 40.0 0
  104.698799 88.0 0
  104.73747999999999 116.0 0
  104.88342999999999 120.0 0
  104.92536899999999 136.0 0
  104.992149 168.0 0
  105.034973 71.373039 0
  105.069824 464.0 0
  105.222084 148.0 0
  105.234673 172.0 0
  105.45464299999999 176.0 0
  105.47975199999999 204.0 0
  105.560616 128.0 0
  105.58447299999999 116.0 0
  105.601372 64.0 0
  106.036057 328.0 0
  106.063904 146.323807 0
  106.07495899999999 496.0 0
  106.11425799999999 192.0 0
  106.19854 196.0 0
  106.20665699999999 164.0 0
  106.64093799999999 176.0 0
  106.696838 68.0 0
  106.806473 80.0 0
  106.963501 88.0 0
  106.96738599999999 327.0 0
  107.036102 184.0 0
  107.05027799999999 304.0 0
  107.063599 41.339291 0
  107.08354899999999 116.8125 0
  107.087182 160.0 0
  107.758736 56.0 0
  107.886253 108.0 0
  107.996956 152.0 0
  108.046234 364.0 0
  108.220276 108.0 0
  108.401085 208.0 0
  108.40741 56.0 0
  108.46874199999999 144.0 0
  108.85826899999999 144.0 0
  108.920914 176.0 0
  108.96395899999999 136.0 0
  109.006958 224.0 0
  109.016083 144.0 0
  109.048935 78.720238 0
  109.06504799999999 148.0 0
  109.258156 196.0 0
  109.327995 160.0 0
  109.38757299999999 148.0 0
  109.482788 148.0 0
  109.606697 192.0 0
  109.711761 132.0 0
  109.900757 172.0 0
  110.00694299999999 156.0 0
  110.060257 744.0 0
  110.06774899999999 280.0 0
  110.47945399999999 92.0 0
  110.496445 196.0 0
  110.61128199999999 196.0 0
  110.88124099999999 124.0 0
  111.00797999999999 228.0 0
  111.079056 152.0 0
  111.271828 28.0 0
  111.282906 212.0 0
  111.29828599999999 140.0 0
  111.573059 148.0 0
  111.632683 176.0 0
  111.76892099999999 92.0 0
  111.86492899999999 32.0 0
  112.051941 128.0 0
  112.075333 32536.0 14
  112.110283 31.001789 0
  112.216072 216.0 0
  112.257133 16.1 0
  112.268616 92.0 0
  112.39578999999999 160.0 0
  112.48361999999999 216.0 0
  112.560341 196.0 0
  112.56648999999999 184.0 0
  112.613289 212.0 0
  112.75392199999999 196.0 0
  112.93938399999999 92.0 0
  113.004295 148.0 0
  113.26975999999999 220.0 0
  113.37638899999999 184.0 0
  113.378777 156.0 0
  113.440506 248.0 0
  113.947784 212.0 0
  114.05049899999999 95068.0 41
  114.079674 284.0 0
  114.089699 168.0 0
  114.18236499999999 152.0 0
  114.37235299999999 21.955681 0
  114.58461799999999 112.0 0
  114.67227199999999 196.0 0
  114.85228699999999 68.0 0
  114.998222 184.0 0
  115.00666 88.0 0
  115.054131 487.815704 0
  115.08367199999999 184.0 0
  115.142899 124.0 0
  115.393265 136.0 0
  115.642609 180.0 0
  115.66796099999999 140.0 0
  116.018051 184.0 0
  116.054604 280.0 0
  116.06291999999999 20.781389 0
  116.329498 184.0 0
  116.431839 136.0 0
  116.469917 136.0 0
  116.565384 120.0 0
  116.60893999999999 212.0 0
  116.741653 36.0 0
  116.878418 172.0 0
  116.97962199999999 184.0 0
  117.054237 240.0 0
  117.07095299999999 220.0 0
  117.07704199999999 164.0 0
  117.14435599999999 52.0 0
  117.24790999999999 172.0 0
  117.34845 176.0 0
  117.51844 112.0 0
  117.646667 164.0 0
  117.67186699999999 132.0 0
  117.76378799999999 36.0 0
  118.05161299999999 196.656403 0
  118.12185699999999 88.0 0
  118.197212 140.0 0
  118.29270899999999 208.0 0
  118.33803599999999 192.0 0
  118.36542499999999 352.0 0
  118.404091 140.0 0
  118.518898 140.0 0
  118.52301 21.721901 0
  118.687157 188.0 0
  118.715599 200.0 0
  118.758797 184.0 0
  118.94608299999999 216.0 0
  119.081902 304.0 0
  119.18182399999999 0.0 0
  119.24752799999999 100.0 0
  119.34017899999999 44.0 0
  119.63873299999999 184.0 0
  120.05162 178.0 0
  120.082657 148.0 0
  120.095688 192.0 0
  120.11224399999999 152.0 0
  120.131874 88.0 0
  120.188812 200.0 0
  120.195374 156.0 0
  120.21451599999999 224.0 0
  120.243568 184.0 0
  120.38634499999999 20.03253 0
  120.81852699999999 184.0 0
  120.821739 108.0 0
  120.896957 28.0 0
  120.991692 188.0 0
  121.059753 892.0 0
  121.11076399999999 152.0 0
  121.12300099999999 108.0709 0
  121.149345 16.41667 0
  121.192596 52.0 0
  121.46788 132.0 0
  121.57747699999999 36.0 0
  121.61885099999999 172.0 0
  121.685829 208.0 0
  121.773613 368.0 0
  121.77902999999999 156.0 0
  121.96599599999999 192.0 0
  122.031334 196.0 0
  122.06613899999999 188.0 0
  122.100822 120.0 0
  122.580795 136.0 0
  122.664688 180.0 0
  123.03401199999999 224.0 0
  123.045593 596.0 0
  123.05633499999999 218.682693 0
  123.08185599999999 168.0 0
  123.108009 164.0 0
  123.11458599999999 188.0 0
  123.237617 256.0 0
  123.245819 164.0 0
  123.39900999999999 12.17406 0
  124.021255 184.0 0
  124.051689 1064.0 0
  124.28581199999999 44.0 0
  124.6605 188.0 0
  124.826866 60.0 0
  124.862282 152.0 0
  124.87252 168.0 0
  125.041336 64.0 0
  125.047699 156.0 0
  125.09239199999999 124.0 0
  125.096581 172.0 0
  125.14137299999999 156.0 0
  125.20384999999999 76.0 0
  125.422249 144.0 0
  125.43955199999999 120.0 0
  125.83255799999999 156.0 0
  125.96607999999999 164.0 0
  126.02997599999999 176.0 0
  126.121887 152.0 0
  126.21374499999999 152.0 0
  126.30368 76.0 0
  126.31938199999999 100.0 0
  126.41658 25.08613 0
  126.43777499999999 7.668011 0
  126.552078 184.0 0
  126.791794 164.0 0
  127.022804 144.0 0
  127.031105 180.0 0
  127.03679699999999 184.0 0
  127.106033 84.0 0
  127.124054 144.0 0
  127.295715 144.0 0
  127.461693 64.0 0
  127.47744 96.0 0
  127.60336299999999 208.0 0
  127.83779899999999 160.0 0
  127.95285 112.0 0
  128.050278 2128.0 1
  128.061417 204.0 0
  128.097229 36.0 0
  128.48613 236.0 0
  128.597778 164.0 0
  128.679596 60.0 0
  128.70517 152.0 0
  128.73027 204.0 0
  128.932526 160.0 0
  128.99649 192.0 0
  129.06784100000002 308.0 0
  129.075073 32.0 0
  129.139084 43.765209 0
  129.448654 208.0 0
  129.704666 212.0 0
  129.875458 180.0 0
  129.965469 116.0 0
  130.04808 160.0 0
  130.068756 176.0 0
  130.09079 11.04529 0
  130.096909 200.0 0
  130.13497900000002 11.10884 0
  130.32745400000002 236.0 0
  130.397476 44.0 0
  130.632156 17.23267 0
  130.726028 200.0 0
  130.745202 148.0 0
  130.847061 88.0 0
  130.876328 152.0 0
  130.92215000000002 176.0 0
  131.016876 188.0 0
  131.044159 208.0 0
  131.06749000000002 192.0 0
  131.184113 112.0 0
  131.362549 192.0 0
  131.44828800000002 200.0 0
  131.840698 8.070313 0
  132.041809 108.561501 0
  132.049347 188.0 0
  132.09660300000002 33611.0 15
  132.173935 252.0 0
  132.211716 59.496891 0
  132.22674600000002 156.0 0
  132.34175100000002 16.354839 0
  132.45086700000002 84.0 0
  132.86247300000002 80.0 0
  132.99615500000002 196.0 0
  133.025848 180.0 0
  133.080429 105736.0 46
  133.18394500000002 152.0 0
  133.51741 148.0 0
  133.571045 120.0 0
  133.59993 164.0 0
  133.777039 40.0 0
  133.816605 188.0 0
  133.94944800000002 236.0 0
  133.99156200000002 184.0 0
  134.06251500000002 172.0 0
  134.083435 230.101807 0
  134.096436 144.0 0
  134.316757 36.0 0
  134.35271600000002 184.0 0
  134.36673000000002 204.0 0
  134.550476 148.0 0
  134.58457900000002 140.0 0
  134.702438 76.0 0
  135.00524900000002 152.0 0
  135.040466 2954.0 1
  135.143448 172.0 0
  135.148743 144.0 0
  135.19802900000002 240.0 0
  135.697357 160.0 0
  135.75418100000002 172.0 0
  136.02963300000002 296.0 0
  136.036194 228.0 0
  136.044281 180.0 0
  136.126678 144.0 0
  136.139847 60.0 0
  136.194763 148.0 0
  136.33419800000001 152.0 0
  136.34222400000002 48.0 0
  136.569626 120.0 0
  136.585876 140.0 0
  136.704437 92.0 0
  136.81369 136.0 0
  136.947113 96.0 0
  136.976212 56.29126 0
  136.990982 208.0 0
  137.042435 120.0 0
  137.060226 4988.0 2
  137.074295 128.0 0
  137.1026 164.0 0
  137.387863 204.0 0
  137.399689 108.0 0
  137.54454 148.0 0
  137.636703 144.0 0
  137.662362 180.0 0
  137.723648 152.0 0
  137.77757300000002 132.0 0
  138.010437 788.0 0
  138.055115 148.0 0
  138.05860900000002 140.0 0
  138.06270700000002 376.0 0
  138.479294 176.0 0
  138.77551300000002 140.0 0
  139.02946500000002 164.0 0
  139.052582 428.0 0
  139.09054600000002 112.0 0
  139.163757 152.0 0
  139.491669 76.0 0
  139.557587 5.834615 0
  139.875458 200.0 0
  139.997498 2636.0 1
  140.027283 184.0 0
  140.132584 140.0 0
  140.311081 44.0 0
  140.358414 168.0 0
  140.561005 92.0 0
  140.66438300000002 136.0 0
  141.07518000000002 136.0 0
  141.107895 92.0 0
  141.26400800000002 168.0 0
  141.438263 184.0 0
  141.584763 172.0 0
  141.699036 120.0 0
  141.745621 108.0 0
  141.99649000000002 212.0 0
  142.01619 2508.0 1
  142.07579 176.0 0
  142.086823 3164.0 1
  142.12042200000002 276.0 0
  142.256393 172.0 0
  142.322235 160.0 0
  142.35853600000002 232.0 0
  142.591721 148.0 0
  142.739304 176.0 0
  142.83586100000002 144.0 0
  143.03164700000002 112.0 0
  143.083878 995.947021 0
  143.139215 192.0 0
  143.51062000000002 200.0 0
  143.685165 160.0 0
  143.785257 204.0 0
  143.792801 256.0 0
  143.827682 228.0 0
  143.946075 204.0 0
  144.016876 140.0 0
  144.05526700000001 412.0 0
  144.311218 212.0 0
  144.41893000000002 80.0 0
  144.82260100000002 96.0 0
  145.02314800000002 204.0 0
  145.026382 956.0 0
  145.05465700000002 180.0 0
  145.101562 156.0 0
  145.114563 6.166667 0
  145.151779 4.333333 0
  145.169464 42.435459 0
  145.29156500000002 60.0 0
  145.550659 168.0 0
  145.91249100000002 204.0 0
  146.000854 304.0 0
  146.023163 1092.0 0
  146.056641 320.0 0
  146.068893 640.0 0
  146.30349700000002 64.0 0
  146.531754 260.0 0
  146.62454200000002 92.0 0
  146.671783 176.0 0
  146.720581 52.0 0
  146.809845 96.0 0
  146.89527900000002 96.0 0
  147.001709 116.0 0
  147.01400800000002 2304512.0 999
  147.072784 18540.0 8
  147.18689 184.0 0
  147.214066 136.0 0
  147.23323100000002 200.0 0
  147.453278 136.0 0
  147.559875 4.429119 0
  147.92579700000002 160.0 0
  147.950241 212.0 0
  147.958084 136.0 0
  148.11097700000002 332.0 0
  148.136017 120.0 0
  148.179337 104.0 0
  148.43893400000002 156.0 0
  148.489532 91.4701 0
  148.898392 36.0 0
  148.923584 204.0 0
  149.01606800000002 880.0 0
  149.02504000000002 100.0 0
  149.042221 1420.0 1
  149.051544 36504.0 16
  149.061203 840.0 0
  149.063714 619.0 0
  149.098007 312.0 0
  149.12278700000002 180.0 0
  149.231537 60.0 0
  149.53109700000002 136.0 0
  149.645981 184.0 0
  149.78538500000002 96.0 0
  149.831985 164.0 0
  150.037216 196.0 0
  150.04718 104.0 0
  150.11763000000002 140.0 0
  150.47702 164.0 0
  150.52229300000002 84.0 0
  150.744797 172.0 0
  150.89624 132.0 0
  151.06556700000002 288.0 0
  151.09350600000002 104.0 0
  151.134995 140.0 0
  151.213043 64.0 0
  151.309738 100.0 0
  151.429108 120.0 0
  151.578156 80.0 0
  151.627609 52.0 0
  151.825104 188.0 0
  151.827728 60.0 0
  151.84111000000001 128.0 0
  152.018539 168.0 0
  152.061417 324.0 0
  152.724533 180.0 0
  152.911041 168.0 0
  152.952347 32.0 0
  153.075623 188.0 0
  153.12300100000002 67.344162 0
  153.248016 56.0 0
  153.323792 168.0 0
  153.672821 76.0 0
  153.82148700000002 148.0 0
  153.855927 156.0 0
  154.066238 148.0 0
  154.07279300000002 160.0 0
  154.16107200000002 116.0 0
  154.340393 104.0 0
  154.651062 164.0 0
  154.81044 128.0 0
  154.90754700000002 28.0 0
  155.02298000000002 144.0 0
  155.031754 160.0 0
  155.08453400000002 152.0 0
  155.099915 164.0 0
  155.584122 140.0 0
  155.998672 148.0 0
  156.06187400000002 64261.0 28
  156.08178700000002 128.0 0
  156.372513 216.0 0
  156.87724300000002 5.015 0
  156.91592400000002 168.0 0
  156.971756 172.0 0
  157.04805000000002 10303.0 4
  157.06362900000002 164.0 0
  157.53628500000002 32.0 0
  157.75967400000002 232.0 0
  157.787567 184.0 0
  157.844604 132.0 0
  157.908264 176.0 0
  158.072632 580.0 0
  158.82930000000002 96.0 0
  158.93901100000002 6.133333 0
  158.964142 164.0 0
  159.060165 68.552551 0
  159.075073 13588.0 6
  159.08247400000002 540.0 0
  159.085129 508.0 0
  159.09381100000002 14.66667 0
  159.11776700000001 172.0 0
  159.323349 228.0 0
  159.686707 212.0 0
  159.77456 148.0 0
  160.150009 180.0 0
  160.289185 200.0 0
  160.424316 68.0 0
  160.427414 88.0 0
  160.521881 48.0 0
  160.796402 48.0 0
  161.060257 2288.0 1
  161.086243 28.0 0
  161.09535200000002 188.640305 0
  161.133057 324.0 0
  161.492813 124.0 0
  161.529434 220.0 0
  161.67970300000002 12.43254 0
  161.71940600000002 68.0 0
  161.889282 116.0 0
  162.10647600000001 196.0 0
  162.232727 6.604497 0
  162.494888 6.647467 0
  162.772888 92.0 0
  162.820206 164.0 0
  162.880783 188.0 0
  163.033997 30564.0 13
  163.091415 164.0 0
  163.152267 168.0 0
  163.32543900000002 120.0 0
  163.46339400000002 68.0 0
  163.640564 32.0 0
  164.07174700000002 2256.0 1
  164.199524 152.0 0
  164.27143900000002 120.0 0
  164.57063300000002 136.0 0
  164.620834 204.0 0
  164.88797 43.985352 0
  165.06955000000002 19552.0 8
  165.072739 1532.0 1
  165.09625200000002 148.0 0
  165.282196 144.0 0
  165.456894 7.005952 0
  165.657654 248.0 0
  165.758163 116.0 0
  166.07234200000002 152.0 0
  166.087509 376.9133 0
  166.106705 156.0 0
  166.190292 33.81609 0
  166.35823100000002 160.0 0
  166.69992100000002 64.0 0
  166.916428 164.0 0
  167.01976000000002 144.0 0
  167.04361 168.0 0
  167.08604400000002 472.0 0
  167.251114 128.0 0
  167.26326 72.0 0
  167.400803 4.53125 0
  167.952896 80.0 0
  168.07449300000002 196.0 0
  168.171005 52.0 0
  168.177063 136.0 0
  168.206757 144.0 0
  168.215012 148.0 0
  168.300003 144.0 0
  168.555496 128.0 0
  168.658401 132.0 0
  168.723129 112.0 0
  168.927353 156.0 0
  169.04499800000002 156.0 0
  169.066223 296.0 0
  169.151535 88.0 0
  169.154175 168.0 0
  169.399536 64.0 0
  169.512619 132.0 0
  169.65815700000002 128.0 0
  170.02589400000002 390.485291 0
  170.10484300000002 1888.0 1
  170.51254300000002 104.0 0
  170.721786 96.0 0
  170.977753 192.0 0
  171.03405800000002 68.0 0
  171.113541 1284.0 1
  171.49374400000002 112.0 0
  171.801712 152.0 0
  172.47091700000001 108.0 0
  172.974915 64.0 0
  173.13656600000002 232.0 0
  174.05555700000002 148.0 0
  174.132126 360.0 0
  174.134949 112.0 0
  174.26580800000002 212.0 0
  174.283997 84.0 0
  174.630356 192.0 0
  175.01757800000001 616.0 0
  175.04362500000002 112.0 0
  175.60273700000002 180.0 0
  175.9897 128.0 0
  176.105026 460.0 0
  176.393311 188.0 0
  176.500412 176.0 0
  176.623062 76.0 0
  177.045715 439.0 0
  177.053131 9664.0 4
  177.055801 488.0 0
  177.48872400000002 136.0 0
  177.61367800000002 176.0 0
  177.811508 2.695513 0
  177.841644 152.0 0
  177.895813 112.0 0
  178.182266 148.0 0
  178.275223 10449.834961 5
  178.585602 232.0 0
  178.60231000000002 164.0 0
  178.715134 232.0 0
  179.07077 64.0 0
  179.44429 116.0 0
  179.556625 140.0 0
  179.597946 136.0 0
  179.683502 164.0 0
  180.062958 172.0 0
  180.26834100000002 56.0 0
  180.422928 104.0 0
  180.72520400000002 104.0 0
  181.01183400000002 284.0 0
  181.07260100000002 57192.0 25
  181.08247400000002 83518.0 36
  181.504715 240.0 0
  182.062546 436.0 0
  182.081848 216.0 0
  182.091995 14117.0 6
  182.107819 112.0 0
  182.488876 76.0 0
  182.715698 188.0 0
  182.784119 84.0 0
  183.069931 180.0 0
  183.076309 1096.0 0
  183.094986 196.0 0
  183.14750700000002 177.776901 0
  183.18249500000002 60.0 0
  183.416672 164.0 0
  183.48928800000002 416.0 0
  183.532318 216.0 0
  183.73992900000002 240.0 0
  183.76306200000002 96.0 0
  183.943466 176.0 0
  184.04405200000002 180.0 0
  184.06298800000002 144.0 0
  184.07749900000002 876.0 0
  184.101974 176.0 0
  184.26031500000002 32.0 0
  184.531448 40.0 0
  184.620346 15.50249 0
  184.71637 200.0 0
  184.88259200000002 180.0 0
  185.09625200000002 152.0 0
  185.20884700000002 172.0 0
  185.268967 40.0 0
  185.40094000000002 17.548611 0
  185.408401 188.0 0
  185.482132 232.0 0
  185.59269700000002 132.0 0
  185.678223 220.0 0
  185.951309 64.0 0
  186.000222 170.0 0
  186.007019 164.0 0
  186.106201 4.005682 0
  186.475189 192.0 0
  187.03633100000002 1130274.0 490
  187.039627 280.0 0
  187.050354 348.0 0
  187.243011 21.76552 0
  187.282837 176.0 0
  187.353287 39.539009 0
  187.561234 152.0 0
  187.56637600000002 6.432398 0
  187.572357 64.0 0
  188.06073 140.0 0
  188.144135 148.0 0
  188.233673 28.0 0
  188.54238900000001 216.0 0
  188.830444 108.0 0
  188.891006 76.0 0
  189.035797 480.0 0
  189.042077 1013.0 0
  189.053436 2160.0 1
  189.136765 276.0 0
  189.169556 80.0 0
  189.25285300000002 84.0 0
  189.560745 152.0 0
  190.015244 22.578148 0
  190.027908 112.0 0
  190.06311 184.0 0
  190.30496200000002 44.0 0
  190.40652500000002 40.646259 0
  190.432602 3.667262 0
  190.607468 120.0 0
  190.91626000000002 224.0 0
  191.019623 497.0 0
  191.07663 360.0 0
  191.119614 116.0 0
  191.263458 84.0 0
  191.377747 104.0 0
  191.62733500000002 132.0 0
  191.722534 72.0 0
  192.11921700000002 96.0 0
  193.01928700000002 144.0 0
  193.053268 308.0 0
  193.076996 540.0 0
  193.157532 136.0 0
  193.66272 40.0 0
  193.856232 84.0 0
  194.864777 104.0 0
  195.065125 1791.05896 1
  195.079529 188.0 0
  195.089874 148.0 0
  195.100433 16199.0 7
  195.34707600000002 136.0 0
  196.039047 172.0 0
  196.08685300000002 424.0 0
  196.397995 136.0 0
  196.870911 8.03592 0
  197.053619 3193.0 1
  197.484879 5.0 0
  197.579926 176.0 0
  197.79551700000002 152.0 0
  198.089798 180.0 0
  198.134857 196.0 0
  198.330917 120.0 0
  198.807266 18.64854 0
  199.02659 148.0 0
  199.10733000000002 104.0 0
  200.03881800000002 139.0 0
  200.045319 200.0 0
  200.109726 596.0 0
  201.055023 1684.0 1
  201.102371 132.0 0
  201.500198 108.0 0
  201.603027 152.0 0
  202.017563 184.0 0
  202.12570200000002 80.0 0
  202.332764 92.0 0
  202.898422 124.0 0
  202.962448 160.0 0
  203.007629 5522.384766 2
  203.179001 1580.0 1
  203.291321 188.0 0
  204.01800500000002 7089.0 3
  204.030441 156.0 0
  204.07215200000002 1707.0 1
  204.18026700000001 172.0 0
  204.463821 188.0 0
  204.541061 72.0 0
  205.325058 36.814919 0
  205.554001 144.0 0
  205.65538 384.0 0
  205.970032 4.408333 0
  206.103745 268.0 0
  206.237427 144.0 0
  206.710342 72.0 0
  206.714676 188.0 0
  207.040207 448.0 0
  207.083817 196.0 0
  207.10112 1184.0 1
  207.14038100000002 40.0 0
  207.331345 124.0 0
  207.37338300000002 103.057098 0
  207.673874 248.0 0
  207.68739300000001 148.0 0
  207.69094800000002 140.0 0
  207.802582 168.0 0
  208.189331 112.0 0
  208.19982900000002 164.0 0
  208.398178 72.0 0
  208.62200900000002 100.0 0
  208.86792 96.0 0
  209.048767 312.0 0
  209.353027 10.48176 0
  209.478622 37.111111 0
  210.090225 900.0 0
  210.586746 96.0 0
  210.618027 40.0 0
  212.105392 563.841675 0
  212.38642900000002 128.0 0
  212.511612 2.55607 0
  212.872192 120.0 0
  213.02049300000002 144.0 0
  213.067596 440.0 0
  213.29525800000002 104.0 0
  213.77293400000002 96.0 0
  213.805466 36.0 0
  213.874313 208.0 0
  214.05247500000002 188.0 0
  214.08522000000002 700.0 0
  214.09549 140.0 0
  214.757767 204.0 0
  215.064774 308.0 0
  215.138184 124.0 0
  215.521255 176.0 0
  216.16085800000002 208.0 0
  216.199265 224.0 0
  216.31324800000002 124.0 0
  216.873734 160.0 0
  216.88793900000002 64.0 0
  217.080948 2507.0 1
  217.15335100000001 18.89043 0
  217.219131 11.40789 0
  217.25538600000002 80.0 0
  217.282272 180.0 0
  217.40309100000002 172.0 0
  217.476913 248.0 0
  217.593903 128.0 0
  217.64703400000002 164.0 0
  217.757431 68.0 0
  217.786469 72.0 0
  217.841125 160.0 0
  218.02551300000002 56.0 0
  218.43609600000002 8.043859 0
  219.089798 488.0 0
  219.468628 160.0 0
  219.601212 120.0 0
  219.807861 124.0 0
  219.98893700000002 216.0 0
  220.610138 144.0 0
  220.993134 88.0 0
  221.04594400000002 168.0 0
  221.055069 276.0 0
  221.070724 2104.0 1
  221.12243700000002 640.0 0
  221.299362 46.284531 0
  221.992523 160.0 0
  222.05719000000002 7300.0 3
  222.068069 26304.0 11
  222.09693900000002 168.0 0
  222.10600300000002 188.0 0
  222.410736 124.0 0
  223.095413 700.0 0
  223.42222 160.0 0
  223.97070300000001 160.0 0
  223.98048400000002 40.0 0
  224.328461 144.0 0
  224.488708 28.0 0
  224.508057 224.0 0
  224.61938500000002 128.0 0
  224.93022200000001 156.0 0
  225.125671 1487.0 1
  225.157013 156.0 0
  225.166672 3.215372 0
  225.24276700000001 200.0 0
  225.751923 152.0 0
  225.779999 15.69163 0
  226.74156200000002 156.0 0
  226.891724 164.0 0
  227.02433100000002 1776.0 1
  227.05001800000002 148.0 0
  227.086746 180.0 0
  227.10771200000002 276.0 0
  227.11682100000002 728.0 0
  227.14476000000002 180.0 0
  227.189713 479.091187 0
  227.561005 140.0 0
  227.596375 200.0 0
  227.610825 60.844818 0
  228.55058300000002 12.13564 0
  229.079575 2263.0 1
  230.527267 176.0 0
  230.662033 88.0 0
  231.007721 180.0 0
  231.090363 10.07576 0
  231.111756 200.0 0
  231.166016 148.0 0
  231.579742 5.333333 0
  231.968857 120.0 0
  232.054108 248.0 0
  232.27507 8.45 0
  232.283249 168.0 0
  232.762054 140.0 0
  233.69665500000002 148.0 0
  233.708557 108.0 0
  234.02623 168.0 0
  234.09620700000002 32142.0 14
  234.23584 160.0 0
  234.749313 180.0 0
  234.99610900000002 168.0 0
  235.037766 32551.0 14
  235.132431 2176.0 1
  235.141434 1407.0 1
  235.708947 144.0 0
  235.880798 140.0 0
  236.0281 120.0 0
  236.032196 156.0 0
  236.102844 148.0 0
  236.162415 136.0 0
  236.942825 60.0 0
  237.00778200000002 128.0 0
  237.087036 36.0 0
  237.091095 620.0 0
  237.161484 1272.0 1
  237.187668 464.0 0
  237.21769700000002 140.0 0
  237.41420000000002 84.0 0
  238.400314 72.0 0
  238.5215 152.0 0
  238.98121600000002 140.0 0
  239.03109700000002 316.0 0
  239.106049 1524.0 1
  239.845673 224.0 0
  239.87698400000002 84.0 0
  240.024429 156.0 0
  240.242386 12416.0 5
  240.67021200000002 92.0 0
  240.933792 152.0 0
  241.12548800000002 160.0 0
  241.137719 552.0 0
  241.490936 144.0 0
  241.68820200000002 124.0 0
  242.030243 280.0 0
  242.149811 144.0 0
  242.25666800000002 132.0 0
  242.45134000000002 4.040948 0
  243.0224 128.0 0
  243.078262 132.0 0
  243.24743700000002 164.0 0
  244.13600200000002 196.0 0
  244.165588 188.0 0
  244.27113300000002 144.0 0
  245.093613 4088.0 2
  245.099152 176.0 0
  245.26506 228.0 0
  245.438095 23.50601 0
  245.45721400000002 160.0 0
  245.671478 136.0 0
  246.097 168.0 0
  246.10754400000002 139549.0 60
  246.161392 164.0 0
  246.718781 164.0 0
  247.042587 3288.270996 1
  247.52156100000002 96.0 0
  249.082443 3.0 0
  249.49220300000002 300.0 0
  250.133743 276.0 0
  250.16944900000001 128.0 0
  251.507111 56.0 0
  252.478967 244.0 0
  252.977585 208.0 0
  253.06062300000002 6314.0 3
  253.42894 152.0 0
  253.449997 2.281667 0
  253.63548300000002 192.0 0
  253.884659 52.0 0
  254.071259 5557.0 2
  254.126617 60.0 0
  254.152161 456.0 0
  254.56990100000002 136.0 0
  254.77113300000002 96.0 0
  254.956345 148.0 0
  255.174271 464.0 0
  255.23147600000001 204.0 0
  255.425766 34.680561 0
  255.735825 160.0 0
  256.013916 188.0 0
  256.44509899999997 88.0 0
  256.700073 28.0 0
  256.938965 164.0 0
  258.0 1.669055 0
  258.104065 180.0 0
  258.152771 52.0 0
  258.909271 180.0 0
  258.992096 308.0 0
  259.056274 296.0 0
  260.143585 38036.0 16
  260.511627 192.0 0
  261.122345 144.0 0
  261.15054299999997 452.0 0
  261.73159799999996 132.0 0
  262.007629 92.0 0
  262.077942 112.0 0
  262.13320899999997 192.0 0
  262.20559699999995 180.0 0
  263.144073 224.0 0
  263.17785599999996 176.0 0
  263.526123 128.0 0
  264.063904 188.0 0
  264.07577499999996 144.0 0
  264.124146 17388.0 8
  264.42117299999995 140.0 0
  264.63964799999997 2.791667 0
  265.100006 136.0 0
  266.112885 184.0 0
  266.430298 88.0 0
  266.48785399999997 76.0 0
  266.866608 76.0 0
  267.098755 172.0 0
  267.596924 47.995941 0
  268.09423799999996 140.0 0
  268.67715499999997 92.0 0
  268.72430399999996 128.0 0
  269.085876 136.0 0
  269.484833 164.0 0
  270.065186 643.554016 0
  270.08313 56.0 0
  270.11492899999996 284.0 0
  270.244439 140.0 0
  270.38324 124.0 0
  270.483521 160.0 0
  270.58126799999997 136.0 0
  271.150421 132.0 0
  271.668701 64.0 0
  272.081635 36.066669 0
  272.85497999999995 8.542969 0
  273.10436999999996 212.0 0
  273.112732 3010.0 1
  273.883179 116.0 0
  274.04022199999997 5095.0 2
  274.06625399999996 56.0 0
  274.532745 220.0 0
  274.745453 64.0 0
  276.16885399999995 1.293135 0
  276.668274 140.0 0
  276.894562 36.0 0
  277.099518 140.0 0
  277.125299 916.0 0
  277.14083899999997 1464.0 1
  277.414673 64.0 0
  277.532745 144.0 0
  278.031006 1135251.0 492
  278.869965 172.0 0
  279.058472 136.0 0
  279.07486 72.0 0
  279.112823 100.0 0
  280.83050499999996 12.33621 0
  281.137482 44.0 0
  281.756653 44.0 0
  282.179016 172.0 0
  282.38836699999996 220.0 0
  282.43972099999996 148.0 0
  283.03328799999997 228.0 0
  283.14068599999996 4538.0 2
  283.442932 15.02778 0
  283.93514999999996 84.0 0
  284.122192 72.0 0
  284.469513 140.0 0
  284.609711 3.508929 0
  285.00021399999997 144.0 0
  285.276794 152.0 0
  285.35952799999995 144.0 0
  285.56890899999996 128.0 0
  285.999237 160.0 0
  286.065796 221.291794 0
  287.646759 116.0 0
  287.903931 112.0 0
  288.07018999999997 248.0 0
  288.627014 232.0 0
  289.12197899999995 132.0 0
  289.233948 22.52446 0
  289.828491 156.0 0
  291.73193399999997 120.0 0
  292.08374 28.053761 0
  292.93154899999996 176.0 0
  294.993774 140.0 0
  294.997498 148.0 0
  295.121155 247.741806 0
  295.910492 72.0 0
  296.20010399999995 284.0 0
  297.179077 2256.0 1
  297.66204799999997 76.0 0
  298.81307999999996 152.0 0
  299.180298 104.0 0
  299.668365 80.0 0
  300.14883399999997 556.0 0
  301.03833 140.0 0
  301.125793 15.83446 0
  301.150146 168.0 0
  301.29708899999997 108.0 0
  302.103485 284.0 0
  302.182556 1.931469 0
  303.08941699999997 100.0 0
  303.104858 164.0 0
  303.94872999999995 132.0 0
  305.92321799999996 104.0 0
  306.09732099999997 144.0 0
  306.352173 140.0 0
  306.733887 92.0 0
  307.073608 591.0 0
  307.079254 1572.0 1
  308.83822599999996 84.0 0
  310.59173599999997 88.0 0
  311.23053 212.0 0
  312.404694 104.0 0
  313.47103899999996 76.0 0
  314.67202799999995 124.0 0
  316.153625 8860.0 4
  316.23107899999997 56.0 0
  316.50778199999996 85.426407 0
  316.70077499999996 100.0 0
  317.10650599999997 102.0 0
  317.410126 184.0 0
  317.63964799999997 176.0 0
  318.031433 132.0 0
  318.72396899999995 61.34713 0
  320.522583 184.0 0
  321.489471 84.0 0
  322.219543 192.0 0
  323.76370199999997 168.0 0
  324.686035 68.0 0
  324.822479 96.0 0
  325.100372 196.0 0
  326.58078 124.0 0
  326.73053 180.0 0
  326.77297999999996 160.0 0
  327.733002 112.0 0
  327.73999 120.0 0
  328.06573499999996 48.0 0
  328.66497799999996 68.0 0
  330.181824 1.488175 0
  330.80188 220.0 0
  332.245392 148.0 0
  333.12439 9.082237 0
  333.50640899999996 120.0 0
  333.92807 76.0 0
  334.083527 848.0 0
  334.55389399999996 124.0 0
  337.08145099999996 148.0 0
  338.05456499999997 176.0 0
  338.51989699999996 44.068481 0
  340.61724899999996 172.0 0
  341.781891 128.0 0
  342.152039 10688.150391 5
  342.81924399999997 26.03887 0
  343.088074 1164.0 1
  344.28225699999996 10.5 0
  345.066803 224.0 0
  346.188782 324.0 0
  347.05114699999996 112.0 0
  349.096795 1075.0 0
  349.82501199999996 176.0 0
  352.163544 2899.0 1
  356.32321199999996 88.0 0
  356.513489 148.0 0
  357.372192 120.0 0
  359.27410899999995 12.44231 0
  359.50676799999997 140.0 0
  359.513519 2.0 0
  361.902893 136.0 0
  362.42334 144.0 0
  362.506439 148.0 0
  362.54617299999995 160.0 0
  363.11731 76.0 0
  364.115997 616.0 0
  364.61092499999995 184.0 0
  364.85455299999995 132.0 0
  365.11346399999996 96.0 0
  365.25 64.569031 0
  366.14885799999996 984.0 0
  366.434601 124.0 0
  367.144257 103.0 0
  367.41567999999995 180.0 0
  367.592743 264.0 0
  368.97524999999996 152.0 0
  370.090485 540.0 0
  374.05432099999996 40.148849 0
  374.54040499999996 112.0 0
  375.00048799999996 152.0 0
  375.00701899999996 124.0 0
  375.06170699999996 356.0 0
  375.15304599999996 93391.0 40
  376.88543699999997 132.0 0
  377.105927 120.0 0
  380.174127 212.0 0
  381.774567 120.0 0
  381.86904899999996 124.0 0
  382.476471 160.0 0
  386.26059 144.0 0
  387.97534199999996 112.0 0
  388.139618 10808.0 5
  388.27178999999995 39.803791 0
  388.627686 176.0 0
  389.520691 116.0 0
  391.273034 602.0 0
  391.40356399999996 192.0 0
  393.335358 216.0 0
  393.536316 18.533331 0
  394.17041 304.0 0
  394.645355 7.208333 0
  396.112122 176.0 0
  398.66360499999996 140.0 0
  399.861023 112.0 0
  400.421722 4.926697 0
  402.576508 84.0 0
  403.89154099999996 192.0 0
  405.8125 9.400001 0
  407.988342 108.0 0
  408.990845 156.0 0
  409.38183599999996 156.0 0
  410.846344 55.207031 0
  414.01019299999996 72.0 0
  414.39111299999996 188.0 0
  418.20928999999995 200.0 0
  418.295258 172.0 0
  420.02392599999996 72.0 0
  421.97723399999995 13069.0 6
  425.215424 160.0 0
  427.15768399999996 31.30357 0
  428.173523 288.0 0
  428.503815 156.0 0
  430.54547099999996 1.479761 0
  432.125763 160.0 0
  433.21297599999997 7376.0 3
  438.672852 104.0 0
  439.852783 108.0 0
  441.830475 140.0 0
  442.14926099999997 131008.0 57
  442.181824 0.833657 0
  450.160034 4245.452148 2
  450.93978899999996 40.0 0
  454.28543099999996 240.0 0
  455.14403699999997 564.0 0
  459.827545 52.0 0
  460.282739 132.0 0
  461.090912 2.393638 0
  461.42819199999997 80.0 0
  461.69039899999996 120.0 0
  466.24438499999997 204.0 0
  466.41268299999996 44.0 0
  467.54598999999996 316.0 0
  467.820831 204.0 0
  468.13546099999996 476.0 0
  470.043701 48.0 0
  471.15142799999995 160.0 0
  475.69235199999997 48.0 0
  478.105103 144.0 0
  479.809716 140.0 0
  487.637414 108.0 0
  489.23605299999997 54.432919 0
  489.490143 176.0 0
  492.33334399999995 80.0 0
  509.633179 9728.266602 4
  515.0416260000001 232.387344 0
  518.33313 241544.0 105
//
