ACCESSION: CCMSLIB00000079395
RECORD_TITLE: decoy
DATE: 2015.11.20
AUTHORS: Administrator
LICENSE: CC BY-SA
CH$NAME: decoy
CH$COMPOUND_CLASS: Natural Product
CH$FORMULA: C30H35N5O4
CH$EXACT_MASS: 529.2689046
CH$SMILES: N/A
CH$IUPAC: decoy
CH$LINK: N/A
AC$INSTRUMENT: decoy
AC$INSTRUMENT_TYPE: decoy
AC$MASS_SPECTROMETRY: MS_TYPE MS2
AC$MASS_SPECTROMETRY: ION_MODE POSITIVE
AC$MASS_SPECTROMETRY: COLLISION_ENERGY 10 V
MS$FOCUSED_ION: PRECURSOR_M/Z 530
MS$FOCUSED_ION: PRECURSOR_TYPE [M+H]+
PK$NUM_PEAK: 3777
PK$PEAK: m/z int. rel.int.
  42.46072 14.08654 0
  44.940651 276.0 0
  45.036648 180.0 0
  45.244648 52.0 0
  45.358067 136.0 0
  45.379269 172.0 0
  45.443977000000004 168.0 0
  45.486645 180.0 0
  45.500729 132.0 0
  45.637104 324.0 0
  45.655548 200.0 0
  45.76231 140.0 0
  45.774227 196.0 0
  45.863655 176.0 0
  45.908508000000005 124.0 0
  45.923855 132.0 0
  45.991341 56.0 0
  46.19883 152.0 0
  46.460125000000005 192.0 0
  46.501415 52.0 0
  46.5424 72.0 0
  46.545868 180.0 0
  46.595596 240.0 0
  46.719479 52.0 0
  46.769405 208.0 0
  46.827831 168.0 0
  46.890808 140.0 0
  46.896267 168.0 0
  46.947765000000004 196.0 0
  47.063763 164.0 0
  47.137032000000005 144.0 0
  47.226669 220.0 0
  47.315083 172.0 0
  47.389442 188.0 0
  47.425411000000004 160.0 0
  47.81908 88.0 0
  47.875126 200.0 0
  48.010685 148.0 0
  48.142403 208.0 0
  48.16333 184.0 0
  48.198864 104.0 0
  48.433777 240.0 0
  48.467495 168.0 0
  48.574841 164.0 0
  48.600296 104.0 0
  48.668171 160.0 0
  48.684765 152.0 0
  48.809658 124.0 0
  48.845306 176.0 0
  48.849667000000004 188.0 0
  48.873238 224.0 0
  49.093605000000004 184.0 0
  49.120304000000004 164.0 0
  49.149513 168.0 0
  49.191319 168.0 0
  49.489906000000005 140.0 0
  49.515438 264.0 0
  49.563938 164.0 0
  49.655243 144.0 0
  50.135406 236.0 0
  50.150845000000004 200.0 0
  50.158844 184.0 0
  50.609352 168.0 0
  50.647808000000005 140.0 0
  50.684731 232.0 0
  50.689758000000005 192.0 0
  50.775780000000005 248.0 0
  50.984665 220.0 0
  51.078537000000004 200.0 0
  51.162807 188.0 0
  51.340004 84.0 0
  51.347279 84.0 0
  51.704762 164.0 0
  51.707432000000004 272.0 0
  51.721909000000004 144.0 0
  51.756023 136.0 0
  51.762035000000004 144.0 0
  51.79755 280.0 0
  51.963646000000004 148.0 0
  52.071846 148.0 0
  52.127735 168.0 0
  52.160267000000005 244.0 0
  52.375027 176.0 0
  52.406006000000005 136.0 0
  52.414455000000004 152.0 0
  52.71801 156.0 0
  52.810863000000005 52.0 0
  52.981934 152.0 0
  53.031742 104.0 0
  53.036728000000004 192.0 0
  53.043556 144.0 0
  53.088379 152.0 0
  53.180820000000004 172.0 0
  53.215187 116.0 0
  53.356567 136.0 0
  53.402336 232.0 0
  53.723175000000005 52.0 0
  53.742352000000004 140.0 0
  53.843872000000005 204.0 0
  54.116608 116.0 0
  54.139313 124.0 0
  54.335995000000004 168.0 0
  54.348728 156.0 0
  54.391495 184.0 0
  54.478764 180.0 0
  54.631725 232.0 0
  54.699829 176.0 0
  54.784931 28.0 0
  54.907921 168.0 0
  54.935951 168.0 0
  54.967888 184.0 0
  54.992847000000005 124.0 0
  55.052456 140.0 0
  55.295021 192.0 0
  55.323399 164.0 0
  55.395023 184.0 0
  55.618614 80.0 0
  55.679173 208.0 0
  55.899468 344.0 0
  56.020866 192.0 0
  56.062431000000004 52.0 0
  56.217587 64.0 0
  56.244747000000004 220.0 0
  56.337566 200.0 0
  56.344116 140.0 0
  56.433407 156.0 0
  56.463165000000004 88.0 0
  56.622879000000005 164.0 0
  56.649597 208.0 0
  56.715981 168.0 0
  56.742798 224.0 0
  56.896492 64.0 0
  56.929588 136.0 0
  57.10289 164.0 0
  57.132111 152.0 0
  57.148056000000004 184.0 0
  57.269035 144.0 0
  57.334057 172.0 0
  57.39389 124.0 0
  57.467167 180.0 0
  57.544418 148.0 0
  57.678417 188.0 0
  57.681027 148.0 0
  57.762615000000004 192.0 0
  57.781628000000005 308.0 0
  57.813065 228.0 0
  57.876911 92.0 0
  57.957176000000004 160.0 0
  57.993713 164.0 0
  58.066936 14.22778 0
  58.108826 224.0 0
  58.181084 132.0 0
  58.441353 184.0 0
  58.468964 140.0 0
  58.482288000000004 216.0 0
  58.532154 148.0 0
  58.576408 152.0 0
  58.641365 216.0 0
  58.733345 188.0 0
  58.775742 208.0 0
  58.783741 128.0 0
  58.785805 132.0 0
  58.857647 28.0 0
  58.890190000000004 200.0 0
  58.909092 0.0 0
  58.937275 212.0 0
  58.97617 120.0 0
  59.052891 192.0 0
  59.153183 240.0 0
  59.183563 204.0 0
  59.209221 140.0 0
  59.249065 160.0 0
  59.267406 128.0 0
  59.664879 172.0 0
  59.719391 260.0 0
  59.733559 64.0 0
  59.85593 232.0 0
  59.953415 172.0 0
  59.97105 260.0 0
  60.150684 100.0 0
  60.222755 132.0 0
  60.328827000000004 184.0 0
  60.511856 224.0 0
  60.568829 132.0 0
  60.905972 156.0 0
  61.045013000000004 184.0 0
  61.100189 160.0 0
  61.360306 92.0 0
  61.36882 276.0 0
  61.494469 132.0 0
  61.617809 52.0 0
  61.805191 64.0 0
  61.930721 140.0 0
  61.940128 196.0 0
  61.988422 204.0 0
  62.069073 316.0 0
  62.256611 132.0 0
  62.284027 168.0 0
  62.319977 196.0 0
  62.373337 196.0 0
  62.390587000000004 148.0 0
  62.526985 208.0 0
  62.596054 64.0 0
  62.620907 56.0 0
  63.026268 172.0 0
  63.071674 116.0 0
  63.113407 172.0 0
  63.126301 160.0 0
  63.169659 192.0 0
  63.205994000000004 196.0 0
  63.511986 156.0 0
  63.520988 100.0 0
  63.666927 196.0 0
  63.803493 156.0 0
  64.174744 164.0 0
  64.238495 240.0 0
  64.27549 132.0 0
  64.378372 176.0 0
  64.438889 116.0 0
  64.580818 160.0 0
  64.744827 160.0 0
  64.760544 148.0 0
  64.81399499999999 156.0 0
  65.014648 176.0 0
  65.051773 156.0 0
  65.114273 160.0 0
  65.16609199999999 160.0 0
  65.366051 156.0 0
  65.413139 184.0 0
  65.41961699999999 224.0 0
  65.706108 132.0 0
  65.812653 92.0 0
  65.964157 168.0 0
  66.110451 208.0 0
  66.162498 108.0 0
  66.23938 188.0 0
  66.322914 184.0 0
  66.41096499999999 224.0 0
  66.71540999999999 140.0 0
  66.96504999999999 140.0 0
  67.03978 176.0 0
  67.145012 168.0 0
  67.19912 204.0 0
  67.21884899999999 92.0 0
  67.259323 164.0 0
  67.32693499999999 180.0 0
  67.337257 176.0 0
  67.378799 160.0 0
  67.38885499999999 136.0 0
  67.626617 220.0 0
  67.673913 152.0 0
  67.749535 204.0 0
  67.788017 160.0 0
  67.96760599999999 144.0 0
  68.030502 172.0 0
  68.034601 196.0 0
  68.102386 96.0 0
  68.418098 208.0 0
  68.432693 220.0 0
  68.470856 140.0 0
  68.48550399999999 188.0 0
  68.502403 112.0 0
  68.505516 188.0 0
  68.51064299999999 156.0 0
  68.641167 148.0 0
  68.659691 132.0 0
  68.69489399999999 164.0 0
  68.745667 172.0 0
  68.89583599999999 136.0 0
  68.93450899999999 180.0 0
  68.9571 172.0 0
  69.06794699999999 1418.256958 0
  69.227379 128.0 0
  69.421585 92.0 0
  69.484428 152.0 0
  69.74398 144.0 0
  69.78963499999999 184.0 0
  69.82425699999999 140.0 0
  69.928085 176.0 0
  69.94279499999999 220.0 0
  69.986031 120.0 0
  70.10234799999999 72.0 0
  70.155121 200.0 0
  70.20135499999999 232.0 0
  70.230492 196.0 0
  70.45118699999999 120.0 0
  70.50109099999999 176.0 0
  70.783813 84.0 0
  70.83837899999999 100.0 0
  70.90255699999999 152.0 0
  71.004128 100.0 0
  71.00924699999999 176.0 0
  71.09044 236.0 0
  71.09262799999999 332.0 0
  71.213921 192.0 0
  71.560425 144.0 0
  71.57354699999999 224.0 0
  71.68575299999999 156.0 0
  71.77455099999999 184.0 0
  71.783722 188.0 0
  71.795273 172.0 0
  71.84556599999999 164.0 0
  72.11288499999999 140.0 0
  72.12567899999999 112.0 0
  72.33815 184.0 0
  72.435547 180.0 0
  72.666489 148.0 0
  72.723 212.0 0
  72.926582 156.0 0
  72.93444799999999 212.0 0
  73.18363199999999 184.0 0
  73.310707 160.0 0
  73.407135 164.0 0
  73.49423999999999 152.0 0
  73.60189799999999 124.0 0
  73.69341299999999 212.0 0
  73.697464 168.0 0
  73.70150799999999 152.0 0
  73.836334 164.0 0
  73.892303 240.0 0
  74.09884799999999 160.0 0
  74.149193 116.0 0
  74.29931599999999 180.0 0
  74.338837 208.0 0
  74.4879 188.0 0
  74.654404 168.0 0
  75.232368 196.0 0
  75.240822 124.0 0
  75.449356 108.0 0
  75.51088 192.0 0
  75.53756 164.0 0
  75.57816299999999 152.0 0
  75.699913 160.0 0
  75.71961999999999 140.0 0
  75.74292799999999 276.0 0
  75.863953 148.0 0
  75.95174399999999 124.0 0
  76.060524 188.0 0
  76.063614 84.0 0
  76.06573499999999 228.0 0
  76.113739 236.0 0
  76.14555399999999 164.0 0
  76.261635 124.0 0
  76.461716 204.0 0
  76.472893 152.0 0
  76.793892 140.0 0
  76.86116 272.0 0
  76.90476199999999 196.0 0
  76.927139 164.0 0
  76.941727 176.0 0
  76.994171 196.0 0
  77.103966 156.0 0
  77.125496 240.0 0
  77.201843 172.0 0
  77.26014699999999 132.0 0
  77.377235 188.0 0
  77.43924 128.0 0
  77.655045 172.0 0
  77.84120899999999 180.0 0
  77.862404 168.0 0
  78.444542 164.0 0
  78.469383 120.0 0
  78.73834199999999 96.0 0
  78.757172 304.0 0
  78.806747 188.0 0
  78.910713 10.01389 0
  78.99736 156.0 0
  79.13336199999999 204.0 0
  79.24711599999999 276.0 0
  79.322464 140.0 0
  79.43242599999999 140.0 0
  79.44242899999999 156.0 0
  79.59976999999999 164.0 0
  79.794991 196.0 0
  79.863625 156.0 0
  79.96521 112.0 0
  79.994354 128.0 0
  80.03113599999999 284.0 0
  80.03384399999999 120.0 0
  80.136108 196.0 0
  80.17422499999999 140.0 0
  80.386742 188.0 0
  80.69273399999999 184.0 0
  80.71335599999999 152.0 0
  80.734207 140.0 0
  80.782715 140.0 0
  80.81102 168.0 0
  81.163597 220.0 0
  81.336838 264.0 0
  81.34015699999999 140.0 0
  81.392815 148.0 0
  81.41813699999999 156.0 0
  81.57839999999999 236.0 0
  81.589714 136.0 0
  81.72506 124.0 0
  81.804352 112.0 0
  81.8424 116.0 0
  82.058899 184.0 0
  82.13396499999999 52.0 0
  82.136032 180.0 0
  82.259895 168.0 0
  82.437119 160.0 0
  82.467697 164.0 0
  82.587105 104.0 0
  82.79006199999999 152.0 0
  82.81198099999999 148.0 0
  82.842125 168.0 0
  83.078339 160.0 0
  83.117043 156.0 0
  83.162346 72.0 0
  83.333405 204.0 0
  83.39300499999999 148.0 0
  83.461151 156.0 0
  83.746071 228.0 0
  83.798058 148.0 0
  83.856056 220.0 0
  83.940338 160.0 0
  84.347961 100.0 0
  84.361626 220.0 0
  84.45722199999999 192.0 0
  84.47022199999999 188.0 0
  84.502533 160.0 0
  84.59793099999999 196.0 0
  84.71123499999999 164.0 0
  84.81150799999999 164.0 0
  84.96007499999999 128.0 0
  85.316086 128.0 0
  85.370819 112.0 0
  85.417671 124.0 0
  85.455597 164.0 0
  85.50926199999999 132.0 0
  85.71915399999999 188.0 0
  86.176148 140.0 0
  86.29358699999999 164.0 0
  86.300041 168.0 0
  86.31882499999999 124.0 0
  86.48769399999999 116.0 0
  86.494507 60.0 0
  86.84684 60.0 0
  87.041145 172.0 0
  87.181816 0.0061 0
  87.526451 152.0 0
  87.609337 72.0 0
  87.84854899999999 156.0 0
  87.988869 192.0 0
  88.031105 168.0 0
  88.13950299999999 12.34064 0
  88.1492 208.0 0
  88.36366299999999 136.0 0
  88.403641 164.0 0
  88.418854 176.0 0
  88.50853699999999 208.0 0
  88.543877 180.0 0
  88.573601 184.0 0
  88.634254 192.0 0
  88.671326 120.0 0
  88.70674899999999 164.0 0
  88.876938 220.0 0
  89.015846 184.0 0
  89.22090899999999 256.0 0
  89.266382 56.0 0
  89.50254799999999 176.0 0
  89.512199 116.0 0
  89.519218 244.0 0
  89.87494699999999 180.0 0
  90.151848 252.0 0
  90.176582 144.0 0
  90.194565 148.0 0
  90.442421 172.0 0
  90.511383 156.0 0
  90.513696 140.0 0
  90.526489 164.0 0
  90.640266 88.0 0
  90.64323399999999 132.0 0
  90.755814 180.0 0
  90.770927 176.0 0
  90.81071499999999 180.0 0
  90.828018 152.0 0
  90.974983 168.0 0
  90.97721899999999 146.125 0
  90.994484 196.0 0
  91.075363 140.0 0
  91.10748299999999 148.0 0
  91.18481399999999 44.0 0
  91.24630699999999 128.0 0
  91.45056199999999 148.0 0
  91.66643499999999 48.0 0
  91.834312 348.0 0
  91.98571 52.0 0
  91.996156 164.0 0
  92.12114 160.0 0
  92.24466699999999 192.0 0
  92.41354399999999 120.0 0
  92.432503 220.0 0
  92.681641 156.0 0
  92.718193 148.0 0
  92.873672 128.0 0
  92.885162 148.0 0
  92.92128 112.0 0
  93.057335 380.0 0
  93.10286699999999 92.0 0
  93.130569 104.0 0
  93.16182699999999 216.0 0
  93.33949299999999 144.0 0
  93.38327 148.0 0
  93.55285599999999 200.0 0
  93.60855099999999 168.0 0
  93.71636199999999 196.0 0
  93.849487 212.0 0
  93.881599 88.0 0
  93.946716 144.0 0
  93.9983 216.0 0
  94.039177 180.0 0
  94.060402 164.0 0
  94.070726 3568.0 1
  94.25589799999999 196.0 0
  94.657181 144.0 0
  94.72713499999999 132.0 0
  94.809525 164.0 0
  94.915703 164.0 0
  94.96288299999999 152.0 0
  94.980728 120.0 0
  95.030487 164.0 0
  95.035393 56.0 0
  95.065102 156.0 0
  95.086807 116.153801 0
  95.107056 172.0 0
  95.121414 204.0 0
  95.19683099999999 52.0 0
  95.209457 224.0 0
  95.213684 140.0 0
  95.27950299999999 48.0 0
  95.382919 120.0 0
  95.40922499999999 200.0 0
  95.43307499999999 228.0 0
  95.444092 224.0 0
  95.667442 228.0 0
  95.72844699999999 132.0 0
  95.769753 180.0 0
  95.81309499999999 108.0 0
  95.839867 144.0 0
  95.859077 136.0 0
  95.911423 156.0 0
  95.971841 180.0 0
  96.05429099999999 172.0 0
  96.24987 148.0 0
  96.35829899999999 84.0 0
  96.40452599999999 264.0 0
  96.424431 156.0 0
  96.43643999999999 140.0 0
  96.513199 228.0 0
  96.54974399999999 180.0 0
  96.558067 156.0 0
  96.624298 140.0 0
  96.657181 168.0 0
  96.69017799999999 20.0 0
  96.732841 144.0 0
  96.74475899999999 116.0 0
  96.81910699999999 112.0 0
  96.86659999999999 212.0 0
  96.87409199999999 120.0 0
  96.87934899999999 128.0 0
  96.951973 80.0 0
  97.006248 260.0 0
  97.02558099999999 276.0 0
  97.02903699999999 296.0 0
  97.077164 144.0 0
  97.166176 96.0 0
  97.17242399999999 164.0 0
  97.234505 268.0 0
  97.30227699999999 144.0 0
  97.47398399999999 160.0 0
  97.717621 180.0 0
  97.741165 124.0 0
  98.065567 136.0 0
  98.068001 132.0 0
  98.118454 232.0 0
  98.184753 148.0 0
  98.236137 148.0 0
  98.26724999999999 176.0 0
  98.335426 156.0 0
  98.374557 152.0 0
  98.470146 272.0 0
  98.48983799999999 240.0 0
  98.528503 196.0 0
  98.53076899999999 152.0 0
  98.56320199999999 164.0 0
  98.60835999999999 108.0 0
  98.61824 212.0 0
  98.679863 124.0 0
  98.958687 160.0 0
  98.96691899999999 160.0 0
  98.99896199999999 216.0 0
  99.011703 108.0 0
  99.037544 40.0 0
  99.067673 180.0 0
  99.079269 184.0 0
  99.094826 228.0 0
  99.13942 160.0 0
  99.14684299999999 204.0 0
  99.248688 176.0 0
  99.29775199999999 140.0 0
  99.354057 232.0 0
  99.35743699999999 120.0 0
  99.36312099999999 112.0 0
  99.442566 112.0 0
  99.446434 104.0 0
  99.45365899999999 164.0 0
  99.523224 132.0 0
  99.52587899999999 160.0 0
  99.57193 228.0 0
  99.57914699999999 192.0 0
  99.59484099999999 172.0 0
  99.720261 160.0 0
  99.743866 152.0 0
  99.85687999999999 164.0 0
  99.92489599999999 400.0 0
  100.06877899999999 128.0 0
  100.094444 1184.0 0
  100.110191 160.0 0
  100.11381499999999 216.0 0
  100.11907199999999 204.0 0
  100.291519 232.0 0
  100.35707099999999 192.0 0
  100.507072 200.0 0
  100.531746 132.0 0
  100.58737199999999 172.0 0
  100.591118 208.0 0
  100.60278299999999 184.0 0
  100.63868 144.0 0
  100.688339 80.0 0
  100.691284 8.291667 0
  100.710922 152.0 0
  100.7192 160.0 0
  100.74134799999999 152.0 0
  100.75065599999999 180.0 0
  100.764229 180.0 0
  100.822426 156.0 0
  100.83152799999999 228.0 0
  100.844009 96.0 0
  100.915306 255.171997 0
  101.04693599999999 168.0 0
  101.071404 168.0 0
  101.138161 112.0 0
  101.141083 52.0 0
  101.219955 164.0 0
  101.24973299999999 184.0 0
  101.255074 200.0 0
  101.28062399999999 188.0 0
  101.296616 18.93919 0
  101.395561 160.0 0
  101.399086 2.520833 0
  101.636398 176.0 0
  101.641396 180.0 0
  101.66713 192.0 0
  101.842209 188.0 0
  101.85273 176.0 0
  101.900314 188.0 0
  101.906128 116.0 0
  101.933556 128.0 0
  101.96668199999999 124.0 0
  102.02107199999999 180.0 0
  102.03733799999999 1225.508057 0
  102.045547 708.0 0
  102.077637 51.610569 0
  102.11786699999999 136.0 0
  102.13243899999999 144.0 0
  102.17648299999999 160.0 0
  102.182655 108.0 0
  102.25042699999999 144.0 0
  102.32414999999999 172.0 0
  102.34172799999999 56.0 0
  102.405464 96.0 0
  102.43674499999999 3.677083 0
  102.58217599999999 204.0 0
  102.59715999999999 96.0 0
  102.60548399999999 176.0 0
  102.65759299999999 168.0 0
  102.704849 112.0 0
  102.71633899999999 272.0 0
  102.878586 56.0 0
  102.907051 220.0 0
  102.92508699999999 164.0 0
  102.93983499999999 88.0 0
  102.954178 160.0 0
  103.006035 220.0 0
  103.04042799999999 39.33094 0
  103.053703 472.0 0
  103.055832 72.653893 0
  103.12551099999999 168.0 0
  103.129632 552.0 0
  103.17575799999999 180.0 0
  103.21232599999999 160.0 0
  103.220703 132.0 0
  103.273727 172.0 0
  103.286667 204.0 0
  103.299217 192.0 0
  103.340195 44.0 0
  103.551407 7.454545 0
  103.57597399999999 48.0 0
  103.604897 212.0 0
  103.629921 208.0 0
  103.646851 100.0 0
  103.678528 168.0 0
  103.75647 112.0 0
  103.764923 84.0 0
  103.952698 320.0 0
  103.958862 132.0 0
  104.002106 160.0 0
  104.030846 120.0 0
  104.047798 184.0 0
  104.05729699999999 188.0 0
  104.06813 63.61731 0
  104.08163499999999 144.0 0
  104.097191 136.0 0
  104.356522 172.0 0
  104.40583799999999 192.0 0
  104.48883099999999 224.0 0
  104.507195 212.0 0
  104.54148099999999 48.0 0
  104.58711199999999 128.0 0
  104.769943 164.0 0
  104.852547 176.0 0
  104.91886099999999 72.0 0
  104.93343399999999 196.0 0
  105.030571 164.0 0
  105.04527999999999 11.225 0
  105.04738599999999 136.0 0
  105.07002999999999 404.0 0
  105.12688399999999 2.0 0
  105.12966899999999 276.0 0
  105.137383 168.0 0
  105.1437 112.0 0
  105.15542599999999 84.0 0
  105.193794 184.0 0
  105.233025 11.09914 0
  105.273399 192.0 0
  105.288658 76.0 0
  105.40896599999999 21.229259 0
  105.428894 156.0 0
  105.434433 88.0 0
  105.490082 180.0 0
  105.556412 196.0 0
  105.585274 11.85208 0
  105.75309 100.0 0
  105.766167 64.0 0
  105.87838699999999 160.0 0
  105.911079 100.0 0
  106.02623 136.0 0
  106.03686499999999 360.0 0
  106.06573499999999 696.0 0
  106.072029 400.0 0
  106.07631699999999 204.0 0
  106.157349 156.0 0
  106.263466 116.0 0
  106.33595299999999 80.0 0
  106.38662 216.0 0
  106.42369099999999 108.0 0
  106.55856299999999 116.0 0
  106.599159 200.0 0
  106.609421 8.491667 0
  106.616119 232.0 0
  106.707611 152.0 0
  106.73535899999999 68.0 0
  106.75621799999999 236.0 0
  106.76529699999999 168.0 0
  106.790016 148.0 0
  106.800491 76.0 0
  106.80699899999999 216.0 0
  106.84852599999999 216.0 0
  106.865433 68.0 0
  106.980797 136.0 0
  106.98763299999999 200.0 0
  106.99561299999999 88.0 0
  107.01033 28.68224 0
  107.050804 1396.0 0
  107.05296299999999 53.471371 0
  107.05937999999999 148.0 0
  107.08461 34.149471 0
  107.165138 56.0 0
  107.24692499999999 1.875 0
  107.33056599999999 52.0 0
  107.373032 148.0 0
  107.42538499999999 116.0 0
  107.437553 64.0 0
  107.483673 176.0 0
  107.538254 112.0 0
  107.556198 13.09091 0
  107.61803599999999 244.0 0
  107.66478 124.0 0
  107.71264599999999 192.0 0
  107.72200799999999 116.0 0
  107.84204899999999 76.0 0
  107.85726199999999 144.0 0
  107.930618 152.0 0
  107.97518199999999 100.0 0
  107.99610899999999 144.0 0
  108.03347799999999 164.0 0
  108.04531899999999 99.550323 0
  108.051704 199.027206 0
  108.055481 140.0 0
  108.060249 184.0 0
  108.076561 124.0 0
  108.07906299999999 448.0 0
  108.21556899999999 204.0 0
  108.259384 232.0 0
  108.36490599999999 24.286539 0
  108.530807 148.0 0
  108.59350599999999 52.0 0
  108.64311199999999 148.0 0
  108.93328899999999 228.0 0
  108.996414 152.0 0
  109.02748899999999 52.0 0
  109.032539 124.0 0
  109.064369 484.0 0
  109.07434099999999 292.0 0
  109.089401 1.666667 0
  109.098366 396.0 0
  109.102448 9.884804 0
  109.177734 140.0 0
  109.258995 244.0 0
  109.263741 88.0 0
  109.302208 2.750822 0
  109.320526 148.0 0
  109.40515099999999 13.22222 0
  109.439117 148.0 0
  109.455849 204.0 0
  109.554535 124.0 0
  109.598091 36.16478 0
  109.679863 172.0 0
  109.702377 188.0 0
  109.796616 152.0 0
  109.849403 200.0 0
  109.852234 172.0 0
  109.892921 276.0 0
  109.918449 244.0 0
  109.95505499999999 148.0 0
  109.997383 200.0 0
  110.056686 164.0 0
  110.094971 204.0 0
  110.108055 240.0 0
  110.131401 224.0 0
  110.15619699999999 104.0 0
  110.324913 144.0 0
  110.36711899999999 156.0 0
  110.429504 136.0 0
  110.456779 3.375 0
  110.47138199999999 196.0 0
  110.473778 192.0 0
  110.49639099999999 104.0 0
  110.52179699999999 124.0 0
  110.545959 204.0 0
  110.54952999999999 2.840833 0
  110.570206 132.0 0
  110.61762999999999 164.0 0
  110.83841699999999 132.0 0
  110.841782 140.0 0
  110.863022 160.0 0
  111.034309 1274.0 0
  111.04300699999999 164.0 0
  111.047562 480.0 0
  111.19182599999999 176.0 0
  111.22260299999999 116.0 0
  111.28111299999999 216.0 0
  111.386147 100.0 0
  111.44957699999999 204.0 0
  111.522026 148.0 0
  111.598389 176.0 0
  111.630737 40.0 0
  111.69081899999999 116.0 0
  111.90035999999999 96.0 0
  111.92536899999999 164.0 0
  111.94260399999999 188.0 0
  111.946045 132.0 0
  111.97803499999999 184.0 0
  112.007492 636.0 0
  112.037849 184.0 0
  112.04373899999999 152.0 0
  112.082809 104.0 0
  112.09865599999999 152.0 0
  112.164879 136.0 0
  112.211075 268.0 0
  112.22923999999999 112.0 0
  112.33314499999999 176.0 0
  112.4254 180.0 0
  112.441177 264.0 0
  112.460625 188.0 0
  112.58977499999999 152.0 0
  112.61554699999999 180.0 0
  112.66676299999999 152.0 0
  112.82135 308.0 0
  112.83212999999999 140.0 0
  112.91575599999999 176.0 0
  112.94068899999999 212.0 0
  112.94333599999999 220.0 0
  112.95118 164.0 0
  112.97197 312.0 0
  113.012146 204.0 0
  113.026337 200.0 0
  113.059242 192.0 0
  113.16115599999999 92.0 0
  113.232399 11.11328 0
  113.249191 160.0 0
  113.25737799999999 116.0 0
  113.34460399999999 27.1129 0
  113.457611 52.0 0
  113.50994899999999 176.0 0
  113.53273 48.0 0
  113.540764 148.0 0
  113.549263 28.0 0
  113.591972 88.0 0
  113.766083 192.0 0
  113.769798 180.0 0
  113.971764 172.0 0
  114.00117499999999 192.0 0
  114.031967 192.0 0
  114.054482 412.0 0
  114.0942 224.0 0
  114.112724 156.830307 0
  114.132919 196.0 0
  114.136703 140.0 0
  114.19397 148.0 0
  114.213646 244.0 0
  114.21578199999999 156.0 0
  114.27204099999999 152.0 0
  114.347443 156.0 0
  114.442162 9.001811 0
  114.65995799999999 168.0 0
  114.72387699999999 144.0 0
  114.767578 72.0 0
  114.779648 168.0 0
  114.810463 144.0 0
  114.814972 144.0 0
  114.963051 192.0 0
  114.998329 156.0 0
  115.027611 268.0 0
  115.034706 236.0 0
  115.052132 43.440121 0
  115.058731 664.0 0
  115.06298799999999 196.0 0
  115.14705699999999 160.0 0
  115.27802299999999 180.0 0
  115.32785 152.0 0
  115.399452 3.047619 0
  115.40575399999999 164.0 0
  115.53414199999999 184.0 0
  115.549133 120.0 0
  115.555138 204.0 0
  115.65493 44.0 0
  115.68585999999999 100.0 0
  115.697998 292.0 0
  115.701698 140.0 0
  115.716843 80.0 0
  115.816132 208.0 0
  115.95547499999999 192.0 0
  115.96722399999999 180.0 0
  116.006165 100.0 0
  116.010162 8.506945 0
  116.041405 132.0 0
  116.069908 1108.484985 0
  116.07773599999999 288.0 0
  116.089563 128.0 0
  116.101349 76.0 0
  116.135757 224.0 0
  116.236763 136.0 0
  116.33094799999999 208.0 0
  116.36949899999999 34.676399 0
  116.375267 13.19265 0
  116.42266799999999 72.0 0
  116.491554 144.0 0
  116.649155 172.0 0
  116.662376 188.0 0
  116.683556 116.0 0
  116.713928 188.0 0
  116.78712499999999 156.0 0
  116.84294899999999 60.0 0
  116.91654199999999 164.0 0
  116.928833 104.0 0
  116.97374699999999 204.0 0
  116.982399 23.06074 0
  116.985962 212.0 0
  116.994659 160.0 0
  117.033569 144.0 0
  117.06013499999999 144.0 0
  117.070915 1036.0 0
  117.086311 168.0 0
  117.101433 40.0 0
  117.144211 180.0 0
  117.192574 28.81702 0
  117.20999099999999 10.71229 0
  117.28791799999999 5.227941 0
  117.341156 292.0 0
  117.36129 36.49321 0
  117.39755199999999 5.703947 0
  117.400673 260.0 0
  117.47998799999999 112.0 0
  117.55414599999999 152.0 0
  117.619102 136.0 0
  117.625345 212.0 0
  117.63639099999999 32.0 0
  117.686241 228.0 0
  117.91216299999999 124.0 0
  117.946991 108.0 0
  117.992172 160.0 0
  118.032715 148.0 0
  118.037781 408.0 0
  118.064194 7272.0 2
  118.06843599999999 100.0 0
  118.133904 156.0 0
  118.136398 40.0 0
  118.17806999999999 192.0 0
  118.208733 132.0 0
  118.21308099999999 13.69 0
  118.21612499999999 13.90645 0
  118.238312 60.0 0
  118.2789 216.0 0
  118.390823 112.0 0
  118.407501 60.0 0
  118.48692299999999 172.0 0
  118.563133 128.0 0
  118.56618499999999 104.0 0
  118.67987099999999 204.0 0
  118.70356799999999 168.0 0
  118.75785099999999 136.0 0
  118.78823899999999 112.0 0
  118.80092599999999 124.0 0
  118.840981 164.0 0
  118.90226 40.0 0
  118.94949299999999 164.0 0
  118.963539 196.0 0
  118.991936 348.0 0
  119.01280999999999 688.0 0
  119.03302799999999 196.0 0
  119.04624199999999 184.0 0
  119.057732 384.453308 0
  119.073425 236.0 0
  119.080925 16.04167 0
  119.08911099999999 212.0 0
  119.09426099999999 156.0 0
  119.123314 204.0 0
  119.127815 40.0 0
  119.171967 76.0 0
  119.18584399999999 72.0 0
  119.247391 36.0 0
  119.384605 7.779321 0
  119.395523 160.0 0
  119.437828 9.469697 0
  119.684631 5.742284 0
  119.699608 160.0 0
  119.710915 228.0 0
  119.734619 164.0 0
  119.79997999999999 80.0 0
  119.890564 160.0 0
  119.901665 19.73485 0
  119.908188 156.0 0
  119.918533 120.0 0
  120.02304099999999 136.0 0
  120.04016899999999 156.0 0
  120.05027 111.0 0
  120.054626 256.0 0
  120.074783 180.0 0
  120.086479 172.0 0
  120.135109 168.0 0
  120.189049 48.0 0
  120.23629799999999 204.0 0
  120.253181 196.0 0
  120.25917799999999 140.0 0
  120.34111 84.0 0
  120.410698 88.0 0
  120.43126699999999 124.0 0
  120.465271 3.075 0
  120.470123 180.0 0
  120.509109 196.0 0
  120.511826 156.0 0
  120.727165 168.0 0
  120.766914 116.0 0
  120.789284 29.472969 0
  120.810745 144.0 0
  120.938766 136.0 0
  120.959648 124.0 0
  120.98889199999999 248.0 0
  121.030113 124.0 0
  121.038162 136.0 0
  121.047028 91.817902 0
  121.05313899999999 66.782608 0
  121.065292 552.0 0
  121.100983 6846.918945 1
  121.103546 696.0 0
  121.180275 92.0 0
  121.33565499999999 72.0 0
  121.378372 140.0 0
  121.455238 104.0 0
  121.494247 144.0 0
  121.539017 27.777781 0
  121.543556 184.0 0
  121.551498 220.0 0
  121.560257 208.0 0
  121.567032 64.0 0
  121.57852899999999 36.0 0
  121.588043 120.0 0
  121.620323 128.0 0
  121.660072 128.0 0
  121.86769899999999 56.0 0
  121.884796 148.0 0
  121.922928 108.0 0
  122.00482199999999 148.0 0
  122.007233 176.0 0
  122.03446199999999 40.0 0
  122.065514 228.0 0
  122.069679 128.0 0
  122.08438899999999 112.0 0
  122.19105499999999 112.0 0
  122.22769199999999 56.0 0
  122.25224299999999 180.0 0
  122.27819099999999 84.0 0
  122.41472599999999 11.42311 0
  122.45198099999999 44.0 0
  122.480392 164.0 0
  122.51130699999999 44.0 0
  122.52211799999999 60.0 0
  122.552605 136.0 0
  122.615837 204.0 0
  122.62745699999999 180.0 0
  122.659531 112.0 0
  122.74580399999999 176.0 0
  122.88700899999999 172.0 0
  122.91198 180.0 0
  122.93075599999999 248.0 0
  122.93397499999999 156.0 0
  123.014122 31.601851 0
  123.016441 34.290829 0
  123.022621 44.9375 0
  123.06163 184.0 0
  123.072693 172.0 0
  123.081902 208.0 0
  123.08571699999999 124.0 0
  123.107582 92.0 0
  123.130928 88.0 0
  123.13615399999999 32.0 0
  123.142944 64.0 0
  123.163956 180.0 0
  123.168129 176.0 0
  123.189568 156.0 0
  123.247658 29.270241 0
  123.370796 112.0 0
  123.37365 64.0 0
  123.38645899999999 156.0 0
  123.456299 160.0 0
  123.571587 172.0 0
  123.620865 172.0 0
  123.67019699999999 120.0 0
  123.68107599999999 152.0 0
  123.697716 220.0 0
  123.73867 164.0 0
  123.762283 76.0 0
  123.906731 164.0 0
  123.97204599999999 351.959106 0
  123.991737 85.184967 0
  124.045563 220.0 0
  124.084633 156.0 0
  124.130905 136.0 0
  124.148781 160.0 0
  124.165016 26.335939 0
  124.169235 172.0 0
  124.25679 184.0 0
  124.310333 140.0 0
  124.44258099999999 196.0 0
  124.45384999999999 96.0 0
  124.47017699999999 6.312037 0
  124.477211 100.0 0
  124.51426699999999 144.0 0
  124.63237 148.0 0
  124.702835 9.287406 0
  124.732445 140.0 0
  124.74745899999999 428.0 0
  124.754082 144.0 0
  124.77480299999999 164.0 0
  124.83863799999999 212.0 0
  124.85720099999999 196.0 0
  124.867233 88.0 0
  124.955238 88.0 0
  125.01827999999999 54.821789 0
  125.023674 164.0 0
  125.053612 356.0 0
  125.073448 156.0 0
  125.113907 160.0 0
  125.221199 152.0 0
  125.279198 124.0 0
  125.38100399999999 7.111111 0
  125.40402999999999 200.0 0
  125.49563599999999 204.0 0
  125.52149999999999 156.0 0
  125.54944599999999 80.0 0
  125.559158 128.0 0
  125.68448599999999 9.909091 0
  125.752258 96.0 0
  125.85632299999999 38.807751 0
  125.869255 116.0 0
  125.881294 192.0 0
  125.98642 248.0 0
  126.03929099999999 199.580597 0
  126.055641 112.0 0
  126.08318299999999 188.0 0
  126.086861 140.0 0
  126.14675899999999 172.0 0
  126.208717 148.0 0
  126.43141899999999 176.0 0
  126.43807199999999 168.0 0
  126.464394 76.0 0
  126.47625699999999 180.0 0
  126.496719 216.0 0
  126.59053 176.0 0
  126.66066699999999 28.0 0
  126.685211 228.0 0
  126.77508499999999 128.0 0
  126.89141799999999 144.0 0
  126.89877299999999 164.0 0
  126.96443199999999 100.0 0
  127.015045 124.0 0
  127.031448 184.0 0
  127.05545 836.0 0
  127.15065799999999 172.0 0
  127.271881 136.0 0
  127.34020199999999 132.0 0
  127.35732999999999 44.0 0
  127.41787 192.0 0
  127.44035299999999 140.0 0
  127.50022899999999 80.0 0
  127.79298399999999 160.0 0
  127.800056 160.0 0
  127.82292199999999 144.0 0
  127.838791 224.0 0
  127.887863 152.0 0
  127.89415 152.0 0
  127.91179699999999 188.0 0
  127.94208499999999 144.0 0
  127.958984 144.0 0
  128.001633 48.0 0
  128.044846 25.312929 0
  128.048386 344.0 0
  128.061279 480.0 0
  128.135986 312.0 0
  128.184814 236.0 0
  128.254959 116.0 0
  128.38545200000002 132.0 0
  128.446152 80.0 0
  128.532684 76.0 0
  128.547943 212.0 0
  128.614395 204.0 0
  128.645401 132.0 0
  128.704224 172.0 0
  128.807175 36.0 0
  128.811249 136.0 0
  128.92012 140.0 0
  128.96138 132.0 0
  129.006393 156.0 0
  129.022751 68.0 0
  129.03169300000002 196.0 0
  129.047119 560.0 0
  129.054886 2916.0 1
  129.06878700000001 272.0 0
  129.073853 184.0 0
  129.076996 228.0 0
  129.091293 148.0 0
  129.10401900000002 52.0 0
  129.13003500000002 96.0 0
  129.14837 176.0 0
  129.167886 164.0 0
  129.19541900000002 7.526755 0
  129.212265 180.0 0
  129.251312 88.0 0
  129.298584 156.0 0
  129.332382 192.0 0
  129.34191900000002 148.0 0
  129.350555 64.0 0
  129.364578 164.0 0
  129.431793 64.0 0
  129.498352 60.0 0
  129.534683 196.0 0
  129.54293800000002 116.0 0
  129.574951 208.0 0
  129.829926 112.0 0
  129.85595700000002 176.0 0
  129.881866 160.0 0
  130.036438 148.0 0
  130.05929600000002 180.0 0
  130.06134 196.0 0
  130.149918 60.0 0
  130.152451 140.0 0
  130.192551 25.012159 0
  130.23793 156.0 0
  130.242859 56.0 0
  130.260117 164.0 0
  130.29454 43.389599 0
  130.385986 128.0 0
  130.420441 132.0 0
  130.443756 12.17361 0
  130.525406 108.0 0
  130.554092 156.0 0
  130.58531200000002 148.0 0
  130.624725 72.0 0
  130.66528300000002 200.0 0
  130.695267 84.0 0
  130.734573 64.0 0
  130.74563600000002 140.0 0
  130.766556 136.0 0
  130.968469 148.0 0
  130.974274 156.0 0
  130.996094 212.0 0
  131.006821 184.0 0
  131.021896 168.0 0
  131.03985600000001 216.0 0
  131.045059 6119.0 1
  131.048981 808.0 0
  131.05178800000002 668.0 0
  131.059067 4196.0 1
  131.065887 320.0 0
  131.06874100000002 188.0 0
  131.072052 344.0 0
  131.077789 248.0 0
  131.080276 208.0 0
  131.138397 108.0 0
  131.177521 112.0 0
  131.186768 80.0 0
  131.208557 144.0 0
  131.22837800000002 244.0 0
  131.263458 160.0 0
  131.292801 176.0 0
  131.30607600000002 236.0 0
  131.551331 220.0 0
  131.56874100000002 7.458333 0
  131.58757 188.0 0
  131.652725 72.0 0
  131.67437700000002 212.0 0
  131.777969 176.0 0
  131.853867 176.0 0
  131.91841100000002 76.0 0
  131.955322 192.0 0
  132.016312 240.0 0
  132.04151900000002 92.0 0
  132.052094 1182.0 0
  132.06607100000002 236.0 0
  132.07899500000002 932.430481 0
  132.082703 364.0 0
  132.08531200000002 96.0 0
  132.091171 136.0 0
  132.11282300000002 212.0 0
  132.146149 60.0 0
  132.201614 148.0 0
  132.250122 8.041667 0
  132.418259 100.0 0
  132.444702 200.0 0
  132.48588600000002 7.102273 0
  132.57260100000002 188.0 0
  132.721191 140.0 0
  132.784561 136.0 0
  132.79837 88.0 0
  132.80555700000002 168.0 0
  132.809174 48.0 0
  132.900879 128.0 0
  132.909986 331.0 0
  132.962952 192.0 0
  133.014404 168.0 0
  133.020782 136.0 0
  133.02610800000002 160.0 0
  133.029648 504.0 0
  133.047775 120.0 0
  133.050476 216.0 0
  133.062027 640.0 0
  133.065277 372.0 0
  133.084137 272.0 0
  133.08757 160.0 0
  133.091309 412.0 0
  133.102127 120.0 0
  133.104553 48.0 0
  133.120743 236.0 0
  133.196091 128.0 0
  133.24464400000002 152.0 0
  133.268829 176.0 0
  133.472702 124.0 0
  133.514801 76.0 0
  133.51881400000002 136.0 0
  133.561249 160.0 0
  133.62558 232.0 0
  133.67437700000002 7.225291 0
  133.715179 224.0 0
  133.837952 168.0 0
  133.872375 60.0 0
  133.94014 188.0 0
  134.00679 860.0 0
  134.055878 180.0 0
  134.06279 415.0 0
  134.066696 204.0 0
  134.089844 128.0 0
  134.09518400000002 112.0 0
  134.110428 172.0 0
  134.176498 176.0 0
  134.196411 184.0 0
  134.205963 68.0 0
  134.25418100000002 48.0 0
  134.379807 152.0 0
  134.390762 132.0 0
  134.406372 132.0 0
  134.51014700000002 240.0 0
  134.52298000000002 144.0 0
  134.720215 128.0 0
  134.754028 16.389641 0
  134.918396 184.0 0
  134.927658 184.0 0
  134.999207 236.0 0
  135.008118 132.0 0
  135.033569 1358.0 0
  135.039749 245.0 0
  135.042648 146.673096 0
  135.046646 144.0 0
  135.054001 148.0 0
  135.062057 136.0 0
  135.075974 144.0 0
  135.07872 209.531601 0
  135.08145100000002 47.51894 0
  135.092636 196.0 0
  135.143448 172.0 0
  135.167068 40.929878 0
  135.319977 132.0 0
  135.388931 144.0 0
  135.436172 108.0 0
  135.489868 96.0 0
  135.559372 208.0 0
  135.575317 216.0 0
  135.60051 148.0 0
  135.682983 112.0 0
  135.703384 164.0 0
  135.720749 72.0 0
  135.75560000000002 208.0 0
  135.76178000000002 176.0 0
  135.84513900000002 184.0 0
  135.887405 144.0 0
  135.937622 224.0 0
  135.94674700000002 148.0 0
  135.98649600000002 52.0 0
  135.99778700000002 132.0 0
  136.024902 62.103748 0
  136.031158 124.0 0
  136.044952 633.0 0
  136.058365 204.0 0
  136.072442 921.0 0
  136.07951400000002 168.0 0
  136.100876 140.0 0
  136.104996 144.0 0
  136.108734 140.0 0
  136.18789700000002 152.0 0
  136.201096 172.0 0
  136.36888100000002 128.0 0
  136.42124900000002 28.0 0
  136.443558 48.0 0
  136.52619900000002 56.0 0
  136.569992 156.0 0
  136.618164 148.0 0
  136.62626600000002 156.0 0
  136.722641 244.0 0
  136.74501 168.0 0
  136.86329700000002 196.0 0
  136.974869 6.648529 0
  136.98126200000002 168.0 0
  137.037521 268.0 0
  137.052521 152.0 0
  137.05989100000002 348.0 0
  137.075684 152.0 0
  137.12020900000002 132.0 0
  137.20455900000002 156.0 0
  137.269257 160.0 0
  137.33093300000002 72.0 0
  137.429626 144.0 0
  137.561172 136.0 0
  137.58848600000002 60.0 0
  137.67099000000002 64.0 0
  137.68403600000002 48.0 0
  137.850906 68.0 0
  137.871353 256.0 0
  137.913376 180.0 0
  137.918945 160.0 0
  138.062387 2024.0 0
  138.121826 120.0 0
  138.223892 220.0 0
  138.22927900000002 40.0 0
  138.320404 100.0 0
  138.332291 64.0 0
  138.35694900000001 27.5744 0
  138.37918100000002 144.0 0
  138.40007 176.0 0
  138.440704 248.0 0
  138.471054 84.0 0
  138.496094 184.0 0
  138.514496 116.0 0
  138.544632 96.0 0
  138.66729700000002 240.0 0
  138.732407 184.0 0
  138.833145 292.0 0
  138.87565600000002 120.0 0
  138.95730600000002 188.0 0
  139.054352 108.0 0
  139.10865800000002 188.0 0
  139.232956 64.0 0
  139.240173 160.0 0
  139.34783900000002 184.0 0
  139.468491 52.0 0
  139.532974 156.0 0
  139.540695 92.0 0
  139.556442 32.0 0
  139.841888 112.0 0
  139.876587 148.0 0
  139.888077 196.0 0
  139.921616 144.0 0
  140.014969 156.0 0
  140.03761300000002 966.0 0
  140.058258 13.68371 0
  140.099014 224.0 0
  140.11256400000002 124.0 0
  140.22789 136.0 0
  140.29747 168.0 0
  140.412628 208.0 0
  140.546494 172.0 0
  140.562653 160.0 0
  140.584503 68.0 0
  140.812524 156.0 0
  140.89459200000002 140.0 0
  140.90020800000002 192.0 0
  140.913681 220.0 0
  140.91746500000002 188.0 0
  141.053787 4580.0 1
  141.067444 404.0 0
  141.13984000000002 136.0 0
  141.165161 11.71607 0
  141.190247 72.0 0
  141.196609 128.0 0
  141.206512 136.0 0
  141.210831 152.0 0
  141.21701000000002 172.0 0
  141.42485000000002 188.0 0
  141.501465 208.0 0
  141.568985 216.0 0
  141.614639 112.0 0
  141.829575 176.0 0
  141.83786 264.0 0
  141.94580100000002 152.0 0
  141.994034 220.0 0
  142.075882 2444.0 1
  142.14653 144.0 0
  142.155975 408.0 0
  142.159073 108.0 0
  142.17063900000002 188.0 0
  142.328476 112.0 0
  142.34053 156.0 0
  142.352753 40.0 0
  142.38768000000002 68.0 0
  142.39115900000002 6.405048 0
  142.502426 9.429762 0
  142.62785300000002 156.0 0
  142.780716 152.0 0
  142.794647 188.0 0
  142.838623 48.0 0
  142.866119 52.0 0
  142.881516 92.0 0
  142.942398 124.0 0
  142.950073 136.0 0
  143.003845 68.0 0
  143.031845 325.0 0
  143.043228 2041.0 0
  143.047256 2465.0 1
  143.072403 6620.0 1
  143.08187900000001 224.0 0
  143.102509 184.0 0
  143.303055 144.0 0
  143.44824200000002 16.13204 0
  143.500732 14.30104 0
  143.527084 168.0 0
  143.585495 112.0 0
  143.640869 156.0 0
  144.046707 252.0 0
  144.05384800000002 168.0 0
  144.058228 228.0 0
  144.075363 236.0 0
  144.100494 160.0 0
  144.209381 56.0 0
  144.212402 124.0 0
  144.254791 96.0 0
  144.274673 64.0 0
  144.32930000000002 64.0 0
  144.36102300000002 120.0 0
  144.424622 80.0 0
  144.444107 160.0 0
  144.60020400000002 112.0 0
  144.660828 148.0 0
  144.67591900000002 256.0 0
  144.691788 144.0 0
  144.72996500000002 68.0 0
  144.90553300000002 212.0 0
  144.93995700000002 124.0 0
  144.95193500000002 36.0 0
  144.973108 713.0 0
  144.977081 188.0 0
  145.01503 272.0 0
  145.025848 192.0 0
  145.04830900000002 180.0 0
  145.05349700000002 812.0 0
  145.056107 160.0 0
  145.061066 108.0 0
  145.064987 2884.0 1
  145.07930000000002 192.0 0
  145.091507 56.0 0
  145.095642 1794.0 0
  145.155304 68.0 0
  145.16549700000002 44.0 0
  145.23301700000002 172.0 0
  145.26384000000002 100.0 0
  145.312073 180.0 0
  145.38107300000001 116.0 0
  145.418594 11.857748 0
  145.436966 56.0 0
  145.48524500000002 76.0 0
  145.493286 192.0 0
  145.620026 148.0 0
  145.623734 156.0 0
  145.81221000000002 176.0 0
  145.929672 180.0 0
  146.027039 132.0 0
  146.051346 196.0 0
  146.057587 504.0 0
  146.069183 1352.0 0
  146.07148700000002 540.0 0
  146.074387 32.861038 0
  146.08815 595.0 0
  146.09333800000002 148.0 0
  146.106888 152.0 0
  146.15441900000002 128.0 0
  146.16566500000002 200.0 0
  146.23017900000002 11.88587 0
  146.237061 48.0 0
  146.28543100000002 160.0 0
  146.30998200000002 168.0 0
  146.375977 168.0 0
  146.389252 204.0 0
  146.434616 7.656609 0
  146.606674 108.0 0
  146.62626600000002 88.0 0
  146.656937 240.0 0
  146.843536 132.0 0
  146.859924 168.0 0
  146.912384 120.0 0
  147.043808 12.05125 0
  147.055511 62.925629 0
  147.074997 139.311996 0
  147.11128200000002 29.705 0
  147.145248 72.0 0
  147.154922 76.0 0
  147.199814 52.0 0
  147.20309400000002 144.0 0
  147.214523 192.0 0
  147.29245 76.0 0
  147.309967 196.0 0
  147.35791 176.0 0
  147.391983 160.0 0
  147.408264 196.0 0
  147.42575100000002 184.0 0
  147.437546 160.0 0
  147.44940200000002 140.0 0
  147.514542 148.0 0
  147.51916500000002 88.0 0
  147.626419 172.0 0
  147.763687 137.0 0
  147.772522 208.0 0
  147.789001 112.0 0
  147.79916400000002 84.0 0
  147.827942 144.0 0
  147.864136 156.0 0
  147.925659 168.0 0
  147.93614200000002 60.0 0
  147.97326700000002 216.0 0
  147.99705500000002 104.0 0
  148.047775 31971.0 7
  148.06268300000002 7595.0 2
  148.072449 332.0 0
  148.087418 107.0 0
  148.375198 80.0 0
  148.387192 160.0 0
  148.41665600000002 60.0 0
  148.47254900000001 192.0 0
  148.50387600000002 3.53125 0
  148.526535 224.0 0
  148.53732300000001 172.0 0
  148.618698 232.0 0
  148.639465 168.0 0
  148.68048100000001 140.0 0
  148.709503 208.0 0
  148.714233 164.0 0
  148.771057 136.0 0
  148.78627 120.0 0
  148.81839000000002 144.0 0
  148.874084 360.0 0
  148.90712000000002 152.0 0
  148.98481800000002 136.0 0
  148.987534 104.0 0
  149.011398 456.0 0
  149.02177400000002 200.0 0
  149.024734 488.0 0
  149.051605 1941.0 0
  149.053833 228.0 0
  149.055939 168.0 0
  149.064545 32.671539 0
  149.078812 1004.0 0
  149.118896 164.0 0
  149.17089800000002 152.0 0
  149.279907 204.0 0
  149.290695 128.0 0
  149.32501200000002 160.0 0
  149.41677900000002 132.0 0
  149.42776500000002 176.0 0
  149.489319 164.0 0
  149.529358 216.0 0
  149.65934800000002 39.462681 0
  149.75877400000002 144.0 0
  149.81320200000002 72.0 0
  149.918304 184.0 0
  149.965897 188.0 0
  149.973236 132.0 0
  150.028961 164.0 0
  150.032349 68.0 0
  150.049316 436.0 0
  150.05543500000002 4736.0 1
  150.076477 2152.0 0
  150.219864 160.0 0
  150.414627 112.0 0
  150.44326800000002 36.900002 0
  150.480927 152.0 0
  150.751144 204.0 0
  150.88403300000002 60.0 0
  150.97009300000002 184.0 0
  151.001831 80.0 0
  151.01168800000002 46.334469 0
  151.022858 115.0 0
  151.026871 56.0 0
  151.032608 35.18037 0
  151.03869600000002 324.0 0
  151.054886 296.0 0
  151.072571 260.0 0
  151.088425 88.0 0
  151.097733 216.0 0
  151.103531 4919.0 1
  151.111694 14268.0 3
  151.11499 64.0 0
  151.148636 1680.0 0
  151.222748 176.0 0
  151.255051 120.0 0
  151.261917 40.0 0
  151.27002000000002 136.0 0
  151.430618 72.0 0
  151.552353 192.0 0
  151.923065 156.0 0
  151.959167 72.0 0
  152.01448100000002 1696.0 0
  152.06044 772.0 0
  152.071945 2728.0 1
  152.083557 76.0 0
  152.17643700000002 72.0 0
  152.26156600000002 116.0 0
  152.286484 240.0 0
  152.346786 52.0 0
  152.51705900000002 196.0 0
  152.662216 12.77929 0
  152.670242 72.0 0
  152.88855 168.0 0
  152.891129 120.0 0
  152.922592 180.0 0
  152.944199 180.0 0
  153.013901 44122.0 9
  153.06839000000002 196.0 0
  153.073395 500.0 0
  153.12643400000002 76.0 0
  153.13235500000002 100.0 0
  153.21669 108.0 0
  153.365372 200.0 0
  153.378265 164.0 0
  153.413528 160.0 0
  153.51293900000002 132.0 0
  153.718689 172.0 0
  153.86937 196.0 0
  153.871506 184.0 0
  153.926254 188.0 0
  154.03907800000002 120.0 0
  154.07775900000001 204.0 0
  154.098495 91412.0 19
  154.20391800000002 136.0 0
  154.210205 112.0 0
  154.216125 14.02419 0
  154.274475 44.0 0
  154.295715 7.5625 0
  154.340408 44.0 0
  154.39209 14.79688 0
  154.520462 196.0 0
  154.60209700000001 184.0 0
  154.643097 240.0 0
  154.70558200000002 176.0 0
  154.73538200000002 136.0 0
  154.88368200000002 5.84127 0
  154.928314 176.0 0
  155.012619 128.0 0
  155.043854 5307.0 1
  155.055527 580.0 0
  155.084122 1236.0 0
  155.095886 80.0 0
  155.14212 156.0 0
  155.155289 7284.0 2
  155.18034400000002 192.0 0
  155.185486 172.0 0
  155.212143 96.0 0
  155.64961200000002 148.0 0
  155.666672 2.32E-4 0
  155.735474 220.0 0
  155.770248 188.0 0
  155.89068600000002 104.0 0
  156.00787400000002 73.840912 0
  156.016739 168.0 0
  156.02037 41.980129 0
  156.025146 156.0 0
  156.0616 124.0 0
  156.06578100000002 144.0 0
  156.082016 196.0 0
  156.093048 89.071777 0
  156.142365 168.0 0
  156.263245 27.84363 0
  156.302277 108.0 0
  156.345673 156.0 0
  156.427826 48.611401 0
  156.45700100000002 188.0 0
  156.51019300000002 136.0 0
  156.526337 100.0 0
  156.634445 48.0 0
  156.692139 152.0 0
  156.86779800000002 236.0 0
  156.91333 88.0 0
  157.01232900000002 740.0 0
  157.049316 3500.0 1
  157.102203 180.0 0
  157.105164 176.0 0
  157.17240900000002 180.0 0
  157.213303 88.0 0
  157.224335 144.0 0
  157.238068 68.0 0
  157.25082400000002 5.357143 0
  157.28933700000002 104.0 0
  157.333527 180.0 0
  157.393402 13.1775 0
  157.421555 35.629761 0
  157.520432 204.0 0
  157.56456 136.0 0
  157.59968600000002 140.0 0
  157.622925 44.0 0
  157.667908 136.0 0
  157.710159 148.0 0
  157.755096 96.0 0
  157.848602 172.0 0
  157.999359 224.0 0
  158.01696800000002 204.0 0
  158.031921 176.0 0
  158.069412 922.0 0
  158.072708 11256.0 2
  158.08374 4760.0 1
  158.149261 64.0 0
  158.19966100000002 34.862099 0
  158.230515 21.086439 0
  158.293945 140.0 0
  158.327011 30.43721 0
  158.386169 180.0 0
  158.482773 11.33936 0
  158.525391 13.00091 0
  158.799225 204.0 0
  158.903549 188.0 0
  159.00351 100.0 0
  159.023117 150.445007 0
  159.03555300000002 128.0 0
  159.067307 96.0 0
  159.078857 212.0 0
  159.09375 29.778851 0
  159.101303 160.0 0
  159.220276 160.0 0
  159.230774 168.0 0
  159.331726 104.0 0
  159.38414 112.0 0
  159.460068 76.0 0
  159.552582 184.0 0
  159.588837 148.0 0
  159.601456 100.0 0
  159.619324 48.0 0
  159.69210800000002 232.0 0
  159.730209 180.0 0
  159.759171 136.0 0
  159.768616 128.0 0
  159.85943600000002 140.0 0
  159.862106 180.0 0
  159.878159 64.0 0
  159.979218 196.0 0
  160.001205 200.0 0
  160.01692200000002 152.0 0
  160.056519 224.0 0
  160.07312000000002 484.0 0
  160.08209200000002 228.0 0
  160.085602 2632.0 1
  160.114136 156.0 0
  160.476898 156.0 0
  160.483047 29.77733 0
  160.70610000000002 172.0 0
  160.739655 168.0 0
  160.791855 104.0 0
  160.82804900000002 124.0 0
  160.861938 56.0 0
  160.960602 112.0 0
  160.98254400000002 132.0 0
  160.984634 124.0 0
  160.988022 196.0 0
  161.0215 176.0 0
  161.05342100000001 11148.0 2
  161.05740400000002 388.0 0
  161.060318 304.0 0
  161.078339 180.0 0
  161.090744 836.0 0
  161.096161 53.48476 0
  161.122345 172.0 0
  161.12638900000002 184.0 0
  161.257767 180.0 0
  161.338806 140.0 0
  161.433029 64.0 0
  161.529144 84.0 0
  161.609192 2.761364 0
  161.67892500000002 204.0 0
  161.74417100000002 96.0 0
  161.807892 240.0 0
  161.887436 84.0 0
  161.93206800000002 144.0 0
  161.94194000000002 224.0 0
  161.966782 128.0 0
  161.97610500000002 60.0 0
  162.052368 132.0 0
  162.055429 3008.0 1
  162.05792200000002 1927.0 0
  162.09462000000002 136.0 0
  162.123657 168.0 0
  162.13356000000002 296.0 0
  162.166687 184.0 0
  162.302109 192.0 0
  162.395813 56.0 0
  162.448395 44.0 0
  162.472595 1860.0 0
  162.500473 136.0 0
  162.72039800000002 140.0 0
  162.724762 88.0 0
  162.770676 164.0 0
  162.843887 164.0 0
  162.853012 212.0 0
  163.02829 148.0 0
  163.037674 1269.0 0
  163.052719 160.0 0
  163.074356 3933.172119 1
  163.101456 235.0 0
  163.116333 140.0 0
  163.14840700000002 298.0 0
  163.261459 36.0 0
  163.26374800000002 76.0 0
  163.31907700000002 48.0 0
  163.45477300000002 180.0 0
  163.487045 12.7861 0
  163.583328 2.349907 0
  163.670502 140.0 0
  163.744797 44.0 0
  163.964203 148.0 0
  164.02787800000002 144.0 0
  164.033524 34.47953 0
  164.04040500000002 180.0 0
  164.04599000000002 2224.0 0
  164.082275 152.0 0
  164.088547 208.0 0
  164.109207 376.0 0
  164.117065 188.0 0
  164.121658 64.0 0
  164.221664 88.0 0
  164.224792 144.0 0
  164.255371 132.0 0
  164.479355 140.0 0
  164.68450900000002 132.0 0
  164.802078 100.0 0
  164.888824 156.0 0
  164.9841 156.0 0
  165.010208 176.0 0
  165.014374 172.0 0
  165.028198 156.0 0
  165.050217 64.0 0
  165.055573 2932.0 1
  165.07754500000001 184.0 0
  165.08955400000002 476.0 0
  165.203293 184.0 0
  165.23400900000001 11.01815 0
  165.584824 160.0 0
  165.64364600000002 44.0 0
  165.67047100000002 152.0 0
  165.68507400000001 84.0 0
  165.76168800000002 160.0 0
  165.857742 88.0 0
  166.008011 176.0 0
  166.051346 235.0 0
  166.073944 977.0 0
  166.075958 216.0 0
  166.088242 164.0 0
  166.12068200000002 1162.109985 0
  166.152542 204.0 0
  166.225861 104.0 0
  166.272736 38.394264 0
  166.31083700000002 192.0 0
  166.462219 104.0 0
  166.50555400000002 11.49662 0
  166.548767 160.0 0
  166.550995 136.0 0
  166.67442300000002 40.0 0
  166.681396 120.0 0
  166.686417 56.874069 0
  166.83749400000002 44.0 0
  166.856277 272.0 0
  166.916687 44.0 0
  166.92865 92.0 0
  167.042419 220.0 0
  167.05294800000001 110.0 0
  167.07650800000002 65376.0 14
  167.33277900000002 60.0 0
  167.370499 160.0 0
  167.386826 244.0 0
  167.405243 136.0 0
  167.442673 44.0 0
  167.44802900000002 72.0 0
  167.583862 184.0 0
  167.606277 104.0 0
  167.77525300000002 144.0 0
  167.953857 184.0 0
  167.97155800000002 180.0 0
  167.981537 136.0 0
  167.995224 132.0 0
  168.020935 212.0 0
  168.027496 184.0 0
  168.05281100000002 136.0 0
  168.078363 4214.0 1
  168.080963 144.0 0
  168.090134 340.0 0
  168.195648 140.0 0
  168.330383 148.0 0
  168.407608 184.0 0
  168.432434 52.0 0
  168.437271 196.0 0
  168.487213 52.0 0
  168.54658500000002 168.0 0
  168.571808 116.0 0
  168.606186 180.0 0
  168.658051 156.0 0
  168.662262 128.0 0
  168.91793800000002 80.0 0
  169.053369 168.0 0
  169.07264700000002 680.0 0
  169.092453 184.0 0
  169.130219 240.0 0
  169.261505 7.777778 0
  169.301239 36.0 0
  169.389282 140.0 0
  169.404129 10.55136 0
  169.437592 144.0 0
  169.485733 104.0 0
  169.70704700000002 80.0 0
  169.732437 60.0 0
  169.762878 160.0 0
  169.977325 148.0 0
  170.026474 172.0 0
  170.06109600000002 3104.0 1
  170.070352 189.0 0
  170.088043 128.0 0
  170.16279600000001 152.0 0
  170.199631 52.0 0
  170.21627800000002 32.0 0
  170.306305 208.0 0
  170.418304 152.0 0
  170.43486000000001 208.0 0
  170.653397 52.0 0
  170.77217100000001 116.0 0
  170.817688 108.0 0
  170.962265 120.0 0
  170.97425800000002 184.0 0
  171.007019 148.0 0
  171.04444900000001 2860.0 1
  171.05233800000002 344.0 0
  171.079056 1580.0 0
  171.115555 432.0 0
  171.324905 196.0 0
  171.392761 1589.0 0
  171.40704300000002 124.0 0
  171.453735 11.71212 0
  171.61595200000002 140.0 0
  171.656418 208.0 0
  171.957718 200.0 0
  171.97261 296.0 0
  172.041489 120.0 0
  172.049576 9497.0 2
  172.117966 60.0 0
  172.132889 14768.0 3
  172.18277 176.0 0
  172.299316 72.0 0
  172.335022 100.0 0
  172.349792 100.0 0
  172.59169 44.0 0
  172.639236 164.0 0
  172.692719 40.0 0
  172.716568 204.0 0
  172.739639 172.0 0
  172.802185 64.0 0
  172.83415200000002 76.0 0
  172.87226900000002 48.0 0
  172.87558 88.0 0
  172.93454 108.0 0
  172.970367 48.0 0
  172.985016 60.0 0
  172.993286 192.0 0
  173.0 291758.0 61
  173.079361 23.370609 0
  173.167282 200.0 0
  173.30294800000001 48.0 0
  173.308746 48.0 0
  173.310913 20.690689 0
  173.627655 176.0 0
  174.06346100000002 164.0 0
  174.084335 284.0 0
  174.09024000000002 140.0 0
  174.127441 339.049011 0
  174.154739 132.0 0
  174.180161 152.0 0
  174.22743200000002 9.085938 0
  174.309006 220.0 0
  174.362976 132.0 0
  174.434967 184.0 0
  174.45214800000002 148.0 0
  174.630539 68.0 0
  174.634277 152.0 0
  174.66471900000002 60.0 0
  174.703293 28.0 0
  174.784927 132.0 0
  174.87835700000002 152.0 0
  174.96408100000002 64.0 0
  174.97061200000002 3104.0 1
  175.022995 1812.0 0
  175.05165100000002 88.0 0
  175.073669 428.0 0
  175.075897 808.0 0
  175.095276 320.0 0
  175.16966200000002 40.0 0
  175.32714800000002 140.0 0
  175.418732 29.963011 0
  175.43048100000001 136.0 0
  175.441666 84.0 0
  175.45970200000002 76.0 0
  175.518616 216.0 0
  175.586655 7.071428 0
  175.704407 116.0 0
  175.848465 236.0 0
  175.877319 128.0 0
  176.019409 60.0 0
  176.044128 176.0 0
  176.06156900000002 415.373993 0
  176.080261 920.0 0
  176.253525 136.0 0
  176.361786 80.0 0
  176.382675 80.0 0
  176.423721 160.0 0
  176.490692 224.0 0
  176.56848100000002 188.0 0
  176.58226000000002 144.0 0
  176.649841 188.0 0
  176.829834 56.0 0
  176.855896 164.0 0
  176.93974300000002 176.0 0
  177.051636 2069.0 0
  177.060379 1.0 0
  177.065796 1028.0 0
  177.081894 120.0 0
  177.086175 123.0 0
  177.088684 32.570259 0
  177.096313 276.0 0
  177.122498 28.867861 0
  177.13024900000002 1612.0 0
  177.133316 72.0 0
  177.199219 96.0 0
  177.201584 140.0 0
  177.296021 92.0 0
  177.709991 180.0 0
  177.853409 64.0 0
  178.013458 232.0 0
  178.046265 164.0 0
  178.06843600000002 23872.0 5
  178.095276 148.0 0
  178.134064 11.42803 0
  178.201111 88.0 0
  178.21258500000002 172.0 0
  178.282501 152.0 0
  178.407745 88.0 0
  178.455048 232.0 0
  178.507294 88.0 0
  178.698273 140.0 0
  178.73950200000002 208.0 0
  178.76718100000002 160.0 0
  178.862817 204.0 0
  178.866104 56.0 0
  178.97932400000002 184.0 0
  178.985254 202.0 0
  179.056259 164.0 0
  179.06256100000002 152.0 0
  179.065933 2503.0 1
  179.077591 168.0 0
  179.08367900000002 472.0 0
  179.092468 96.0 0
  179.17764300000002 240.0 0
  179.193069 40.0 0
  179.209351 124.0 0
  179.24121100000002 5.422101 0
  179.26738 3.111111 0
  179.37394700000002 160.0 0
  179.39956700000002 180.0 0
  179.42536900000002 176.0 0
  179.443802 104.0 0
  179.608154 64.0 0
  179.715912 292.0 0
  179.891693 116.0 0
  179.938065 112.0 0
  179.954529 208.0 0
  179.962143 116.0 0
  180.048706 135.0 0
  180.05148300000002 96.0 0
  180.058807 197.658905 0
  180.06242400000002 124.0 0
  180.072809 184.0 0
  180.086105 8194.0 2
  180.095245 180.0 0
  180.143509 124.0 0
  180.24954200000002 148.0 0
  180.42996200000002 192.0 0
  180.48129300000002 92.0 0
  180.62132300000002 212.0 0
  180.904602 13.3375 0
  181.023376 568.0 0
  181.042603 240.0 0
  181.064545 180.0 0
  181.07276900000002 164.0 0
  181.104385 212.0 0
  181.144745 196.0 0
  181.19232200000002 256.0 0
  181.22262600000002 108.0 0
  181.229721 180.0 0
  181.306824 156.0 0
  181.60655200000002 68.0 0
  181.61943100000002 20.926279 0
  181.63841200000002 152.0 0
  181.649689 168.0 0
  181.75654600000001 3.047619 0
  181.828934 44.0 0
  181.865295 144.0 0
  182.05158400000002 153.0 0
  182.084351 13.95448 0
  182.09903 336.0 0
  182.159088 12.00231 0
  182.210083 56.0 0
  182.51568600000002 168.0 0
  182.528183 148.0 0
  182.61528 108.0 0
  182.632492 344.0 0
  182.80474900000002 72.0 0
  182.867386 56.0 0
  183.02040100000002 168.0 0
  183.092758 180.0 0
  183.228317 72.0 0
  183.246201 208.0 0
  183.261032 144.0 0
  183.432007 16.33333 0
  183.466171 212.0 0
  183.897964 128.0 0
  184.03533900000002 180.0 0
  184.045151 69.548317 0
  184.047501 120.0 0
  184.05275 172.0 0
  184.083221 232.0 0
  184.088623 466.0 0
  184.09582500000002 1040.0 0
  184.212265 172.0 0
  184.391556 116.0 0
  184.42778 144.0 0
  184.607574 12.00303 0
  184.610748 76.0 0
  184.700745 55.28656 0
  184.83187900000001 152.0 0
  184.91677900000002 148.0 0
  185.04151900000002 268.0 0
  185.05661 120.0 0
  185.058929 908.0 0
  185.068588 180.0 0
  185.09487900000002 744.0 0
  185.101471 144.0 0
  185.11544800000001 1052.0 0
  185.188187 42.701389 0
  185.24473600000002 112.0 0
  185.285721 120.0 0
  185.42614700000001 68.0 0
  185.599411 216.0 0
  185.767166 128.0 0
  185.797134 108.0 0
  185.949997 142194.0 30
  185.99443100000002 140.0 0
  186.025711 148.0 0
  186.054291 60.285709 0
  186.06384300000002 184.0 0
  186.081207 78.139 0
  186.13732900000002 23.11343 0
  186.15832500000002 40.0 0
  186.199982 72.0 0
  186.47714200000001 96.0 0
  186.58737200000002 96.0 0
  186.602753 128.0 0
  186.63472000000002 140.0 0
  186.805878 160.0 0
  186.938446 176.0 0
  186.972656 136.0 0
  187.051819 184.0 0
  187.074738 352.0 0
  187.08689900000002 176.0 0
  187.10780300000002 360.0 0
  187.111679 156.0 0
  187.118439 168.0 0
  187.207672 136.0 0
  187.2285 152.0 0
  187.458023 56.0 0
  187.477936 200.0 0
  187.555664 96.0 0
  187.602509 92.0 0
  187.62956200000002 160.0 0
  187.707458 120.0 0
  188.08139 164.0 0
  188.08702100000002 188.0 0
  188.105667 580.720581 0
  188.18673700000002 152.0 0
  188.24353000000002 88.0 0
  188.262506 188.0 0
  188.327377 180.0 0
  188.39767500000002 200.0 0
  188.40020800000002 56.0 0
  188.418106 224.0 0
  188.47464000000002 28.0 0
  188.59449800000002 148.0 0
  188.628418 96.0 0
  188.942032 64.0 0
  188.95150800000002 76.0 0
  188.975708 164.0 0
  188.982742 72.0 0
  189.01683 124.0 0
  189.045334 208.0 0
  189.04937700000002 144.0 0
  189.053818 35930.0 8
  189.06781 864.0 0
  189.09002700000002 216.0 0
  189.11187700000002 128.0 0
  189.13304100000002 141.266693 0
  189.14270000000002 148.0 0
  189.206329 148.0 0
  189.23640400000002 31.67952 0
  189.246338 104.0 0
  189.51348900000002 136.0 0
  189.53822300000002 60.0 0
  189.544464 116.0 0
  189.63353 4.59375 0
  189.929459 60.0 0
  189.945602 260.0 0
  189.98005700000002 248.0 0
  189.995148 164.0 0
  190.031982 202.0 0
  190.037735 252.0 0
  190.08493 152.0 0
  190.095474 304.0 0
  190.166473 216.0 0
  190.267715 168.0 0
  190.299347 220.0 0
  190.40506000000002 208.0 0
  190.45198100000002 64.0 0
  190.603561 236.0 0
  190.64372300000002 212.0 0
  190.745987 56.0 0
  190.84697 24.20351 0
  190.85496500000002 64.0 0
  190.97169300000002 141.0 0
  191.029709 236.0 0
  191.051346 184.0 0
  191.101349 172.0 0
  191.113785 212.0 0
  191.118439 5020.0 1
  191.157089 676.0 0
  191.223282 60.0 0
  191.276535 96.0 0
  191.285568 208.0 0
  191.335709 132.0 0
  191.398865 64.0 0
  191.405731 80.0 0
  191.549622 172.0 0
  191.59715300000002 64.0 0
  191.667755 132.0 0
  191.75572200000002 96.0 0
  191.779388 216.0 0
  191.95993 152.0 0
  191.979187 38.44165 0
  191.992172 116.0 0
  191.997681 152.0 0
  191.999954 84.0 0
  192.03504900000001 9523.0 2
  192.070435 40154.0 8
  192.072617 3392.0 1
  192.080338 168.0 0
  192.137177 5224.0 1
  192.169891 144.0 0
  192.549347 60.0 0
  192.62033100000002 188.0 0
  192.818192 0.060706 0
  193.05342100000001 84.0 0
  193.075073 140.0 0
  193.089203 148.0 0
  193.136353 212.0 0
  193.219604 192.0 0
  193.32692 52.0 0
  193.48692300000002 328.0 0
  193.50834700000001 184.0 0
  193.622162 132.0 0
  193.64068600000002 248.0 0
  193.66011 132.0 0
  193.749725 104.0 0
  193.779236 64.0 0
  193.801331 148.0 0
  193.817642 136.0 0
  193.90884400000002 188.0 0
  193.925247 104.0 0
  193.928726 264.0 0
  193.931351 18.97543 0
  193.98559600000002 156.0 0
  194.088776 132.0 0
  194.091721 212.0 0
  194.10289 164.0 0
  194.413116 184.0 0
  194.478699 132.0 0
  194.651703 140.0 0
  194.68888900000002 32.0 0
  194.71992500000002 53.61702 0
  194.744965 104.0 0
  194.802032 228.0 0
  194.82074 136.0 0
  194.85969500000002 46.667332 0
  194.88595600000002 68.447357 0
  194.947205 164.0 0
  195.02037 456.0 0
  195.127511 220.0 0
  195.14613300000002 268.318207 0
  195.164001 240.0 0
  195.171997 456.0 0
  195.194778 1.901389 0
  195.255951 144.0 0
  195.437851 200.0 0
  195.44996600000002 180.0 0
  195.514236 204.0 0
  195.93394500000002 132.0 0
  195.972565 108.0 0
  195.981506 104.0 0
  195.99073800000002 192.0 0
  196.030396 60.0 0
  196.055954 276.0 0
  196.060349 144.0 0
  196.090225 40.0 0
  196.115387 3778.0 1
  196.20434600000002 148.0 0
  196.26066600000001 208.0 0
  196.878082 45166.0 9
  196.997025 168.0 0
  197.069458 45.77216 0
  197.106796 120.0 0
  197.254333 148.0 0
  197.35325600000002 164.0 0
  197.48291 196.0 0
  197.601013 196.0 0
  197.661865 44.0 0
  197.741364 164.0 0
  197.834503 152.0 0
  197.974075 116.0 0
  198.06268300000002 400.0 0
  198.07264700000002 72.0 0
  198.15536500000002 60.0 0
  198.26683 116.0 0
  198.378738 144.0 0
  198.754593 132.0 0
  198.90789800000002 148.0 0
  198.91729700000002 148.0 0
  199.072876 152.0 0
  199.080307 160.0 0
  199.095697 692.0 0
  199.110107 30588.0 6
  199.12977600000002 179.0 0
  199.159042 80.0 0
  199.371674 13.51607 0
  199.40119900000002 136.0 0
  199.416412 200.0 0
  200.005707 25092.0 5
  200.051254 16893.0 4
  200.07080100000002 454.231506 0
  200.113144 84.0 0
  200.194199 180.0 0
  200.25473 132.0 0
  200.291977 52.0 0
  200.3564 184.0 0
  200.47108500000002 172.0 0
  200.50593600000002 13.83333 0
  200.654526 92.0 0
  200.710983 152.0 0
  200.71402 7.712121 0
  200.745605 176.0 0
  200.866745 184.0 0
  201.015503 84.0 0
  201.02525300000002 200.0 0
  201.035706 23005.0 5
  201.047089 192.0 0
  201.049301 774.0 0
  201.08891300000002 383888.0 80
  201.098923 144.0 0
  201.16282700000002 281.0 0
  201.19241300000002 208.0 0
  201.281799 16.615 0
  201.468948 108.0 0
  201.623306 136.0 0
  201.741196 176.0 0
  201.759552 116.0 0
  201.891617 64.0 0
  202.056656 272.0 0
  202.059402 22075.0 5
  202.064301 2392.0 1
  202.082916 159.008301 0
  202.14189100000002 180.0 0
  202.145416 32.0 0
  202.174072 224.0 0
  202.216629 76.0 0
  202.45391800000002 180.0 0
  202.495087 96.0 0
  202.562241 76.0 0
  203.00408900000002 108.0 0
  203.007797 156.0 0
  203.012299 1835.0 0
  203.053574 196.0 0
  203.069656 14988.0 3
  203.094101 420.0 0
  203.100647 2105.0 0
  203.10389700000002 209.0 0
  203.106323 2964.0 1
  203.149963 1274630.0 266
  203.159302 136.0 0
  203.188385 208.0 0
  203.245819 240.0 0
  203.37376400000002 11.26833 0
  203.39819300000002 36.0 0
  203.567642 168.0 0
  203.602112 116.0 0
  203.6987 172.0 0
  203.727417 5.07 0
  203.841583 48.0 0
  203.88313300000002 136.0 0
  203.95851100000002 112.0 0
  204.040695 76.0 0
  204.06156900000002 599.007874 0
  204.070221 17.560169 0
  204.080612 192.0 0
  204.089737 256.0 0
  204.10629300000002 136.0 0
  204.12645 116.0 0
  204.169107 140.0 0
  204.17948900000002 208.0 0
  204.320908 164.0 0
  204.541428 120.0 0
  204.853226 104.0 0
  205.049179 960.0 0
  205.05461100000002 196.0 0
  205.059158 116.0 0
  205.07766700000002 119.0 0
  205.086105 452.0 0
  205.091415 392.0 0
  205.123276 22.00119 0
  205.136078 9.375 0
  205.168106 96.0 0
  205.204315 92.0 0
  205.296387 2.0 0
  205.31526200000002 84.0 0
  205.479691 176.0 0
  205.605499 288.0 0
  205.709045 132.0 0
  205.81424 112.0 0
  205.81805400000002 196.0 0
  205.898438 148.0 0
  205.930237 116.0 0
  205.95420800000002 144.0 0
  206.00636300000002 448.0 0
  206.07547 148.0 0
  206.098495 199.359222 0
  206.390884 136.0 0
  206.45039400000002 36.0 0
  206.52388000000002 68.0 0
  206.941086 84.0 0
  207.020309 99.746078 0
  207.029861 180.0 0
  207.033386 160.0 0
  207.035721 164.0 0
  207.070953 280.0 0
  207.097748 152.0 0
  207.131531 91.628128 0
  207.13841200000002 200.0 0
  207.30127000000002 15.72431 0
  207.484543 212.0 0
  207.554855 144.0 0
  207.62496900000002 104.0 0
  207.75508100000002 128.0 0
  207.918015 140.0 0
  207.98773200000002 623.860413 0
  208.071625 6999.0 1
  208.112534 208.0 0
  208.169556 936.0 0
  208.19421400000002 196.0 0
  208.24473600000002 208.0 0
  208.26076600000002 420.0 0
  208.349747 148.0 0
  208.35939000000002 144.0 0
  208.408737 84.0 0
  208.74499500000002 180.0 0
  208.92274500000002 23.694441 0
  208.954407 100.0 0
  209.011124 1292.0 0
  209.042633 172.0 0
  209.060486 1224.0 0
  209.130966 100.0 0
  209.134125 303.514893 0
  209.164017 11.50092 0
  209.240021 51.688419 0
  209.59404 108.0 0
  209.76593 140.0 0
  210.040848 144.0 0
  210.05671700000002 168.0 0
  210.061554 152.0 0
  210.06543000000002 144.0 0
  210.099365 236.0 0
  210.113449 239.0 0
  210.13076800000002 56.0 0
  210.134384 104.0 0
  210.291458 9.678763 0
  210.296906 132.0 0
  210.383713 52.0 0
  210.57238800000002 112.0 0
  210.72641000000002 4.040064 0
  210.78280600000002 124.0 0
  210.85763500000002 248.0 0
  210.863281 180.0 0
  210.928345 18.225 0
  211.028207 290.0 0
  211.045395 21432.0 4
  211.056473 7514.0 2
  211.077988 340.0 0
  211.099106 84.0 0
  211.12127700000002 10676.0 2
  211.14402800000002 36503.550781 8
  211.20257600000002 36.0 0
  211.21708700000002 164.0 0
  211.606979 200.0 0
  211.656662 276.0 0
  211.69458 160.0 0
  211.91133100000002 88.0 0
  211.940109 152.0 0
  211.97061200000002 12.90675 0
  212.596802 76.0 0
  212.624344 76.0 0
  212.757553 164.0 0
  212.859879 188.0 0
  212.938409 164.0 0
  213.05148300000002 480.0 0
  213.076218 148.0 0
  213.085815 824.0 0
  213.089615 391.950592 0
  213.09684800000002 180.0 0
  213.12849400000002 188.0 0
  213.252899 116.0 0
  213.582849 156.0 0
  213.74580400000002 52.0 0
  213.754471 68.0 0
  213.899475 164.0 0
  214.038659 152.0 0
  214.040894 392.0 0
  214.086792 340.0 0
  214.127823 144.0 0
  214.306 148.0 0
  214.38351400000002 7.748724 0
  214.470749 256.0 0
  214.62712100000002 72.0 0
  214.665848 25.207109 0
  214.85257000000001 92.0 0
  214.85960400000002 172.0 0
  214.905304 176.0 0
  214.927841 148.0 0
  214.95593300000002 132.0 0
  215.001358 332.0 0
  215.066528 180.0 0
  215.07608000000002 156.0 0
  215.096527 88.0 0
  215.10084500000002 336.0 0
  215.14185500000002 404.0 0
  215.144058 140.0 0
  215.15931700000002 230.0 0
  215.40239 144.0 0
  215.693451 100.0 0
  215.72254900000001 136.0 0
  215.753937 180.0 0
  215.776855 108.0 0
  215.853287 64.0 0
  215.94004800000002 120.0 0
  215.97261 184.0 0
  215.97583 184.0 0
  215.984024 160.0 0
  216.015137 144.0 0
  216.046188 184.0 0
  216.05920400000002 172.0 0
  216.082886 460.0 0
  216.08573900000002 200.0 0
  216.143661 256.0 0
  216.179718 228.0 0
  216.217957 148.0 0
  216.417755 156.0 0
  216.57238800000002 72.0 0
  216.720688 164.0 0
  216.82032800000002 36.441181 0
  216.927368 104.0 0
  217.086746 432.0 0
  217.121765 240.0 0
  217.18493700000002 60.0 0
  217.215012 160.0 0
  217.252151 264.0 0
  217.28743 68.0 0
  217.29161100000002 120.0 0
  217.49379000000002 80.0 0
  217.572205 208.0 0
  217.608429 132.0 0
  217.63978600000002 164.0 0
  217.840576 72.0 0
  217.854218 60.0 0
  217.92836 44.0 0
  218.02643700000002 140.0 0
  218.054428 180.0 0
  218.236954 19.68174 0
  218.44961500000002 324.0 0
  218.463303 76.0 0
  218.467239 268.0 0
  218.56625400000001 96.0 0
  218.59371900000002 100.0 0
  218.767838 32.0 0
  218.826782 112.0 0
  218.83832700000002 172.0 0
  218.863007 256.0 0
  219.04989600000002 165179.0 35
  219.081436 176.0 0
  219.104394 1096.0 0
  219.112671 2643.285889 1
  219.118225 312.0 0
  219.1577 18428.0 4
  219.171341 6.741667 0
  219.17639200000002 76.0 0
  219.238739 136.0 0
  219.32283 124.0 0
  219.33252000000002 36.0 0
  219.398743 180.0 0
  219.504684 7.024457 0
  219.855804 116.0 0
  219.982422 204.0 0
  220.02667200000002 120.0 0
  220.061218 144.0 0
  220.07200600000002 3676.0 1
  220.086084 120.0 0
  220.20558200000002 144.0 0
  220.23971600000002 132.0 0
  220.315079 188.0 0
  220.53427100000002 144.0 0
  220.71803300000002 112.0 0
  220.74932900000002 11.16331 0
  220.791245 192.0 0
  220.92305000000002 160.0 0
  221.01121500000002 76.0 0
  221.03233300000002 160.0 0
  221.053574 232.0 0
  221.090912 1153.9729 0
  221.110626 676.0 0
  221.51005600000002 52.0 0
  221.63746600000002 132.0 0
  221.729141 140.0 0
  221.735046 24.0 0
  221.962716 156.0 0
  222.06393400000002 15666.0 3
  222.09256000000002 124.0 0
  222.100342 884.0 0
  222.107178 40.138 0
  222.124817 372.0 0
  222.546005 152.0 0
  222.63836700000002 156.0 0
  222.728973 100.0 0
  223.02894600000002 132.0 0
  223.055038 6340.0 1
  223.059631 96.0 0
  223.07028200000002 172.0 0
  223.097726 188.0 0
  223.112 1792.0 0
  223.176849 68.0 0
  223.193039 44.0 0
  223.28659100000002 92.0 0
  223.41459700000001 4.66821 0
  223.602341 180.0 0
  223.730972 164.0 0
  223.73422200000002 32.0 0
  223.83303800000002 144.0 0
  223.97026100000002 196.0 0
  224.000809 108.0 0
  224.022186 836.0 0
  224.13552900000002 120.0 0
  224.17082200000002 120.0 0
  224.323212 196.0 0
  224.329407 11.565751 0
  224.462509 64.0 0
  224.56904600000001 68.0 0
  224.62088 19.125 0
  225.07518000000002 164.0 0
  225.083389 30.528391 0
  225.088638 224.0 0
  225.160446 172.0 0
  225.25825500000002 96.0 0
  225.53976400000002 12.29306 0
  225.61573800000002 32.0 0
  225.981354 88.0 0
  226.056778 251.0 0
  226.064514 1344.0 0
  226.09469 424.0 0
  226.11824000000001 292.0 0
  226.13446000000002 272.0 0
  226.364868 76.0 0
  226.688126 144.0 0
  226.75325 176.0 0
  226.797241 148.0 0
  226.888031 52.0 0
  226.942529 172.0 0
  226.951157 184.0 0
  226.95391800000002 60.0 0
  227.069717 988.0 0
  227.104599 55665.0 12
  227.140137 132.0 0
  227.5466 120.0 0
  227.716995 280.0 0
  227.866867 148.0 0
  227.926193 164.0 0
  227.995575 124.0 0
  228.082016 392.0 0
  228.103973 184.0 0
  228.107101 1108.0 0
  228.115021 824.0 0
  228.347397 144.0 0
  228.39653 160.0 0
  228.454025 156.0 0
  228.567352 120.0 0
  228.71897900000002 152.0 0
  228.73117100000002 144.0 0
  229.029739 132.0 0
  229.063995 230793.0 48
  229.120605 1776.0 0
  229.23597700000002 204.0 0
  229.243256 180.0 0
  229.518524 61.93185 0
  229.565552 88.0 0
  229.747116 156.0 0
  229.762527 59.95306 0
  230.073959 128.0 0
  230.080468 228.0 0
  230.091782 136.0 0
  230.10363800000002 22.42782 0
  230.59629800000002 160.0 0
  230.65219100000002 44.0 0
  230.691559 40.0 0
  230.805283 44.0 0
  230.824646 180.0 0
  231.05178800000002 4.347222 0
  231.064728 12.51855 0
  231.174026 172.0 0
  231.188751 104.0 0
  231.309784 96.0 0
  231.315765 184.0 0
  231.46833800000002 152.0 0
  231.910782 148.0 0
  231.916458 68.0 0
  231.989914 124.0 0
  232.035568 172.0 0
  232.07728600000002 19212.0 4
  232.086182 148.0 0
  232.105331 2368.0 0
  232.108673 228.0 0
  232.111465 104.0 0
  232.121078 288.0 0
  232.168823 124.0 0
  232.18339500000002 120.0 0
  232.18945300000001 204.0 0
  232.308289 52.0 0
  232.68734700000002 48.0 0
  232.78796400000002 3.912037 0
  232.803833 152.0 0
  232.92291300000002 104.0 0
  233.040955 320.0 0
  233.079285 207.0 0
  233.13 1.0 0
  233.140823 56.0 0
  233.27562 176.0 0
  233.30439800000002 100.0 0
  233.415826 68.0 0
  233.48533600000002 80.0 0
  233.60943600000002 156.0 0
  233.750046 124.0 0
  233.875504 164.0 0
  233.988907 60.0 0
  234.00238000000002 164.0 0
  234.058578 4592.0 1
  234.125626 136.0 0
  234.28020600000002 698.0 0
  234.305573 84.0 0
  234.67617800000002 5.346264 0
  234.816132 60.0 0
  234.97485400000002 136.0 0
  235.07041900000002 172.0 0
  235.14222700000002 104.425598 0
  235.189987 100.0 0
  235.199341 176.0 0
  235.211197 60.0 0
  235.354553 132.0 0
  235.504807 56.0 0
  235.64238 112.0 0
  235.73065200000002 5.787037 0
  236.221878 184.0 0
  236.627686 136.0 0
  236.713684 120.0 0
  236.728043 128.0 0
  236.775406 180.0 0
  236.779953 144.0 0
  236.897583 1324.542725 0
  237.288141 188.0 0
  237.332504 144.0 0
  237.399948 136.0 0
  237.65737900000002 144.0 0
  237.76052900000002 112.0 0
  238.03105200000002 140.0 0
  238.10685700000002 408.0 0
  238.184167 108.0 0
  238.212463 164.0 0
  238.252197 10456.0 2
  238.274902 29.319771 0
  238.662781 196.0 0
  238.73408500000002 212.0 0
  238.76379400000002 196.0 0
  238.94000200000002 72.0 0
  238.966934 208.0 0
  239.11828 132.0 0
  239.13848900000002 104.854202 0
  239.154434 72.0 0
  239.17901600000002 169.166595 0
  239.597824 232.0 0
  239.715744 112.0 0
  239.793091 6.507246 0
  239.84710700000002 192.0 0
  240.037842 160.0 0
  240.04837 52.0 0
  240.05117800000002 40.0 0
  240.065613 184.0 0
  240.22049 124.0 0
  240.255997 148.0 0
  240.756851 40.140629 0
  240.874603 84.0 0
  240.93296800000002 64.0 0
  241.005951 136.0 0
  241.07135 880.0 0
  241.085678 624.0 0
  241.15394600000002 18.65988 0
  241.15979000000002 132.0 0
  241.195953 68.0 0
  241.23838800000001 60.0 0
  241.46492 160.0 0
  241.53808600000002 148.0 0
  242.094894 412.0 0
  242.156067 164.0 0
  242.205185 156.0 0
  242.29109200000002 136.0 0
  242.420502 32.60849 0
  243.043823 1034.0 0
  243.057602 896.0 0
  243.12707500000002 64.0 0
  243.15831 168.0 0
  243.17549100000002 116.0 0
  243.30368 196.0 0
  243.317719 84.0 0
  243.45387300000002 15.00893 0
  243.551117 48.0 0
  243.765152 76.0 0
  243.93956 116.0 0
  243.953629 116.0 0
  244.05311600000002 128.0 0
  244.089996 772.0 0
  244.104355 420.0 0
  244.113922 156.0 0
  244.160416 80.0 0
  244.188339 3435.924072 1
  244.239679 120.0 0
  244.529449 132.0 0
  244.553864 16.403 0
  244.615258 168.0 0
  244.689941 140.0 0
  244.75795000000002 96.0 0
  244.949478 264.0 0
  245.066528 2492.0 1
  245.071472 1672.0 0
  245.098114 232.0 0
  245.12709 2224.216064 0
  245.145645 96.0 0
  245.201324 176.0 0
  245.207916 48.0 0
  245.335419 9.173611 0
  245.498871 9.856061 0
  245.568344 48.0 0
  245.97477700000002 144.0 0
  246.148163 1256.0 0
  246.209122 148.0 0
  246.598984 40.0 0
  246.79646300000002 108.0 0
  247.01559400000002 52.0 0
  247.09057 1148.0 0
  247.143829 1016.0 0
  247.21261 164.0 0
  247.224228 11.11765 0
  247.445794 196.0 0
  247.539658 52.0 0
  247.701828 96.0 0
  247.914612 64.0 0
  247.92541500000002 160.0 0
  248.11526500000002 76.8125 0
  248.176666 184.0 0
  248.24533100000002 3252.0 1
  248.43420400000002 184.0 0
  248.483597 28.688801 0
  248.501251 46.71022 0
  248.73777800000002 56.0 0
  248.95816000000002 68.0 0
  249.015701 210.001007 0
  249.081284 144.0 0
  249.096359 340.0 0
  249.132233 308.0 0
  249.159927 14730.009766 3
  249.166382 4036.0 1
  249.63458300000002 84.0 0
  249.710251 7.6 0
  249.988998 136.0 0
  250.077255 66.53537 0
  250.084045 272.0 0
  250.129028 52.0 0
  250.16609200000002 276.0 0
  250.19986 224.0 0
  250.37411500000002 152.0 0
  250.532501 212.0 0
  250.743515 2.347222 0
  250.74705500000002 84.0 0
  250.906937 152.0 0
  251.06419400000001 404.410889 0
  251.09079 1632.0 0
  251.144318 328.0 0
  251.150009 208.0 0
  251.216522 3.016667 0
  251.31114200000002 10.96014 0
  251.72615100000002 88.0 0
  251.91272 107.526802 0
  252.029007 53285.0 11
  252.0569 75.809776 0
  252.076004 569469.0 119
  252.078934 4992.0 1
  252.149002 644.0 0
  252.19876100000002 140.0 0
  252.28920000000002 160.0 0
  252.386276 10.72024 0
  252.503906 72.0 0
  252.59960900000002 56.0 0
  252.610428 156.0 0
  252.932159 168.0 0
  253.042267 84.0 0
  253.092148 114.641098 0
  253.51416 144.0 0
  253.62207 92.0 0
  253.85200500000002 136.0 0
  253.893326 140.0 0
  253.996735 160.0 0
  254.074631 593462.0 124
  254.14622500000002 172.0 0
  254.191391 108.0 0
  254.3974 11.22715 0
  255.033676 160.0 0
  255.078293 608.0 0
  255.085876 20.600929 0
  255.117273 893.0 0
  255.147949 388.0 0
  255.271591 9.706667 0
  256.020966 108.0 0
  256.152527 132.0 0
  256.655914 13.56944 0
  256.825409 64.0 0
  257.040802 128.0 0
  257.055725 456.0 0
  257.068695 140.0 0
  257.09826699999996 3770.0 1
  257.140961 22.52009 0
  257.149933 160.0 0
  257.186401 332.0 0
  257.77178999999995 136.0 0
  258.057281 176.0 0
  258.083466 100.0 0
  258.08856199999997 2132.0 0
  258.11724899999996 140.0 0
  258.14410399999997 4.041667 0
  258.499481 60.913719 0
  258.97619599999996 160.0 0
  259.07955899999996 15300.0 3
  259.088257 144.0 0
  259.20617699999997 54.278641 0
  259.20971699999996 164.0 0
  259.296112 320.0 0
  259.431519 76.0 0
  259.443604 34.63726 0
  259.538239 44.0 0
  259.55758699999996 96.0 0
  260.24618499999997 10.68015 0
  260.29684399999996 184.0 0
  260.455261 196.0 0
  260.788208 56.0 0
  260.96441699999997 436.0 0
  261.037018 282.0 0
  261.19674699999996 132.0 0
  261.57608 148.0 0
  261.658142 148.0 0
  262.073425 784.0 0
  262.14504999999997 56.0 0
  262.234924 172.0 0
  262.289307 176.0 0
  262.291992 10.75725 0
  262.51889 164.0 0
  262.706482 148.0 0
  262.776031 96.0 0
  262.84912099999997 76.0 0
  262.947662 200.0 0
  262.992035 332.0 0
  263.037109 39.106339 0
  263.053436 168.0 0
  263.05801399999996 50.295071 0
  263.069458 1836.0 0
  263.18395999999996 5.734848 0
  263.27392599999996 148.0 0
  263.79461699999996 136.0 0
  263.87051399999996 128.0 0
  264.180658 140.0 0
  264.382843 208.0 0
  264.804504 192.0 0
  265.086975 11428.0 2
  265.29263299999997 204.0 0
  265.356232 104.0 0
  266.00460799999996 6.020833 0
  266.054535 200.0 0
  266.454193 48.0 0
  266.463348 156.0 0
  266.483765 220.0 0
  266.842804 60.0 0
  267.029877 836.0 0
  267.06170699999996 412.0 0
  267.067505 388.0 0
  267.076447 180.0 0
  267.083954 164.0 0
  267.13888499999996 300.311493 0
  267.149048 2552.0 1
  267.186676 208.0 0
  267.251892 11.67448 0
  267.442261 32.0 0
  267.745056 9.015625 0
  267.89196799999996 112.0 0
  268.08514399999996 22049.0 5
  268.111023 144.0 0
  268.50967399999996 17.41 0
  268.515924 140.0 0
  268.58786 68.0 0
  268.739807 164.0 0
  268.883087 184.0 0
  269.051758 156.0 0
  269.088165 240.0 0
  269.164917 96.0 0
  269.196808 32.0 0
  269.67247899999995 48.0 0
  270.086151 172.0 0
  270.125 4779200.0 999
  270.145782 144.0 0
  270.148956 88.0 0
  270.459381 192.0 0
  270.488068 80.0 0
  270.675995 200.0 0
  270.76440399999996 168.0 0
  270.88903799999997 84.0 0
  270.947296 72.0 0
  271.041199 52.0 0
  271.05426 192.0 0
  271.14910899999995 160.0 0
  271.415619 280.0 0
  271.49386599999997 84.0 0
  271.594513 112.0 0
  271.988251 116.0 0
  272.00958299999996 176.0 0
  272.073669 324.0 0
  272.142181 196.0 0
  272.43548599999997 180.0 0
  272.565857 104.0 0
  273.118073 947.0 0
  273.31417799999997 10.75339 0
  273.477539 6.633772 0
  273.673584 44.0 0
  273.763336 2.217308 0
  274.022583 41246.0 9
  274.038574 128.0 0
  274.04247999999995 436.0 0
  274.09381099999996 148.0 0
  274.141571 46.213711 0
  274.418182 204.0 0
  274.826752 60.0 0
  275.761353 176.0 0
  275.858765 236.0 0
  276.0961 164.0 0
  276.11758399999997 344.0 0
  276.16137699999996 96.0 0
  276.549286 156.0 0
  276.962585 252.0 0
  277.099969 128.0 0
  277.169312 156.0 0
  277.30380199999996 44.0 0
  277.3685 160.0 0
  277.385223 148.0 0
  277.400421 68.0 0
  277.59759499999996 212.0 0
  277.714752 264.0 0
  278.031525 144.0 0
  278.141479 128.0 0
  278.148438 160.0 0
  278.21057099999996 581.38562 0
  278.294403 68.0 0
  278.64034999999996 84.0 0
  278.809753 68.0 0
  279.065094 596.0 0
  279.113434 463.0 0
  279.332184 64.0 0
  279.55001799999997 5.702587 0
  279.69409199999996 100.0 0
  280.101953 536.0 0
  280.11864599999996 206.0 0
  280.17749 112.0 0
  280.18600499999997 128.0 0
  280.22918699999997 172.0 0
  280.27401699999996 148.0 0
  280.768311 116.0 0
  281.08847 60175.0 13
  281.098907 464.0 0
  281.339966 136.0 0
  281.348816 4.678571 0
  281.37197899999995 240.0 0
  281.87262 136.0 0
  282.053345 15168.0 3
  282.086121 380.0 0
  282.10650599999997 10.90936 0
  282.12053799999995 256.0 0
  282.155212 456.0 0
  282.173889 80.0 0
  282.90792799999997 128.0 0
  282.997681 188.0 0
  283.16644299999996 164.0 0
  283.397339 100.0 0
  283.65844699999997 20.185261 0
  283.697052 152.0 0
  283.75237999999996 168.0 0
  283.95361299999996 10.89851 0
  284.11218299999996 288.0 0
  284.154388 296.0 0
  284.217804 36.0 0
  284.258423 204.0 0
  284.559448 42.445751 0
  284.60153199999996 60.0 0
  285.01791399999996 172.0 0
  285.035919 421.0 0
  285.072296 164.0 0
  285.09854099999995 183.454498 0
  285.108368 208.0 0
  285.18164099999996 556.0 0
  285.18652299999997 204.0 0
  285.674957 44.0 0
  285.70474199999995 168.0 0
  285.839722 56.0 0
  286.04067999999995 574.0 0
  286.064941 15852.0 3
  286.191528 1404.0 0
  286.208954 8549.0 2
  286.25152599999996 52.0 0
  286.392212 45.715778 0
  286.57241799999997 6.3375 0
  286.993378 100.445 0
  287.03698699999995 180.0 0
  287.082336 3604.0 1
  287.63406399999997 68.0 0
  287.914001 200.0 0
  288.369415 148.0 0
  288.428925 92.0 0
  288.54949999999997 140.0 0
  289.042419 4835.0 1
  289.25 3.29584 0
  290.02025699999996 128.0 0
  290.047821 168.0 0
  290.17211299999997 364.0 0
  290.393829 7.375 0
  290.65036 144.0 0
  290.948822 10.57615 0
  291.060944 1904.0 0
  291.087 1.0 0
  291.12298599999997 2313.0 0
  292.03240999999997 338496.0 71
  292.037469 196.0 0
  292.063501 140.0 0
  292.07196 45208.0 9
  292.104523 528.0 0
  292.168396 284.0 0
  292.486786 80.0 0
  292.563141 180.0 0
  292.81143199999997 276.0 0
  292.975311 39.341312 0
  293.157532 152.0 0
  293.174377 128.0 0
  294.05087299999997 120.0 0
  294.099762 160.0 0
  294.144684 180.600006 0
  295.077179 144.0 0
  295.134888 276.0 0
  295.158844 144.0 0
  295.183044 96.0 0
  295.236267 8.011363 0
  295.77865599999996 56.0 0
  296.03079199999996 120.0 0
  296.095886 2360.0 0
  296.150146 76.0 0
  296.249664 4.674242 0
  296.426605 6.482143 0
  297.019098 888.0 0
  297.068695 31227.0 7
  297.19418299999995 308.0 0
  297.254639 30.05862 0
  298.00354 104.0 0
  298.028168 22.333771 0
  298.10611 184.0 0
  298.14910899999995 136.0 0
  298.16983 164.0 0
  298.522827 60.0 0
  298.5625 136.0 0
  298.619965 132.0 0
  299.03329499999995 488.0 0
  299.15792799999997 1028.171875 0
  299.16488599999997 56.0 0
  299.890466 176.0 0
  300.07561599999997 120.0 0
  300.153351 164.0 0
  300.158142 118.003998 0
  300.18859899999995 72.0 0
  300.746216 152.0 0
  300.787384 60.0 0
  300.86706499999997 184.0 0
  301.00787399999996 140.0 0
  301.356476 236.0 0
  301.473999 4.694444 0
  301.71237199999996 104.0 0
  303.010406 1126.0 0
  303.062195 144.0 0
  303.06787099999997 132.0 0
  303.089966 156.0 0
  303.430206 36.0 0
  303.523193 52.0 0
  303.797913 140.0 0
  304.014862 152.0 0
  304.03250099999997 144.0 0
  304.442596 100.0 0
  304.46637 80.0 0
  304.73348999999996 60.0 0
  304.97790499999996 156.0 0
  305.154022 156.0 0
  305.17037999999997 88.0 0
  305.219208 164.0 0
  305.307465 292.0 0
  305.57046499999996 144.0 0
  306.01791399999996 136.0 0
  306.2117 156.0 0
  306.309662 72.0 0
  306.356628 188.0 0
  307.277039 64.0 0
  307.361023 8.666667 0
  307.587433 72.0 0
  308.34063699999996 172.0 0
  308.356323 10.38075 0
  308.367188 12.69667 0
  308.396759 36.0 0
  308.76635699999997 72.0 0
  308.878632 68.0 0
  309.069885 627.0 0
  309.07543899999996 124.0 0
  309.193024 264.0 0
  309.238922 180.0 0
  309.61758399999997 120.0 0
  309.966766 128.0 0
  310.089746 208.0 0
  310.170074 108.0 0
  310.183197 236.0 0
  310.278076 64.0 0
  310.36038199999996 44.0 0
  310.811584 112.0 0
  311.173004 35356.0 7
  311.288818 76.544083 0
  311.357849 116.0 0
  311.418274 108.0 0
  312.20422399999995 516.0 0
  312.217499 1731.626953 0
  312.256989 107.302818 0
  313.18344099999996 139.0 0
  313.449432 152.0 0
  314.009277 65.103119 0
  315.15976 29.42841 0
  315.336304 48.0 0
  315.467407 172.0 0
  315.63638299999997 263.657135 0
  315.640442 88.0 0
  316.031189 312.0 0
  316.06597899999997 21.123461 0
  316.17749 145.0 0
  316.70275899999996 156.0 0
  316.83599899999996 156.0 0
  317.199341 76.0 0
  317.212433 212.0 0
  317.789276 92.0 0
  317.91000399999996 160.0 0
  317.917419 120.0 0
  318.10763499999996 144.0 0
  319.21890299999995 172.0 0
  319.235596 1916.901001 0
  319.48605299999997 68.0 0
  320.064636 140.0 0
  320.073914 440.0 0
  320.264587 144.0 0
  321.103638 28.0 0
  321.35171499999996 10.15686 0
  321.3927 71.661362 0
  322.385223 40.0 0
  322.40939299999997 56.0 0
  322.66272 48.0 0
  322.825989 96.0 0
  323.127441 78210.0 16
  323.133575 364.0 0
  323.230865 236.0 0
  323.293823 144.0 0
  323.567413 152.0 0
  324.024628 180.0 0
  324.137695 312.0 0
  324.511377 180.0 0
  324.967621 152.0 0
  325.036072 208.0 0
  325.06881699999997 336.0 0
  326.16204799999997 336.0 0
  326.17846699999996 188.0 0
  326.698059 144.0 0
  326.729431 148.0 0
  326.96408099999996 136.0 0
  327.230713 3540.064941 1
  327.25006099999996 112.0 0
  327.99408 144.0 0
  328.07009899999997 120.0 0
  328.10034199999996 132.0 0
  328.169067 156.0 0
  328.399719 184.0 0
  328.88208 220.0 0
  328.91412399999996 188.0 0
  329.12615999999997 668.0 0
  330.14334099999996 176.0 0
  330.20635999999996 112.0 0
  330.25167799999997 19.415039 0
  330.26358 120.0 0
  331.10256999999996 140.0 0
  331.224426 1496.0 0
  331.960449 60.0 0
  332.06369 264.0 0
  332.524811 168.0 0
  333.42648299999996 140.0 0
  333.856323 180.0 0
  334.16625999999997 196.0 0
  334.63458299999996 80.0 0
  334.68823199999997 152.0 0
  334.713501 156.0 0
  335.03509499999996 152.0 0
  335.06842 116.0 0
  335.66076699999996 84.0 0
  336.13680999999997 232.0 0
  336.200562 108.0 0
  336.252441 176.0 0
  337.00787399999996 156.0 0
  337.112762 152.0 0
  337.247375 154432.59375 32
  337.757385 128.0 0
  338.12667799999997 500.0 0
  338.19717399999996 172.0 0
  338.78088399999996 11.14525 0
  338.987823 172.0 0
  339.13433799999996 113.567398 0
  339.14547699999997 152.0 0
  339.237579 100.0 0
  339.59002699999996 64.0 0
  339.645935 116.0 0
  340.097717 116.0 0
  340.105645 136.0 0
  340.781067 247.926224 0
  340.923859 76.0 0
  340.99911499999996 208.0 0
  341.021301 152.0 0
  341.058899 180.0 0
  341.162506 12.97663 0
  341.23547399999995 64.0 0
  341.62084999999996 164.0 0
  342.006439 112.0 0
  342.16299399999997 196.0 0
  343.171356 260.0 0
  343.731567 148.0 0
  344.10195899999997 164.0 0
  344.346771 44.0 0
  344.862762 356.0 0
  345.09256 116.0 0
  347.18395999999996 128.0 0
  347.438812 56.0 0
  347.70626799999997 96.0 0
  347.76766999999995 88.0 0
  348.02929 152.0 0
  348.118188 172.0 0
  348.13064599999996 136.0 0
  348.143494 16.852381 0
  349.232751 224.0 0
  349.75991799999997 44.0 0
  349.805908 54.481991 0
  349.947479 6.399193 0
  349.956421 52.0 0
  350.029694 28.739571 0
  350.14034999999996 84.0 0
  350.273804 192.0 0
  350.540527 100.0 0
  351.114777 550.315491 0
  351.19342 90.015808 0
  351.83139 96.0 0
  352.148468 156.0 0
  352.301636 29.889879 0
  352.795074 8.260869 0
  352.805054 79.858482 0
  354.07640999999995 152.0 0
  355.187836 3792.0 1
  355.65399199999996 9.875 0
  356.602875 140.0 0
  356.771393 64.563431 0
  357.051636 449.0 0
  357.094788 2952.0 1
  357.41272 64.0 0
  357.99258399999997 148.0 0
  358.126831 25.785469 0
  358.379395 48.0 0
  359.63647499999996 236.0 0
  359.87402299999997 140.0 0
  360.252167 328.0 0
  360.350739 40.0 0
  360.64822399999997 260.0 0
  360.95550499999996 172.0 0
  361.132568 104.0 0
  361.251373 728.0 0
  361.290527 72.0 0
  361.340607 236.0 0
  361.469604 52.0 0
  361.95516999999995 132.0 0
  362.40918 60.0 0
  362.626038 60.0 0
  362.846619 83.668938 0
  363.235321 52.0 0
  363.478149 88.0 0
  364.14773599999995 119.385002 0
  364.478058 172.0 0
  365.031586 172.0 0
  365.111816 192.0 0
  365.14144899999997 84.0 0
  365.33786 160.0 0
  365.761322 148.0 0
  367.45919799999996 76.0 0
  368.98031599999996 144.0 0
  369.08770799999996 180.0 0
  369.19485499999996 176.0 0
  369.465942 116.0 0
  369.526215 60.0 0
  370.228699 60.0 0
  370.403748 104.0 0
  371.13122599999997 120.0 0
  371.196625 104.0 0
  371.80886799999996 140.0 0
  372.39523299999996 40.0 0
  373.20962499999996 212.0 0
  374.158691 1084.0 0
  374.62918099999996 216.0 0
  374.92276 68.0 0
  374.965576 140.0 0
  375.261712 196.0 0
  376.04361 60.0 0
  377.107666 96.0 0
  378.123962 36.0 0
  378.851471 40.0 0
  379.274719 196.0 0
  379.54042899999996 216.0 0
  379.971252 168.0 0
  380.13259899999997 504.0 0
  381.21637 244.0 0
  382.386444 148.0 0
  383.154053 2031.322998 0
  383.736389 148.0 0
  384.23974599999997 19.648439 0
  384.64779699999997 8.847222 0
  384.845215 116.0 0
  386.95047 56.0 0
  387.920166 284.0 0
  388.169586 28.0 0
  388.37573199999997 208.0 0
  388.625122 160.0 0
  390.46597299999996 128.0 0
  390.62643399999996 72.0 0
  391.24868799999996 152.0 0
  392.27273599999995 4.877244 0
  393.309448 426.316986 0
  395.17373699999996 436.0 0
  396.135132 124.0 0
  397.382935 88.0 0
  398.902466 320.0 0
  400.112549 168.0 0
  400.187103 52.0 0
  400.21673599999997 85.100594 0
  401.58770799999996 116.0 0
  402.00057999999996 580.0 0
  402.059448 108.0 0
  402.985413 0.366112 0
  403.097137 136.0 0
  403.307526 96.0 0
  403.999756 64.0 0
  404.070831 140.0 0
  404.265411 4.03438 0
  404.729858 52.0 0
  404.741577 164.0 0
  405.17587299999997 164.0 0
  406.903168 156.0 0
  407.166138 948.0 0
  407.85128799999995 80.0 0
  408.75057999999996 196.0 0
  409.15948499999996 1796.0 0
  409.415558 180.0 0
  409.655579 140.0 0
  410.135431 148.0 0
  410.530175 176.0 0
  411.108704 48.0 0
  413.16668699999997 7.232775 0
  414.383514 91.114082 0
  414.415771 104.0 0
  415.065545 1343.0 0
  415.257318 300.0 0
  415.687256 228.0 0
  415.879669 80.0 0
  416.00323499999996 200.0 0
  416.267273 5.694022 0
  418.167419 104.0 0
  418.608551 60.0 0
  420.135498 10.72407 0
  421.17897899999997 168.0 0
  421.482513 120.0 0
  421.98879999999997 140.0 0
  422.150872 144.0 0
  422.162109 44.0 0
  422.17269899999997 134708.0 28
  424.14215099999996 152.0 0
  424.535309 164.0 0
  425.91445899999997 224.0 0
  426.771118 144.0 0
  427.065887 176.0 0
  429.12695299999996 16.13587 0
  431.109222 8208.0 2
  431.359582 136.0 0
  433.07388299999997 136.0 0
  433.274292 3.852273 0
  433.33969099999996 172.0 0
  433.963959 16.640989 0
  433.992615 31580.0 7
  434.15570099999997 120.0 0
  434.265961 56.0 0
  434.311249 1596.0 0
  434.321075 96.0 0
  434.813928 176.0 0
  435.178491 336.0 0
  436.18985 120.0 0
  436.430206 48.0 0
  439.054688 100.0 0
  439.090515 224.0 0
  439.857605 8.109649 0
  440.485352 132.0 0
  441.372864 140.0 0
  441.696039 196.0 0
  441.809845 112.0 0
  442.185547 112704.203125 24
  443.632843 32.0 0
  444.16711399999997 136.0 0
  444.655212 112.0 0
  446.198395 102.7967 0
  446.246338 156.0 0
  446.801117 21.038521 0
  447.291595 164.0 0
  450.890015 144.0 0
  453.29617299999995 1558.370972 0
  453.852692 128.0 0
  454.23004199999997 196.0 0
  454.60504199999997 108.0 0
  455.215088 128.0 0
  455.34365199999996 160.0 0
  456.306915 10.662458 0
  457.29326799999996 1404.0 0
  461.11712 200.0 0
  461.97406 96.0 0
  465.02297999999996 92.0 0
  465.405945 56.0 0
  467.946808 72.0 0
  468.000122 104.0 0
  468.34216299999997 41284.988281 9
  468.42965699999996 160.0 0
  470.36364699999996 4.415839 0
  472.259003 136.0 0
  472.275665 10.88889 0
  473.15625 124.0 0
  473.333032 184.0 0
  474.24755899999997 34.154285 0
  474.947144 1822.0 0
  479.09509299999996 805.0 0
  479.91583299999996 188.0 0
  489.409637 200.0 0
  495.035736 59.112499 0
  496.4 1.0 0
  498.99594099999996 100.0 0
  499.129303 17.0 0
  499.29092399999996 155.815002 0
  499.34115599999996 155.3582 0
  500.212585 8430.0 2
  505.246338 124.0 0
  512.412476 144.0 0
  512.725342 9.919068 0
  517.6879270000001 228.0 0
  519.207947 180.0 0
  520.4044190000001 84.0 0
  522.162048 204.0 0
  530.2754520000001 146248.0 31
//
