ACCESSION: CCMSLIB00000080376
RECORD_TITLE: decoy
DATE: 2015.11.20
AUTHORS: Administrator
LICENSE: CC BY-SA
CH$NAME: decoy
CH$COMPOUND_CLASS: Natural Product
CH$FORMULA: C19H20N2O7S
CH$EXACT_MASS: 420.09912197999995
CH$SMILES: N/A
CH$IUPAC: decoy
CH$LINK: N/A
AC$INSTRUMENT: decoy
AC$INSTRUMENT_TYPE: decoy
AC$MASS_SPECTROMETRY: MS_TYPE MS2
AC$MASS_SPECTROMETRY: ION_MODE POSITIVE
AC$MASS_SPECTROMETRY: COLLISION_ENERGY 10 V
MS$FOCUSED_ION: PRECURSOR_M/Z 421
MS$FOCUSED_ION: PRECURSOR_TYPE [M+H]+
PK$NUM_PEAK: 812
PK$PEAK: m/z int. rel.int.
  42.972558 168.0 0
  45.005135 132.0 0
  45.140537 164.0 0
  45.161003 192.0 0
  45.253353000000004 124.0 0
  45.32542 144.0 0
  46.750771 132.0 0
  46.792477 128.0 0
  47.481697000000004 60.0 0
  50.059368 216.0 0
  50.851288000000004 144.0 0
  51.147182 164.0 0
  51.58012 164.0 0
  52.428482 180.0 0
  52.557266 80.0 0
  52.771271 168.0 0
  52.792793 144.0 0
  53.364182 144.0 0
  53.557728000000004 152.0 0
  53.640957 208.0 0
  53.83672 200.0 0
  55.09409 240.0 0
  55.55666 196.0 0
  55.812057 200.0 0
  56.561695 164.0 0
  57.031788 176.0 0
  57.376781 148.0 0
  57.542118 156.0 0
  57.823174 204.0 0
  59.020546 220.0 0
  59.480644 144.0 0
  59.998543 200.0 0
  60.185013000000005 148.0 0
  60.38311 164.0 0
  60.678871 140.0 0
  60.851311 128.0 0
  61.912579 192.0 0
  62.512474000000005 100.0 0
  63.142441 216.0 0
  63.180992 116.0 0
  63.290867 168.0 0
  63.378548 152.0 0
  64.080956 184.0 0
  64.510075 144.0 0
  65.45024099999999 196.0 0
  67.788017 160.0 0
  67.793335 144.0 0
  68.633347 188.0 0
  68.89536299999999 176.0 0
  68.91283399999999 152.0 0
  69.042107 156.0 0
  69.186264 168.0 0
  69.38029499999999 248.0 0
  70.01194799999999 188.0 0
  70.475128 192.0 0
  70.72619599999999 68.0 0
  71.21264599999999 19.01136 0
  71.28018999999999 200.0 0
  72.37606099999999 80.0 0
  72.945709 220.0 0
  73.019638 164.0 0
  73.184952 168.0 0
  73.20964099999999 224.0 0
  73.44479399999999 120.0 0
  73.971222 148.0 0
  74.250328 160.0 0
  74.369537 172.0 0
  74.88207999999999 172.0 0
  75.023468 156.0 0
  76.320488 148.0 0
  76.378395 140.0 0
  77.18711099999999 264.0 0
  77.276382 244.0 0
  78.954849 196.0 0
  80.502174 192.0 0
  81.001373 112.0 0
  81.067696 2815.780029 1
  81.45326999999999 184.0 0
  81.97591399999999 192.0 0
  83.008682 136.0 0
  83.01647899999999 208.0 0
  83.05587799999999 192.0 0
  83.09580199999999 140.0 0
  83.16774699999999 308.0 0
  83.260002 188.0 0
  84.125603 156.0 0
  84.228645 156.0 0
  84.67787899999999 100.0 0
  84.848671 164.0 0
  84.87924199999999 208.0 0
  84.94341999999999 160.0 0
  85.38855 172.0 0
  85.40568499999999 168.0 0
  86.09743499999999 3248.702881 1
  86.198448 128.0 0
  86.218498 160.0 0
  87.068237 168.0 0
  87.22921 184.0 0
  88.842979 216.0 0
  89.012878 232.0 0
  89.082245 216.0 0
  90.105453 196.0 0
  90.22435 108.0 0
  90.68216699999999 196.0 0
  90.950966 168.0 0
  91.19421399999999 192.0 0
  91.236069 76.0 0
  92.391251 212.0 0
  92.80163599999999 192.0 0
  93.13192 28.0 0
  93.186371 120.0 0
  93.679085 180.0 0
  94.78398899999999 248.0 0
  95.47477699999999 128.0 0
  95.52602399999999 156.0 0
  95.68772899999999 140.0 0
  95.73599999999999 144.0 0
  96.19382499999999 148.0 0
  96.356415 196.0 0
  96.60855099999999 76.0 0
  97.17489599999999 276.0 0
  97.24039499999999 172.0 0
  97.681145 216.0 0
  97.692352 152.0 0
  97.998543 228.0 0
  98.666702 108.0 0
  98.74977899999999 148.0 0
  98.828796 240.0 0
  99.00523399999999 196.0 0
  99.108139 192.0 0
  99.214333 120.0 0
  99.67311099999999 152.0 0
  99.968643 152.0 0
  100.01799799999999 184.0 0
  100.11709599999999 196.0 0
  100.18377699999999 188.0 0
  100.220047 236.0 0
  100.372986 108.0 0
  100.493614 172.0 0
  100.50297499999999 140.0 0
  100.986717 164.0 0
  101.007812 148.0 0
  101.061623 33.976311 0
  101.143295 156.0 0
  101.283394 200.0 0
  101.366333 120.0 0
  101.59597799999999 96.0 0
  101.67804699999999 224.0 0
  101.80396999999999 164.0 0
  102.603325 128.0 0
  102.62653399999999 168.0 0
  102.788811 216.0 0
  103.033836 576.0 0
  103.054047 252.0 0
  103.056618 228.0 0
  103.121895 136.0 0
  103.168205 160.0 0
  103.586655 136.0 0
  104.15999599999999 104.0 0
  104.64357 168.0 0
  104.896507 232.0 0
  105.03495 164.0 0
  105.05748 240.0 0
  105.066643 168.0 0
  105.06888599999999 99.802132 0
  105.08122999999999 312.0 0
  105.294647 42.150589 0
  105.56510899999999 120.0 0
  105.640419 140.0 0
  105.9617 124.0 0
  106.535522 228.0 0
  106.733864 132.0 0
  106.741608 196.0 0
  106.773315 160.0 0
  106.78995499999999 256.0 0
  106.98825799999999 208.0 0
  107.049004 1463.391968 0
  107.07185399999999 79.527367 0
  107.349701 76.0 0
  107.55323 72.0 0
  107.988396 124.0 0
  107.99479699999999 52.0 0
  108.05208599999999 264.0 0
  108.404068 72.0 0
  108.442223 160.0 0
  108.457802 192.0 0
  109.18158 252.0 0
  109.36425 196.0 0
  109.97595199999999 200.0 0
  110.03295899999999 236.0 0
  110.09713699999999 5248.0 1
  110.33326699999999 132.0 0
  110.62289399999999 3.017578 0
  111.078903 109.6082 0
  111.163902 152.0 0
  111.376015 4.583333 0
  111.41639699999999 120.0 0
  111.42321 160.0 0
  111.458366 156.0 0
  111.495773 164.0 0
  112.01849399999999 29.028629 0
  112.06774899999999 244.0 0
  112.40203899999999 204.0 0
  112.54007 80.0 0
  112.787216 172.0 0
  113.034683 1924.0 0
  113.04390699999999 88.0 0
  113.32743099999999 112.0 0
  113.612816 148.0 0
  113.730713 19.589741 0
  113.89327999999999 60.0 0
  113.922928 144.0 0
  114.17334699999999 208.0 0
  114.402863 168.0 0
  114.556564 220.0 0
  114.59670999999999 132.0 0
  115.565117 64.0 0
  115.590347 156.0 0
  116.05808999999999 128.0 0
  116.090233 128.0 0
  116.241676 216.0 0
  116.503067 36.0 0
  117.606483 192.0 0
  117.74234799999999 4.791667 0
  117.838303 112.0 0
  117.84414699999999 140.0 0
  118.192177 152.0 0
  118.549171 252.0 0
  118.678665 144.0 0
  118.68251 152.0 0
  119.044777 416.0 0
  119.06502499999999 172.0 0
  119.086929 324.0 0
  119.21543899999999 60.0 0
  119.765007 220.0 0
  119.938469 278.024597 0
  120.018211 152.0 0
  120.087243 180.0 0
  120.21775099999999 172.0 0
  120.23745 200.0 0
  120.30777699999999 42.398548 0
  120.693542 152.0 0
  121.025497 989.0 0
  121.139359 232.0 0
  121.228516 128.0 0
  121.771851 64.0 0
  121.887856 160.0 0
  122.060593 2512.0 0
  122.07607999999999 148.0 0
  122.25965099999999 172.0 0
  122.937714 92.0 0
  122.94118499999999 120.0 0
  123.044899 128.0 0
  123.117249 326.394012 0
  123.161644 28.0 0
  123.42710899999999 56.0 0
  123.44271099999999 80.0 0
  124.01162 36849.0 7
  124.05193299999999 318.0 0
  124.07689699999999 344.0 0
  124.164345 148.0 0
  124.51741799999999 168.0 0
  124.667732 88.0 0
  124.76068099999999 236.0 0
  125.374596 160.0 0
  125.54942299999999 132.0 0
  125.78300499999999 200.0 0
  126.012329 857.030579 0
  126.03038 148.0 0
  126.041992 380.0 0
  126.107765 172.0 0
  126.77933499999999 36.0 0
  127.00451699999999 1188.0 0
  127.03613299999999 124.0 0
  127.04266399999999 929.0 0
  127.219398 192.0 0
  127.53156999999999 204.0 0
  127.81612399999999 168.0 0
  128.062225 416.0 0
  129.091668 308.0 0
  129.18240400000002 168.0 0
  129.259003 128.0 0
  129.56256100000002 200.0 0
  130.379837 30.180599 0
  130.44871500000002 76.0 0
  130.582718 216.0 0
  131.046982 728.0 0
  131.070435 308.0 0
  131.084976 160.0 0
  131.110657 4.490385 0
  131.12991300000002 212.0 0
  131.21431 136.0 0
  131.282455 64.0 0
  131.408875 64.0 0
  131.68756100000002 160.0 0
  132.055511 228.0 0
  132.395462 228.0 0
  132.846054 168.0 0
  133.06625400000001 1920.0 0
  133.09999100000002 72.0 0
  133.103302 868.0 0
  133.14312700000002 14.0625 0
  133.33604400000002 196.0 0
  133.389618 72.0 0
  134.035797 296.0 0
  135.03538500000002 1169.0 0
  135.09951800000002 164.0 0
  135.102746 358.0 0
  135.464294 164.0 0
  135.601089 212.0 0
  135.76036100000002 100.0 0
  136.03653 328.0 0
  136.204117 184.0 0
  136.251236 120.0 0
  136.470627 188.0 0
  136.554138 168.0 0
  136.603928 176.0 0
  136.606201 128.0 0
  137.035614 212.0 0
  137.05323800000002 196.0 0
  137.05811400000002 14287.0 3
  137.65588400000001 80.0 0
  137.83926400000001 124.0 0
  138.064041 616.0 0
  138.46485900000002 92.0 0
  138.82989500000002 132.0 0
  139.129456 436.0 0
  139.69674700000002 104.0 0
  140.03439300000002 652.0 0
  140.686432 140.0 0
  141.150864 60.0 0
  141.180328 152.0 0
  141.393265 152.0 0
  141.396744 248.0 0
  141.620911 108.0 0
  141.677674 48.0 0
  141.755112 80.0 0
  141.886673 148.0 0
  142.061981 180.0 0
  142.24646 192.0 0
  142.598221 172.0 0
  142.951843 128.0 0
  143.086746 408.0 0
  143.109329 208.0 0
  143.205261 168.0 0
  143.76178000000002 132.0 0
  143.976974 224.0 0
  144.081329 16992.0 3
  144.16871600000002 176.0 0
  144.311584 64.0 0
  144.63815300000002 164.0 0
  144.90094000000002 212.0 0
  145.162643 136.0 0
  145.725983 184.0 0
  146.064865 164.0 0
  146.29066500000002 96.0 0
  146.391098 11.152442 0
  146.87262 48.0 0
  146.993454 39.878792 0
  147.038513 168.0 0
  147.117264 288.0 0
  147.579285 60.0 0
  148.036453 153.0 0
  148.049835 280.0 0
  148.057953 336.0 0
  148.236938 44.0 0
  148.315918 124.0 0
  148.66223100000002 48.0 0
  148.827225 144.0 0
  148.89793400000002 136.0 0
  149.036102 44.301529 0
  149.063263 504.0 0
  149.13140900000002 112.0 0
  149.460327 224.0 0
  150.01770000000002 124.0 0
  150.287598 36.0 0
  150.686218 132.0 0
  151.06213400000001 13665.0 2
  151.085114 120.0 0
  151.282501 188.0 0
  151.33354200000002 12.875 0
  151.68481400000002 192.0 0
  151.959396 132.0 0
  152.046265 296.0 0
  152.339279 4.394817 0
  152.466553 160.0 0
  152.53022800000002 172.0 0
  152.848694 168.0 0
  152.90870700000002 132.0 0
  152.951065 180.0 0
  153.06559800000002 252.0 0
  153.181351 136.0 0
  153.290634 140.0 0
  153.36702 14.36851 0
  154.072159 15.28571 0
  155.000671 4.254167 0
  155.10891700000002 28.0 0
  155.25546300000002 13.375 0
  155.718826 120.0 0
  156.01268000000002 164.0 0
  156.05165100000002 260.0 0
  156.05938700000002 380.0 0
  156.079224 164.0 0
  156.827179 184.0 0
  157.020981 164.0 0
  158.03569900000002 172.0 0
  158.241928 44.0 0
  158.372467 21.55147 0
  158.411346 208.0 0
  158.77821400000002 100.0 0
  158.994141 184.0 0
  159.056168 172.0 0
  159.166931 8.047619 0
  159.24202 156.0 0
  159.35427900000002 44.0 0
  160.033127 1473.0 0
  160.639771 156.0 0
  160.748535 168.0 0
  160.78552200000001 84.0 0
  160.99971000000002 140.0 0
  161.041473 1032.0 0
  161.048279 160.0 0
  161.28950500000002 164.0 0
  161.51074200000002 72.0 0
  161.76580800000002 188.0 0
  162.026855 8657.0 2
  162.03537 176.0 0
  162.546967 232.0 0
  163.041885 299.0 0
  163.473083 152.0 0
  163.978836 160.0 0
  164.050171 160.0 0
  164.58415200000002 72.0 0
  165.042236 128.0 0
  166.86604300000002 28.0 0
  167.05783100000002 216.0 0
  167.13176 124.0 0
  167.143402 232.0 0
  167.301971 44.0 0
  167.460617 120.0 0
  167.508621 44.0 0
  167.645935 188.0 0
  167.691788 132.0 0
  168.08303800000002 112.0 0
  168.10733000000002 220.0 0
  169.057953 196.0 0
  169.108316 468.0 0
  169.64651500000002 148.0 0
  169.91467300000002 164.0 0
  169.968613 40.0 0
  170.010757 148.0 0
  170.096481 580.0 0
  170.09909100000002 100.0 0
  171.112045 192.212296 0
  171.128738 128.0 0
  171.18588300000002 48.0 0
  171.212677 1.6875 0
  172.69485500000002 240.0 0
  172.80174300000002 184.0 0
  173.041962 180.0 0
  173.07977300000002 172.0 0
  173.084564 180.0 0
  173.26916500000002 40.0 0
  173.586975 172.0 0
  173.936432 92.0 0
  173.951797 48.0 0
  174.37716700000001 172.0 0
  174.394348 160.0 0
  174.602036 6.146849 0
  174.972427 244.0 0
  175.248779 120.0 0
  175.517242 108.0 0
  175.568893 48.0 0
  175.57501200000002 124.0 0
  176.062805 228.0 0
  176.147217 10.57341 0
  176.496902 192.0 0
  176.63510100000002 12.48214 0
  176.929337 120.0 0
  177.102554 100.0 0
  177.17579700000002 268.0 0
  177.54800400000002 160.0 0
  178.028381 92.0 0
  178.118301 140.0 0
  178.16918900000002 124.0 0
  178.258362 176.0 0
  179.06230200000002 136.0 0
  179.072021 136.0 0
  179.083603 346.0 0
  179.943146 328.0 0
  180.96824600000002 144.0 0
  181.01183400000002 284.0 0
  182.039834 80.0 0
  182.645981 4.075 0
  183.18266300000002 216.0 0
  183.561966 132.0 0
  183.62707500000002 15.37063 0
  184.085159 348.0 0
  184.107422 332.0 0
  184.210114 276.0 0
  184.468948 72.0 0
  185.09492500000002 529.0 0
  185.19747900000002 136.0 0
  185.28933700000002 152.0 0
  185.48288 136.0 0
  186.127686 9718.454102 2
  186.305405 5.102083 0
  186.87960800000002 120.0 0
  187.029617 864.0 0
  187.30668 431.0 0
  187.988571 108.0 0
  188.040421 4135.0 1
  188.258408 188.0 0
  188.964355 116.0 0
  189.02529900000002 120.0 0
  189.05186500000002 1547.0 0
  189.655594 156.0 0
  190.067261 188.0 0
  190.071854 204.0 0
  190.278839 140.0 0
  190.413971 23.11578 0
  190.436646 128.0 0
  190.77198800000002 128.0 0
  191.122879 212.0 0
  191.539703 96.0 0
  192.07775900000001 144.0 0
  192.083176 88.026314 0
  192.853226 180.0 0
  192.99700900000002 116.0 0
  193.128052 316.0 0
  193.921234 280.0 0
  194.07307400000002 42.26038 0
  194.07843 120.0 0
  194.09407000000002 560.0 0
  194.30787700000002 48.0 0
  194.808365 160.0 0
  194.939865 35.142071 0
  195.076233 232.0 0
  195.135986 168.0 0
  195.388977 168.0 0
  195.517334 92.0 0
  195.981308 60.0 0
  195.994186 168.0 0
  196.082703 192.0 0
  197.095337 176.0 0
  197.10591100000002 204.0 0
  197.98619100000002 136.0 0
  198.06509400000002 192.0 0
  198.090912 477.787567 0
  198.12278700000002 368.0 0
  198.998047 184.0 0
  199.41127 19.117729 0
  199.460678 28.0 0
  200.113358 4500.0 1
  200.28659100000002 268.0 0
  200.980591 80.0 0
  202.136612 148.0 0
  202.274811 68.0 0
  202.30127000000002 36.0 0
  202.957245 192.0 0
  203.005646 140.0 0
  203.02267500000002 679.0 0
  203.030518 160.0 0
  203.236084 14.72531 0
  203.312744 68.0 0
  203.413361 14022.506836 3
  203.528839 72.0 0
  203.775696 112.0 0
  204.04281600000002 10256.0 2
  205.249619 80.0 0
  205.444626 24.643511 0
  205.87870800000002 204.0 0
  206.090912 95.164696 0
  206.11950000000002 208.0 0
  206.154831 60.0 0
  206.80780000000001 160.0 0
  207.115631 212.0 0
  207.187622 28.674999 0
  208.08874500000002 168.0 0
  208.422379 212.0 0
  208.58168 160.0 0
  209.09381100000002 40.273041 0
  209.099396 108.0 0
  209.10763500000002 172.0 0
  209.124466 7757.0 1
  209.80053700000002 84.0 0
  210.43862900000002 88.0 0
  210.51692200000002 224.0 0
  211.149918 364.0 0
  211.229767 44.0 0
  211.233383 140.0 0
  211.683838 9.218137 0
  212.330383 28.0 0
  212.38282800000002 216.0 0
  212.751053 196.0 0
  212.982452 224.0 0
  213.895813 72.0 0
  214.031509 152.0 0
  214.219269 52.0 0
  214.324951 1.580556 0
  215.125558 172.0 0
  216.038956 172.0 0
  216.08509800000002 136.0 0
  216.399506 188.0 0
  216.758621 12.17763 0
  217.236786 96.0 0
  217.43223600000002 116.0 0
  217.645844 216.0 0
  218.013641 176.0 0
  218.166 176.0 0
  218.473907 100.0 0
  219.06616200000002 140.0 0
  219.27887 144.0 0
  219.625351 180.0 0
  219.68360900000002 108.0 0
  220.277634 100.0 0
  220.830444 84.0 0
  222.065728 128.0 0
  222.14093 276.0 0
  223.035995 5574278.0 999
  223.13050800000002 956.0 0
  223.143494 124.0 0
  223.73387100000002 46.523499 0
  224.081909 916.0 0
  224.2612 132.0 0
  225.04045100000002 236.0 0
  226.086441 156.0 0
  226.186493 80.0 0
  227.00799600000002 3696.0 1
  228.96991 156.0 0
  231.058426 160.0 0
  231.382706 68.0 0
  231.504257 36.0 0
  232.01568600000002 4088.0 1
  232.10865800000002 120.0 0
  232.182816 76.0 0
  232.22773700000002 116.0 0
  235.112976 23888.0 4
  236.133789 180.0 0
  237.822723 5.66821 0
  237.877914 124.0 0
  238.08204700000002 100.0 0
  238.31251500000002 36.0 0
  238.409622 172.0 0
  238.654175 60.0 0
  238.905655 84.0 0
  239.027908 340.0 0
  240.11355600000002 128.0 0
  241.08235200000001 10.72011 0
  241.10633900000002 264.0 0
  241.61088600000002 268.0 0
  241.933228 64.0 0
  242.64090000000002 2.761364 0
  243.095551 24.81189 0
  243.39132700000002 92.0 0
  243.416275 102.307404 0
  244.650528 112.0 0
  245.06895400000002 148.0 0
  245.116745 7900.0 1
  245.19296300000002 52.0 0
  245.373825 124.0 0
  245.413025 16.715139 0
  245.68159500000002 96.0 0
  246.02139300000002 160.0 0
  246.04351200000002 196.0 0
  246.43280000000001 160.0 0
  246.63304100000002 148.0 0
  247.979095 144.0 0
  248.353516 172.0 0
  248.959305 32.0 0
  249.101709 1032.0 0
  249.12423700000002 77.788933 0
  252.20932000000002 84.0 0
  252.41781600000002 88.0 0
  252.92089800000002 92.0 0
  253.076004 103530.0 19
  253.175735 488.0 0
  253.299438 104.0 0
  253.98765600000002 132.0 0
  254.173965 156.0 0
  255.205002 416.0 0
  255.25296 7.7125 0
  255.550171 10.71196 0
  255.69177200000001 324.0 0
  256.084656 152.0 0
  257.089752 60.0 0
  257.381104 80.0 0
  259.71227999999996 172.0 0
  259.86682099999996 176.0 0
  262.015289 180.0 0
  262.255707 48.0 0
  262.435181 32.0 0
  262.519775 100.0 0
  264.04834 172.0 0
  264.58505199999996 160.0 0
  265.068109 204.0 0
  265.07421899999997 244.516098 0
  265.129913 120.0 0
  265.820068 116.0 0
  266.78070099999997 50.994068 0
  267.36886599999997 116.0 0
  268.05010999999996 22.102079 0
  268.065887 15.45833 0
  268.31048599999997 80.0 0
  268.955383 92.0 0
  269.281158 200.0 0
  270.04949999999997 300.0 0
  271.514709 164.0 0
  271.61389199999996 52.0 0
  272.37118499999997 48.0 0
  274.55862399999995 48.0 0
  277.08264199999996 144.0 0
  277.125702 152.0 0
  278.30834999999996 120.0 0
  281.27795399999997 144.0 0
  281.38266 184.0 0
  282.104065 11096.0 2
  283.18060299999996 160.0 0
  283.232758 60.0 0
  284.092834 6528.0 1
  284.749573 168.0 0
  285.34741199999996 72.0 0
  285.354431 84.0 0
  286.684357 168.0 0
  287.092 1.0 0
  287.14446999999996 396.0 0
  287.227753 156.0 0
  287.531891 128.0 0
  287.961487 108.0 0
  288.183411 76.3442 0
  288.97927899999996 148.0 0
  289.16067499999997 416.0 0
  289.2005 7.113426 0
  290.095642 112.0 0
  291.17639199999996 164.0 0
  293.156525 184.0 0
  293.32165499999996 60.0 0
  294.837585 128.0 0
  296.075134 1676.0 0
  297.13674899999995 3958.0 1
  300.17364499999996 1008.0 0
  300.547516 4.281667 0
  300.574951 208.0 0
  301.99798599999997 2005145.0 359
  302.12463399999996 61.297989 0
  304.065613 132.0 0
  305.160492 96.0 0
  305.595459 240.0 0
  305.951782 120.0 0
  306.832184 156.0 0
  309.13046299999996 14.99322 0
  309.16601599999996 60.0 0
  309.97918699999997 468.0 0
  311.08642599999996 153539.0 28
  311.10470599999996 120.0 0
  312.31265299999995 11.56944 0
  312.777771 296.0 0
  313.359741 84.0 0
  313.431519 188.0 0
  314.422333 36.0 0
  317.856445 32.37463 0
  319.10943599999996 20.0 0
  319.164093 156.0 0
  319.36337299999997 11.20833 0
  319.894769 60.0 0
  323.185455 16.97364 0
  327.94915799999995 224.0 0
  328.149841 57.100609 0
  329.400604 80.0 0
  330.65081799999996 17.50395 0
  331.061676 440.0 0
  332.21142599999996 172.0 0
  333.07449299999996 27756.0 5
  333.27539099999996 52.0 0
  334.328308 44.0 0
  335.405121 148.0 0
  335.80740399999996 76.0 0
  341.56073 148.0 0
  346.134729 156.0 0
  347.529694 152.0 0
  348.880524 144.0 0
  349.54943799999995 224.0 0
  350.45813 60.0 0
  352.227844 148.0 0
  356.41488599999997 13.70327 0
  359.033691 100.0 0
  359.742889 50.277241 0
  362.007477 72.0 0
  362.373749 204.0 0
  363.80422999999996 48.0 0
  364.27774 156.0 0
  365.796783 136.0 0
  366.871338 1094.0 0
  369.095825 136.858704 0
  370.844604 132.0 0
  371.102325 400.0 0
  374.12686199999996 144.0 0
  374.149774 172.0 0
  380.507477 16.8293 0
  381.95617699999997 104.0 0
  381.97128299999997 4784.0 1
  382.168945 142616.0 26
  385.02838099999997 76.0 0
  389.470306 80.0 0
  400.758789 236.0 0
  401.40124499999996 116.0 0
  404.77358999999996 164.0 0
  407.530518 224.0 0
  408.70507799999996 92.0 0
  410.54986599999995 64.0 0
  417.17846699999996 612.0 0
  421.10699999999997 1.0 0
//
