ACCESSION: CCMSLIB00000085069
RECORD_TITLE: decoy
DATE: 2015.11.20
AUTHORS: Administrator
LICENSE: CC BY-SA
CH$NAME: decoy
CH$COMPOUND_CLASS: Natural Product
CH$FORMULA: C11H14N4O2
CH$EXACT_MASS: 234.111675688
CH$SMILES: N/A
CH$IUPAC: decoy
CH$LINK: N/A
AC$INSTRUMENT: decoy
AC$INSTRUMENT_TYPE: decoy
AC$MASS_SPECTROMETRY: MS_TYPE MS2
AC$MASS_SPECTROMETRY: ION_MODE POSITIVE
AC$MASS_SPECTROMETRY: COLLISION_ENERGY 10 V
MS$FOCUSED_ION: PRECURSOR_M/Z 235
MS$FOCUSED_ION: PRECURSOR_TYPE [M+H]+
PK$NUM_PEAK: 1341
PK$PEAK: m/z int. rel.int.
  37.749111 26.066179 0
  44.050251 73.769234 0
  44.893791 88.0 0
  44.949909 144.0 0
  45.106384 180.0 0
  45.322792 144.0 0
  45.787800000000004 148.0 0
  46.110123 184.0 0
  46.203362 228.0 0
  46.214512 164.0 0
  46.259899000000004 104.0 0
  46.344013000000004 240.0 0
  46.352829 256.0 0
  46.8866 160.0 0
  46.931801 184.0 0
  47.172268 224.0 0
  47.362438000000004 172.0 0
  47.464008 144.0 0
  47.498978 196.0 0
  47.609646000000005 184.0 0
  47.832352 136.0 0
  47.863499000000004 144.0 0
  48.287121 160.0 0
  48.443634 200.0 0
  48.673382000000004 152.0 0
  48.806973 144.0 0
  48.921909 164.0 0
  48.93689 176.0 0
  49.091526 232.0 0
  49.108479 172.0 0
  49.471382 204.0 0
  49.556499 156.0 0
  49.575886000000004 124.0 0
  49.594681 148.0 0
  49.948124 140.0 0
  50.029163000000004 52.0 0
  50.86977 164.0 0
  50.933571 152.0 0
  51.241425 132.0 0
  51.46624 156.0 0
  51.618843 200.0 0
  51.941559 188.0 0
  51.994297 152.0 0
  52.018116 152.0 0
  52.240002000000004 340.0 0
  52.295365000000004 72.0 0
  52.453342 176.0 0
  52.462589 140.0 0
  53.008705 188.0 0
  53.026905 156.0 0
  53.266815 144.0 0
  53.34623 224.0 0
  53.918118 152.0 0
  54.153782 176.0 0
  54.667515 164.0 0
  54.689098 188.0 0
  54.798885 184.0 0
  54.924324 128.0 0
  55.381645 160.0 0
  55.404312000000004 124.0 0
  55.564262 164.0 0
  55.582218000000005 196.0 0
  55.61731 116.0 0
  55.698849 160.0 0
  55.801361 200.0 0
  55.815117 140.0 0
  56.050453000000005 216.351501 0
  56.08873 152.0 0
  56.69545 124.0 0
  57.049477 108.0 0
  58.286255000000004 168.0 0
  58.412136000000004 112.0 0
  58.866428 40.0 0
  59.144024 200.0 0
  59.333038 224.0 0
  59.376862 148.0 0
  59.428261 152.0 0
  59.493431 136.0 0
  60.185825 164.0 0
  60.288845 156.0 0
  60.402046 132.0 0
  60.605835 140.0 0
  60.914707 172.0 0
  61.530968 240.0 0
  61.662731 208.0 0
  61.741112 156.0 0
  61.955624 152.0 0
  62.216885000000005 144.0 0
  62.566299 176.0 0
  62.687817 160.0 0
  62.709866 132.0 0
  62.729134 196.0 0
  62.745361 180.0 0
  62.984249 240.0 0
  63.018723 212.0 0
  63.454437 180.0 0
  63.606853 152.0 0
  63.8144 156.0 0
  63.87645 180.0 0
  63.884399 200.0 0
  63.991455 180.0 0
  64.783188 168.0 0
  64.871864 168.0 0
  65.333084 144.0 0
  65.36726399999999 172.0 0
  65.50488999999999 148.0 0
  65.54025999999999 204.0 0
  65.55512999999999 164.0 0
  65.639404 168.0 0
  66.376465 140.0 0
  66.452232 168.0 0
  66.613945 180.0 0
  66.99719999999999 172.0 0
  67.05109399999999 225.016098 0
  67.140564 160.0 0
  67.54251099999999 228.0 0
  67.70505499999999 220.0 0
  67.885368 152.0 0
  68.00993299999999 180.0 0
  68.51902 180.0 0
  68.688744 264.0 0
  69.08236699999999 172.0 0
  69.114891 164.0 0
  69.429268 172.0 0
  69.445549 132.0 0
  69.94947099999999 140.0 0
  70.13372799999999 176.0 0
  70.207275 120.0 0
  70.472443 72.0 0
  71.22389199999999 200.0 0
  71.264015 260.0 0
  71.415741 180.0 0
  72.033508 36.0 0
  72.08260299999999 96.0 0
  72.257545 128.0 0
  72.45053899999999 180.0 0
  72.696953 76.0 0
  72.91079699999999 236.0 0
  73.534477 400.0 0
  73.991226 172.0 0
  74.138252 216.0 0
  74.16954 200.0 0
  74.184006 136.0 0
  74.305771 128.0 0
  74.45292699999999 160.0 0
  74.891472 208.0 0
  75.02156099999999 148.0 0
  75.07515 192.0 0
  75.19858599999999 180.0 0
  75.762497 420.0 0
  76.09919 60.0 0
  76.231606 168.0 0
  76.311234 164.0 0
  76.35369899999999 180.0 0
  76.492386 180.0 0
  76.543022 188.0 0
  77.40555599999999 108.0 0
  77.591301 236.0 0
  77.617424 144.0 0
  77.686623 176.0 0
  77.95129399999999 140.0 0
  78.05665599999999 200.0 0
  78.38252999999999 388.0 0
  78.65283199999999 184.0 0
  78.76109299999999 168.0 0
  78.97299199999999 156.0 0
  79.229614 144.0 0
  79.370857 148.0 0
  79.57320399999999 152.0 0
  79.645332 168.0 0
  79.94625099999999 168.0 0
  80.057457 196.0 0
  80.065979 172.0 0
  80.13344599999999 172.0 0
  80.211754 164.0 0
  80.263504 184.0 0
  80.321136 80.0 0
  80.395088 320.0 0
  80.406212 168.0 0
  81.24807 208.0 0
  81.576111 196.0 0
  81.73080399999999 128.0 0
  82.129745 184.0 0
  82.13581099999999 120.0 0
  82.14347799999999 148.0 0
  82.26903499999999 164.0 0
  82.574799 236.0 0
  82.605553 152.0 0
  82.63589499999999 112.0 0
  83.570145 108.0 0
  83.847366 176.0 0
  84.10105899999999 136.0 0
  84.446342 152.0 0
  84.88523099999999 64.0 0
  85.594269 156.0 0
  85.631142 132.0 0
  85.825882 196.0 0
  86.269295 13.01136 0
  86.767288 136.0 0
  86.801155 116.0 0
  87.116287 164.0 0
  87.267754 180.0 0
  87.326073 248.0 0
  87.33090999999999 120.0 0
  87.420609 176.0 0
  87.44753299999999 176.0 0
  87.8386 188.0 0
  87.906982 200.0 0
  87.963898 184.0 0
  88.512238 172.0 0
  88.85221899999999 156.0 0
  88.993973 196.0 0
  89.117035 268.0 0
  89.14414199999999 148.0 0
  89.453941 208.0 0
  90.049751 886.0 1
  90.154877 208.0 0
  90.35900099999999 168.0 0
  90.49821499999999 96.0 0
  90.69081899999999 152.0 0
  90.79480699999999 140.0 0
  90.928551 52.0 0
  91.055161 2975.041992 2
  91.06638299999999 164.0 0
  91.078515 264.0 0
  91.237854 144.0 0
  91.35009799999999 48.0 0
  91.43906399999999 136.0 0
  91.56485699999999 192.0 0
  91.66407799999999 168.0 0
  91.78063999999999 72.0 0
  91.868065 144.0 0
  92.09378799999999 208.0 0
  93.043571 160.0 0
  93.055641 156.0 0
  93.339722 152.0 0
  93.464096 96.0 0
  93.64768199999999 96.0 0
  93.91133099999999 156.0 0
  94.80792199999999 240.0 0
  95.05079699999999 248.0 0
  95.195488 148.0 0
  95.27709999999999 36.0 0
  95.30725899999999 96.0 0
  95.689697 128.0 0
  95.860901 140.0 0
  95.94725799999999 192.0 0
  95.953903 184.0 0
  95.994957 184.0 0
  96.05776999999999 216.0 0
  96.205772 152.0 0
  96.251556 128.0 0
  96.60782599999999 148.0 0
  96.88756599999999 96.0 0
  96.97760799999999 152.0 0
  97.040184 204.0 0
  97.18491399999999 176.0 0
  97.33345 156.0 0
  97.40291599999999 148.0 0
  97.650894 180.0 0
  97.66998299999999 180.0 0
  97.91575599999999 160.0 0
  97.931366 364.0 0
  98.00342599999999 188.0 0
  98.098953 180.0 0
  98.17296599999999 128.0 0
  98.26104699999999 132.0 0
  98.280121 168.0 0
  98.547287 72.0 0
  98.59917399999999 192.0 0
  98.61393 260.0 0
  99.32219699999999 128.0 0
  99.400818 200.0 0
  99.439453 180.0 0
  99.72493 196.0 0
  99.854996 128.0 0
  99.857773 224.0 0
  99.98275799999999 152.0 0
  100.111931 824.0 0
  100.19738 180.0 0
  100.27064499999999 19.803419 0
  100.33511399999999 108.0 0
  100.37278699999999 152.0 0
  100.39984899999999 72.0 0
  100.48178899999999 184.0 0
  100.531212 104.0 0
  100.545311 132.0 0
  100.605774 184.0 0
  100.609894 144.0 0
  100.634315 172.0 0
  100.638611 140.0 0
  100.761787 88.0 0
  100.83197 104.0 0
  100.97788999999999 176.0 0
  101.003761 204.0 0
  101.07715599999999 160.0 0
  101.21558399999999 208.0 0
  101.49314899999999 268.0 0
  101.91780899999999 172.0 0
  101.96685 124.0 0
  102.04538 152.0 0
  102.16978499999999 188.0 0
  102.403915 164.0 0
  102.43659199999999 60.343349 0
  102.69471 176.0 0
  102.887329 128.0 0
  103.012024 128.0 0
  103.117729 48.0 0
  103.190659 56.0 0
  103.315224 156.0 0
  103.322075 68.0 0
  103.467705 200.0 0
  103.544563 240.0 0
  103.66426799999999 200.0 0
  103.69897499999999 144.0 0
  103.76139099999999 188.0 0
  103.784454 160.0 0
  103.903458 184.0 0
  104.031044 132.0 0
  104.152374 5.208333 0
  104.21764399999999 140.0 0
  104.31296499999999 204.0 0
  104.368439 208.0 0
  104.62913499999999 316.0 0
  104.659111 172.0 0
  104.816177 140.0 0
  104.834091 64.0 0
  104.997017 168.0 0
  105.03429399999999 1140.0 1
  105.06762699999999 356.0 0
  105.13651999999999 44.0 0
  105.190666 108.0 0
  105.234184 172.0 0
  105.30094899999999 248.0 0
  105.570152 56.0 0
  105.609634 1.032143 0
  105.806755 168.0 0
  105.94730399999999 120.0 0
  106.036057 328.0 0
  106.126869 220.0 0
  106.25930799999999 140.0 0
  106.270996 92.0 0
  106.628502 132.0 0
  106.695763 148.0 0
  106.74344599999999 160.0 0
  106.78995499999999 256.0 0
  106.82893399999999 84.0 0
  106.97869899999999 200.0 0
  107.04834699999999 2268.0 1
  107.050377 156.0 0
  107.07959 18.471149 0
  107.087021 860.0 0
  107.243065 132.0 0
  107.30627399999999 152.0 0
  107.456673 160.0 0
  107.62786899999999 220.0 0
  107.64980299999999 96.0 0
  107.697632 160.0 0
  107.71946 172.0 0
  107.93846099999999 120.0 0
  107.972534 64.0 0
  107.98638899999999 180.0 0
  108.033524 152.0 0
  108.18837699999999 176.0 0
  108.254601 184.0 0
  108.31517 152.0 0
  108.33106199999999 164.0 0
  108.451256 120.0 0
  108.457443 57.074139 0
  108.507317 84.0 0
  108.55903599999999 140.0 0
  108.579056 236.0 0
  108.59066 8.174167 0
  108.661903 164.0 0
  108.813858 132.0 0
  108.867188 208.0 0
  108.887047 92.0 0
  108.910614 112.0 0
  109.05143 192.0 0
  109.075119 56.0 0
  109.09339899999999 80.0 0
  109.100822 305.694397 0
  109.137276 188.0 0
  109.215317 128.0 0
  109.218994 268.0 0
  109.26658599999999 152.0 0
  109.31697799999999 172.0 0
  109.77561999999999 140.0 0
  109.784431 36.0 0
  110.05499999999999 228.0 0
  110.067833 1064.0 1
  110.178062 196.0 0
  110.26399199999999 140.0 0
  110.31058499999999 220.0 0
  110.344765 204.0 0
  110.35793299999999 172.0 0
  110.54330399999999 68.0 0
  110.600403 136.0 0
  110.667542 176.0 0
  110.695267 188.0 0
  110.749657 168.0 0
  110.811447 132.0 0
  111.043098 81.183861 0
  111.13151599999999 204.0 0
  111.16811399999999 24.44565 0
  111.243088 196.0 0
  111.301773 92.0 0
  111.44735 160.0 0
  111.692757 148.0 0
  111.755157 60.0 0
  111.784111 9.906746 0
  111.89375299999999 128.0 0
  112.04072599999999 164.0 0
  112.17809299999999 296.0 0
  112.21144899999999 128.0 0
  112.244164 136.0 0
  112.343384 204.0 0
  112.429161 52.0 0
  112.502197 168.0 0
  112.52727499999999 160.0 0
  112.54785899999999 80.0 0
  112.600822 172.0 0
  112.627518 88.0 0
  112.678764 208.0 0
  112.772697 40.0 0
  112.83943199999999 180.0 0
  112.880844 40.0 0
  112.94304699999999 56.0 0
  113.076195 188.0 0
  113.166626 9.76299 0
  113.24733699999999 56.0 0
  113.26755499999999 144.0 0
  113.364914 164.0 0
  113.49402599999999 248.0 0
  113.586922 160.0 0
  113.800674 188.0 0
  113.92424799999999 200.0 0
  113.94397699999999 108.0 0
  114.033791 3349.613037 2
  114.21457699999999 168.0 0
  114.574272 88.0 0
  114.63066099999999 104.0 0
  114.80605299999999 172.0 0
  114.883293 192.0 0
  115.000069 64.0 0
  115.04740899999999 1507.0 1
  115.055359 2196.0 1
  115.11112999999999 224.0 0
  115.170052 44.0 0
  115.184151 208.0 0
  115.21663699999999 144.0 0
  115.26154299999999 168.0 0
  115.28203599999999 180.0 0
  115.31133299999999 100.0 0
  115.424347 16.66667 0
  115.44000199999999 39.031891 0
  115.57425699999999 92.0 0
  115.91665599999999 148.0 0
  115.970444 168.0 0
  116.06371299999999 216.0 0
  116.36521099999999 172.0 0
  116.37628199999999 128.0 0
  116.844307 60.0 0
  116.85166199999999 172.0 0
  116.97605899999999 112.0 0
  116.984444 156.0 0
  117.052673 91.722816 0
  117.06592599999999 160.0 0
  117.123154 184.0 0
  117.22092599999999 216.0 0
  117.22359499999999 140.0 0
  117.323555 32.7211 0
  117.455666 140.0 0
  117.64038099999999 168.0 0
  117.83856999999999 84.0 0
  118.062286 13.0303 0
  118.06843599999999 168.0 0
  118.09646599999999 164.0 0
  118.15824099999999 104.0 0
  118.245842 196.0 0
  118.364357 116.0 0
  118.374268 220.0 0
  118.432098 84.0 0
  118.543449 152.0 0
  118.60775799999999 56.0 0
  118.62853199999999 10.61765 0
  118.70996099999999 184.0 0
  118.80174299999999 28.956499 0
  118.935051 252.0 0
  118.96283 144.0 0
  118.99800099999999 38330.0 22
  119.036842 77.61644 0
  119.06366 204.0 0
  119.08247399999999 105.817902 0
  119.114601 3.185606 0
  119.179329 120.0 0
  119.185165 144.0 0
  119.230583 140.0 0
  119.40263399999999 108.0 0
  119.421852 9.338235 0
  119.786301 220.0 0
  120.026619 184.0 0
  120.053215 260.0 0
  120.26666999999999 10.5625 0
  120.32038899999999 120.0 0
  120.37075 184.0 0
  120.375069 176.0 0
  120.40068799999999 88.0 0
  120.45458199999999 164.0 0
  120.55412299999999 180.0 0
  120.612808 116.0 0
  121.03579699999999 144.0 0
  121.05055999999999 1419.0 1
  121.055099 168.0 0
  121.06411 221.670303 0
  121.09086599999999 100.0 0
  121.11595899999999 196.0 0
  121.244553 32.0 0
  121.392609 152.0 0
  121.535927 148.0 0
  121.63997699999999 148.0 0
  121.66375 172.0 0
  121.665916 112.0 0
  121.80594599999999 184.0 0
  122.038826 152.0 0
  122.06906099999999 168.0 0
  122.07607999999999 148.0 0
  122.63651999999999 104.0 0
  122.896225 120.0 0
  122.99402599999999 172.0 0
  123.01634999999999 168.0 0
  123.052658 192.0 0
  123.119148 136.0 0
  123.21121199999999 10.85417 0
  123.236328 112.0 0
  123.327591 220.0 0
  123.366219 104.0 0
  123.51834099999999 124.0 0
  123.66822099999999 52.0 0
  123.996056 144.0 0
  124.021698 3.333333 0
  124.0504 279.655914 0
  124.11862199999999 216.0 0
  124.12091099999999 12.85215 0
  124.132759 176.0 0
  124.350815 176.0 0
  124.437912 172.0 0
  124.660309 176.0 0
  124.97248099999999 156.0 0
  125.02057599999999 12.211632 0
  125.05435899999999 212.0 0
  125.05968499999999 316.0 0
  125.28828399999999 112.0 0
  125.344315 25.00362 0
  125.837502 148.0 0
  126.037216 224.0 0
  126.081345 180.0 0
  126.098213 148.0 0
  126.34421499999999 132.0 0
  126.42362999999999 52.0 0
  126.503891 88.0 0
  126.62520599999999 152.0 0
  126.957909 184.0 0
  126.980301 124.0 0
  127.03884199999999 1232.0 1
  127.096481 216.0 0
  127.194717 184.0 0
  127.229996 104.0 0
  127.268524 160.0 0
  127.61334199999999 176.0 0
  127.852318 64.0 0
  128.004486 120.0 0
  128.067123 176.0 0
  128.109909 50.449249 0
  128.15712 116.0 0
  128.213913 56.0 0
  128.311752 40.0 0
  128.513565 184.0 0
  128.520004 208.0 0
  128.57754500000001 108.0 0
  128.602295 60.0 0
  128.708527 72.0 0
  128.726807 136.0 0
  128.736847 184.0 0
  128.823715 156.0 0
  129.045456 132.0 0
  129.06582600000002 248.0 0
  129.069672 204.0 0
  129.075027 208.0 0
  129.15115400000002 128.0 0
  129.352386 140.0 0
  129.731522 180.0 0
  129.80474900000002 200.0 0
  130.028854 4976.0 3
  130.063873 176.0 0
  130.06864900000002 556.0 0
  130.097061 192.0 0
  130.203415 120.0 0
  130.29534900000002 25.049311 0
  130.323959 68.0 0
  130.55957 52.0 0
  130.618774 208.0 0
  130.863907 188.0 0
  131.00401300000001 112.0 0
  131.029922 136.0 0
  131.03945900000002 456.0 0
  131.049347 88.0 0
  131.056213 802.0 0
  131.06131000000002 55.46957 0
  131.085144 312.0 0
  131.117752 212.0 0
  131.536301 136.0 0
  132.039474 252.0 0
  132.05302400000002 200.0 0
  132.074768 168.0 0
  132.11282300000002 212.0 0
  132.226929 124.0 0
  132.307053 148.0 0
  132.46412700000002 200.0 0
  132.683594 176.0 0
  132.99876400000002 132.0 0
  133.066483 276.0 0
  133.08415200000002 15904.0 9
  133.183334 4.354167 0
  133.193237 40.0 0
  133.321259 124.0 0
  133.48126200000002 124.0 0
  133.57962 18.790119 0
  133.63244600000002 180.0 0
  133.66819800000002 140.0 0
  133.703247 21.710501 0
  133.712311 96.0 0
  133.76220700000002 152.0 0
  133.841354 224.0 0
  133.935104 168.0 0
  133.97679100000002 144.0 0
  133.994888 388.0 0
  134.02452100000002 228.0 0
  134.03358500000002 1108.0 1
  134.137833 56.0 0
  134.14677400000002 204.0 0
  134.167114 48.0 0
  134.199051 8.45 0
  134.235657 92.0 0
  134.282837 56.0 0
  134.35174600000002 18.00577 0
  134.548965 144.0 0
  134.80273400000002 104.0 0
  134.816177 148.0 0
  134.884659 164.0 0
  134.910507 128.0 0
  135.00761400000002 204.0 0
  135.013611 164.0 0
  135.029068 512.0 0
  135.055923 126.738403 0
  135.13085900000002 348.0 0
  135.151382 180.0 0
  135.15652500000002 176.0 0
  135.20344500000002 264.0 0
  135.281723 356.0 0
  135.43029800000002 180.0 0
  135.496994 96.0 0
  135.585617 13.478298 0
  135.88922100000002 172.0 0
  136.062317 219.0 0
  136.107697 152.0 0
  136.283356 180.0 0
  136.52040100000002 108.0 0
  136.686752 88.0 0
  136.811234 76.0 0
  136.815872 100.0 0
  137.10936 200.0 0
  137.11526500000002 340.0 0
  137.19944800000002 68.0 0
  137.203247 164.0 0
  137.392151 9.429762 0
  137.643234 188.0 0
  137.796814 128.0 0
  138.01812700000002 160.0 0
  138.147919 12.86037 0
  138.308929 176.0 0
  138.3965 200.0 0
  138.514191 200.0 0
  138.882202 156.0 0
  138.900955 172.0 0
  138.93266300000002 176.0 0
  138.996262 480.0 0
  139.03881800000002 7316.0 4
  139.041412 164.0 0
  139.050613 141.0 0
  139.07482900000002 5053.0 3
  139.201736 132.0 0
  139.28242500000002 160.0 0
  139.397949 268.0 0
  139.50053400000002 184.0 0
  139.540634 196.0 0
  139.89544700000002 112.0 0
  140.013306 148.0 0
  140.065323 216.0 0
  140.142242 164.0 0
  140.274475 148.0 0
  140.36973600000002 160.0 0
  140.582382 72.0 0
  140.63171400000002 164.0 0
  140.65799 56.0 0
  140.992355 9356.0 5
  141.055969 172.0 0
  141.06578100000002 6368.0 4
  141.06874100000002 180.0 0
  141.408005 156.0 0
  141.533173 180.0 0
  141.694611 172.0 0
  141.853043 68.0 0
  141.964188 228.0 0
  142.042007 136.0 0
  142.077515 180.0 0
  142.302658 116.0 0
  142.32556200000002 216.0 0
  142.41210900000002 180.0 0
  142.908249 180.0 0
  142.958054 176.0 0
  143.01590000000002 192.0 0
  143.073914 148.0 0
  143.16227700000002 156.0 0
  143.205734 160.0 0
  143.292953 128.0 0
  143.447525 120.0 0
  143.487274 18.475691 0
  143.69146700000002 128.0 0
  143.880234 15.16462 0
  143.986725 140.0 0
  144.072525 4957.0 3
  144.435852 10.08333 0
  144.52439900000002 84.0 0
  144.928909 88.0 0
  144.94755600000002 156.0 0
  144.98434400000002 124.0 0
  145.047357 164.0 0
  145.06629900000001 144.0 0
  145.255157 84.0 0
  145.28671300000002 29.037121 0
  145.352325 72.0 0
  145.571716 68.0 0
  145.59367400000002 144.0 0
  145.709976 168.0 0
  145.714401 176.0 0
  145.774597 160.0 0
  145.919952 344.0 0
  145.95903 160.0 0
  146.057602 50.50005 0
  146.059967 1084.0 1
  146.068497 456.0 0
  146.11462400000002 164.0 0
  146.16258200000001 84.0 0
  146.174057 28.0 0
  146.26872300000002 176.0 0
  146.287003 3.12963 0
  146.290939 44.0 0
  146.347061 124.0 0
  146.38649 72.0 0
  146.475555 160.0 0
  146.522278 152.0 0
  146.720581 52.0 0
  146.977539 176.0 0
  146.997894 144.0 0
  147.034409 1060.0 1
  147.071091 152.0 0
  147.07418800000002 212.0 0
  147.498734 120.0 0
  147.541794 180.0 0
  147.75216700000001 216.0 0
  147.843414 184.0 0
  147.901657 164.0 0
  147.99726900000002 84.0 0
  148.023178 100.0 0
  148.742645 104.0 0
  148.763214 156.0 0
  148.952011 164.0 0
  149.002319 120.0 0
  149.020111 32.0 0
  149.024734 488.0 0
  149.05581700000002 857.0 0
  149.095413 1220.0 1
  149.108856 176.0 0
  149.115494 136.0 0
  149.124252 112.0 0
  149.130096 228.0 0
  149.324905 128.0 0
  149.556274 220.0 0
  150.090317 4932.0 3
  150.107697 248.0 0
  150.656616 116.0 0
  150.830261 228.0 0
  150.908447 156.0 0
  151.02877800000002 264.0 0
  151.14445500000002 220.0 0
  151.229263 188.0 0
  151.37114 196.0 0
  151.466217 96.0 0
  151.550827 48.0 0
  151.89939900000002 144.0 0
  151.973755 152.0 0
  152.009354 124.0 0
  152.012222 224.0 0
  152.059021 136.0 0
  152.07960500000002 500.0 0
  152.10475200000002 136.0 0
  152.26254300000002 144.0 0
  152.355377 148.0 0
  152.500595 204.0 0
  152.60458400000002 212.0 0
  152.981415 172.0 0
  153.033173 8368.0 5
  153.042801 144.0 0
  153.063736 508.0 0
  153.066971 140.0 0
  153.279816 5.888889 0
  153.446045 54.328251 0
  153.466599 256.0 0
  153.542633 128.0 0
  153.650436 196.0 0
  153.759262 152.0 0
  154.002274 192.0 0
  154.03860500000002 148.0 0
  154.04298400000002 2504.0 1
  154.05571 112.0 0
  154.113052 64.0 0
  154.313446 48.0 0
  154.40342700000002 80.0 0
  154.600815 204.0 0
  154.682297 248.0 0
  155.022919 300.0 0
  155.042953 168.0 0
  155.053772 156.0 0
  155.327332 10.47947 0
  155.421921 32.0 0
  155.537689 96.0 0
  155.742813 104.0 0
  155.86080900000002 156.0 0
  155.89447 136.0 0
  156.00412 68.0 0
  156.064865 208.0 0
  156.46301300000002 168.0 0
  156.808807 108.0 0
  156.98318500000002 308.0 0
  157.063965 164.0 0
  157.08046000000002 168.0 0
  157.197311 40.0 0
  157.21395900000002 144.0 0
  157.318771 188.0 0
  157.35881 180.0 0
  157.406281 20.28409 0
  157.891876 184.0 0
  158.06839000000002 300.0 0
  158.100876 4.6 0
  158.48263500000002 104.0 0
  158.574738 140.0 0
  158.63887 112.0 0
  158.74052400000002 96.0 0
  158.87809800000002 132.0 0
  158.944977 144.0 0
  159.013657 276.0 0
  159.08067300000002 160.0 0
  159.138702 2.537879 0
  159.415787 124.0 0
  159.49823 100.0 0
  159.82577500000002 192.0 0
  159.848862 204.0 0
  160.109451 72.0 0
  160.130432 136.0 0
  160.370789 160.0 0
  160.38385 140.0 0
  160.522446 128.0 0
  160.58908100000002 220.0 0
  160.636658 176.0 0
  161.05806 616.0 0
  161.09232500000002 192.0 0
  161.09660300000002 1388.0 1
  161.119705 7.616071 0
  161.19700600000002 64.0 0
  161.34213300000002 232.0 0
  161.386337 204.0 0
  161.515182 124.0 0
  161.582672 120.0 0
  161.624207 76.0 0
  161.73082000000002 96.0 0
  162.06147800000002 101615.0 58
  162.1026 156.0 0
  162.115555 84.0 0
  162.24852 140.0 0
  162.26658600000002 224.0 0
  162.827042 144.0 0
  163.01409900000002 152.0 0
  163.03375200000002 29106.0 17
  163.08891300000002 84119.0 48
  163.093445 168.0 0
  163.11857600000002 160.0 0
  163.300476 120.0 0
  163.365173 196.0 0
  163.554367 21.96314 0
  163.982651 168.0 0
  164.08256500000002 164.0 0
  164.109619 152.0 0
  164.11192300000002 524.0 0
  164.240677 156.0 0
  164.53422500000002 92.0 0
  164.585617 104.0 0
  164.794556 176.0 0
  164.840576 168.0 0
  164.86450200000002 260.0 0
  164.95863300000002 128.0 0
  165.016937 441.0 0
  165.056091 24.952921 0
  165.092026 276.0 0
  165.174698 80.0 0
  165.183899 200.0 0
  165.53907800000002 132.0 0
  165.569138 44.0 0
  165.838821 144.0 0
  166.04968300000002 180.0 0
  166.076477 53732.0 31
  166.10475200000002 364.0 0
  166.28280600000002 268.0 0
  166.48613 200.0 0
  166.533768 92.0 0
  166.803986 224.0 0
  166.81166100000002 38.573978 0
  166.97160300000002 188.0 0
  167.009018 28.0 0
  167.099954 216.0 0
  167.170227 112.0 0
  167.336609 128.0 0
  167.46751400000002 172.0 0
  167.47541800000002 132.0 0
  167.577911 176.0 0
  167.702438 172.0 0
  167.82666 160.0 0
  168.042901 176.0 0
  168.069992 2288.0 1
  168.074997 1184.0 1
  168.08960000000002 128.0 0
  168.096786 60304.0 34
  168.141357 240.0 0
  168.155777 148.0 0
  168.21443200000002 36.0 0
  168.344986 156.0 0
  168.43614200000002 108.0 0
  168.526428 180.0 0
  168.713287 164.0 0
  168.886597 148.0 0
  169.04071000000002 140.0 0
  169.06959500000002 108.0 0
  169.084244 3066.0 2
  169.08810400000002 112.0 0
  169.12011700000002 160.0 0
  169.15364100000002 200.0 0
  169.40042100000002 388.0 0
  169.536652 164.0 0
  169.59166000000002 188.0 0
  169.779449 140.0 0
  169.827087 180.0 0
  169.942215 212.0 0
  169.970773 288.0 0
  170.0009 64.0 0
  170.067902 328.0 0
  170.659729 152.0 0
  170.729736 76.0 0
  170.840088 188.0 0
  170.952957 148.0 0
  171.06088300000002 164.0 0
  171.100076 124.0 0
  171.11203 1408.0 1
  171.297394 14.33333 0
  171.325165 84.0 0
  171.380798 148.0 0
  171.40794400000001 168.0 0
  171.429123 136.0 0
  171.449951 144.0 0
  171.705795 112.0 0
  171.777008 80.0 0
  171.99762 164.0 0
  172.019745 9756.0 6
  172.038635 192.0 0
  172.042664 604.0 0
  172.264297 30.10816 0
  173.063232 112.0 0
  173.09433 964.0 1
  173.332657 124.0 0
  173.702896 48.0 0
  174.031082 112.0 0
  174.09916700000002 208.0 0
  174.12738000000002 136.0 0
  174.460342 176.0 0
  174.568817 140.0 0
  175.072213 152.0 0
  175.145584 344.0 0
  176.027725 184.0 0
  176.065063 160.0 0
  176.079056 224.0 0
  176.146591 144.0 0
  176.31424 76.0 0
  176.34108 104.0 0
  176.458664 32.0 0
  176.475739 196.0 0
  176.91339100000002 116.0 0
  177.05200200000002 4131.0 2
  177.055954 152.0 0
  177.086175 123.0 0
  177.119446 160.0 0
  177.293854 160.0 0
  177.39144900000002 144.0 0
  177.416199 160.0 0
  177.42948900000002 48.0 0
  177.454224 72.0 0
  177.628464 32.808971 0
  177.696091 48.0 0
  177.93396 240.0 0
  177.97129800000002 92.0 0
  178.127228 180.0 0
  178.457703 96.0 0
  178.480209 64.0 0
  178.55174300000002 60.0 0
  178.613144 176.0 0
  178.80542 144.0 0
  178.972824 76.0 0
  179.047043 272.0 0
  179.05633500000002 172.0 0
  179.13114900000002 176.0 0
  180.058853 12.08681 0
  180.12724300000002 40.0 0
  180.381424 140.0 0
  180.398743 136.0 0
  180.603134 92.0 0
  180.641815 136.0 0
  181.05818200000002 700.0 0
  181.063354 364.0 0
  181.098083 1648.0 1
  181.13197300000002 116.0 0
  181.469254 192.0 0
  181.675186 120.0 0
  181.70962500000002 7.868097 0
  182.04693600000002 196.0 0
  182.069565 220.0 0
  182.08779900000002 140.0 0
  182.133866 156.0 0
  182.51074200000002 80.0 0
  182.682159 232.0 0
  183.04942300000002 140.0 0
  183.070862 384.0 0
  183.080902 456.0 0
  183.725693 112.0 0
  183.96550000000002 64.0 0
  184.044022 148.0 0
  184.06784100000002 148.0 0
  184.077896 272.0 0
  184.110519 12141.675781 7
  184.12506100000002 164.0 0
  184.187592 132.0 0
  184.22847000000002 148.0 0
  184.482101 144.0 0
  184.75143400000002 9.6225 0
  185.0448 148.0 0
  185.131165 404.0 0
  185.17738300000002 8.024802 0
  185.24478100000002 5.480072 0
  185.56256100000002 148.0 0
  185.69078100000002 15.57445 0
  185.71167 204.0 0
  185.86702 52.0 0
  185.951355 200.0 0
  186.067902 152.0 0
  186.380646 68.0 0
  186.427139 264.0 0
  186.66568 272.0 0
  186.780075 168.0 0
  187.950684 120.0 0
  188.01353500000002 176.0 0
  188.032974 220.0 0
  188.148727 292.0 0
  188.354828 180.0 0
  188.377106 176.0 0
  188.533051 100.0 0
  189.01100200000002 57017.0 32
  189.033142 11.565135 0
  189.044968 72.0 0
  189.048767 337.0 0
  189.126999 11384.0 6
  189.417404 64.0 0
  189.47911100000002 76.0 0
  189.499008 164.0 0
  189.791458 7.142857 0
  189.96675100000002 48.0 0
  190.04873700000002 1008.0 1
  190.502701 160.0 0
  190.538147 160.0 0
  190.573822 160.0 0
  190.95361300000002 168.0 0
  191.062332 332.0 0
  191.14717100000001 48.0 0
  191.167831 64.0 0
  191.18261700000002 172.0 0
  191.319733 172.0 0
  191.32968100000002 216.0 0
  191.413422 18.013889 0
  191.82406600000002 80.0 0
  191.871262 64.0 0
  191.979523 180.0 0
  191.99078400000002 216.0 0
  192.056305 708.0 0
  192.06813 740.0 0
  192.137177 5224.0 3
  192.21490500000002 164.0 0
  192.368027 92.0 0
  192.480042 140.0 0
  192.58663900000002 224.0 0
  192.927048 64.0 0
  192.94111600000002 196.0 0
  192.988907 92.0 0
  193.059967 180.0 0
  193.09478800000002 1280.0 1
  193.33255 68.0 0
  193.803131 36.0 0
  193.983414 96.0 0
  194.17215000000002 78.401657 0
  194.235703 7.696429 0
  194.34153700000002 216.0 0
  194.530563 140.0 0
  194.90974400000002 108.0 0
  194.919861 144.0 0
  195.047043 160.0 0
  195.067551 112.025497 0
  195.07548500000001 3007.0 2
  195.082382 1112.0 1
  195.116501 776.0 0
  195.398743 116.0 0
  195.89917 52.0 0
  196.028458 168.0 0
  196.167282 80.0 0
  196.723953 68.0 0
  196.826416 44.0 0
  196.860306 116.0 0
  197.604004 152.0 0
  197.655045 180.0 0
  197.664688 84.0 0
  197.78576700000002 180.0 0
  198.032059 172.0 0
  198.16568 56.0 0
  198.188126 160.0 0
  198.472473 56.0 0
  198.506561 156.0 0
  198.559357 156.0 0
  198.671143 92.0 0
  198.94210800000002 72.0 0
  198.95768700000002 172.0 0
  199.004898 112.0 0
  199.03585800000002 192.0 0
  199.061234 200.0 0
  199.124908 168.0 0
  199.407608 13.04749 0
  199.437241 120.0 0
  200.046616 124.0 0
  200.075897 112.0 0
  200.08363300000002 72.0 0
  200.15141300000002 188.0 0
  200.286209 176.0 0
  200.30006400000002 176.0 0
  200.34497100000002 232.0 0
  200.38324 144.0 0
  200.475784 132.0 0
  201.035934 165895.0 94
  201.053909 116.0 0
  201.17347700000002 208.0 0
  201.266403 232.0 0
  201.360611 168.0 0
  201.949524 164.0 0
  201.956116 176.0 0
  202.11119100000002 172.0 0
  202.113763 899.0 1
  202.250549 124.0 0
  202.309647 152.0 0
  202.338074 236.0 0
  202.736306 681.0 0
  202.910202 164.0 0
  202.979004 156.0 0
  203.062637 165.0 0
  203.08470200000002 208.0 0
  203.235565 172.0 0
  203.262924 220.0 0
  203.92631500000002 52.0 0
  204.039627 188.0 0
  204.132706 84.0 0
  204.136292 148.0 0
  204.167908 104.0 0
  204.49284400000002 188.0 0
  204.977554 228.0 0
  205.01812700000002 160.0 0
  205.082718 1320.0 1
  205.096 1.0 0
  205.101181 4561.833984 3
  205.126404 148.0 0
  205.34523000000002 88.0 0
  205.61592100000001 160.0 0
  205.634598 68.0 0
  205.68945300000001 116.0 0
  206.08200000000002 1.0 0
  206.20889300000002 148.0 0
  206.239105 148.0 0
  206.58342000000002 200.0 0
  207.016998 107204.0 61
  207.068558 128.0 0
  207.084854 216.0 0
  207.08818100000002 7319.0 4
  207.223648 232.0 0
  208.065628 180.0 0
  208.39672900000002 144.0 0
  208.67617800000002 140.0 0
  208.78332500000002 200.0 0
  209.10939000000002 180.0 0
  209.11819500000001 188.0 0
  209.132889 91.1623 0
  209.349228 48.0 0
  209.556168 80.0 0
  210.22056600000002 104.0 0
  210.403183 9.102564 0
  210.487244 2.0 0
  210.93841600000002 96.0 0
  211.109238 147.174896 0
  211.595276 156.0 0
  212.006851 1172.0 1
  212.05896 220.0 0
  212.08264200000002 148.0 0
  212.14038100000002 440.0 0
  212.218002 14190.0 8
  212.451218 144.0 0
  212.969101 148.0 0
  213.122726 172.0 0
  213.31024200000002 104.0 0
  213.351181 108.0 0
  214.054001 204990.0 116
  214.164688 152.0 0
  214.209915 108.0 0
  214.35524 132.0 0
  214.627426 168.0 0
  214.706253 116.0 0
  214.879074 168.0 0
  214.98138400000002 184.0 0
  215.080521 748.0 0
  215.26966900000002 148.0 0
  215.317459 160.0 0
  215.366455 7.457143 0
  215.700333 144.0 0
  216.062836 24776.0 14
  216.151794 252.0 0
  216.396194 88.0 0
  216.63703900000002 59.128189 0
  216.942551 156.0 0
  217.082275 204.0 0
  217.08522000000002 1844.0 1
  217.113449 196.0 0
  217.34465 60.0 0
  217.802567 196.0 0
  218.069092 136.0 0
  218.078796 172.0 0
  218.522278 152.0 0
  219.08320600000002 512.0 0
  219.107895 820175.0 466
  219.116806 316.0 0
  219.305725 108.0 0
  219.58813500000002 128.0 0
  219.75482200000002 120.0 0
  219.794495 140.0 0
  220.12454200000002 184.0 0
  220.3125 128.0 0
  220.37626600000002 168.0 0
  220.442474 128.0 0
  220.59213300000002 140.0 0
  220.612061 160.0 0
  220.617523 60.0 0
  221.305313 72.0 0
  221.375092 152.0 0
  221.48111 144.0 0
  221.573578 144.0 0
  222.03680400000002 180.0 0
  222.085037 180.0 0
  222.22120700000002 164.0 0
  222.419647 44.0 0
  223.070007 1759695.0 999
  223.074738 500.0 0
  223.424774 31.361349 0
  223.607452 192.0 0
  223.635986 148.0 0
  223.64102200000002 176.0 0
  223.74327100000002 16.48563 0
  224.44902000000002 148.0 0
  225.02890000000002 144.0 0
  225.12574800000002 80.997368 0
  225.45730600000002 136.0 0
  225.66940300000002 60.0 0
  225.752319 68.0 0
  225.87596100000002 4.001812 0
  226.1129 164.0 0
  226.76306200000002 376.0 0
  227.023056 9192.0 5
  227.062027 176.0 0
  227.226685 37.825001 0
  227.32624800000002 164.0 0
  228.061035 144.0 0
  228.109924 608.0 0
  228.18228100000002 176.0 0
  228.79267900000002 168.0 0
  228.88389600000002 120.0 0
  228.902206 3.0625 0
  228.952957 200.0 0
  228.956177 64.0 0
  229.04216 180.0 0
  229.13002 160.0 0
  229.761551 48.0 0
  230.392044 64.0 0
  230.72937000000002 252.0 0
  231.035095 96.0 0
  231.504669 208.0 0
  231.508698 116.0 0
  231.98494 36.0 0
  232.087723 248.0 0
  232.119507 116.0 0
  232.126572 124.0 0
  232.199417 59.775612 0
  232.20399500000002 27.41869 0
  233.090179 348.0 0
  233.123163 162.0 0
  233.130966 148.0 0
  233.852722 68.0 0
  234.07295200000002 368.0 0
  234.084595 304.0 0
  234.29568500000002 176.0 0
  234.51341200000002 9.724359 0
  234.70129400000002 172.0 0
  234.877701 19.66118 0
  234.95112600000002 176.0 0
  234.999985 204.0 0
  235.117355 5624.0 3
//
