ACCESSION: CCMSLIB00000005192
RECORD_TITLE: decoy
DATE: 2015.11.20
AUTHORS: Administrator
LICENSE: CC BY-SA
CH$NAME: decoy
CH$COMPOUND_CLASS: Natural Product
CH$FORMULA: C12H8O4
CH$EXACT_MASS: 216.042258736
CH$SMILES: N/A
CH$IUPAC: decoy
CH$LINK: N/A
AC$INSTRUMENT: decoy
AC$INSTRUMENT_TYPE: decoy
AC$MASS_SPECTROMETRY: MS_TYPE MS2
AC$MASS_SPECTROMETRY: ION_MODE POSITIVE
AC$MASS_SPECTROMETRY: COLLISION_ENERGY 10 V
MS$FOCUSED_ION: PRECURSOR_M/Z 217
MS$FOCUSED_ION: PRECURSOR_TYPE [M+H]+
PK$NUM_PEAK: 551
PK$PEAK: m/z int. rel.int.
  29.300657 180.0 0
  44.888462000000004 136.0 0
  45.037422 288.0 0
  45.319885 148.0 0
  47.265514 148.0 0
  47.406307 168.0 0
  48.095211 232.0 0
  48.199318 164.0 0
  48.787773 176.0 0
  49.583027 276.0 0
  50.374119 164.0 0
  50.555027 208.0 0
  50.731281 168.0 0
  51.12682 168.0 0
  51.712738 180.0 0
  51.999977 176.0 0
  52.239632 124.0 0
  52.878838 140.0 0
  54.703320000000005 172.0 0
  55.050041 44.0 0
  57.041142 132.0 0
  57.200749 324.0 0
  58.042427 80.0 0
  58.352123 216.0 0
  59.835102 184.0 0
  60.188629 168.0 0
  60.708664 228.0 0
  61.156326 172.0 0
  61.374275000000004 96.0 0
  61.530968 240.0 0
  62.274075 64.0 0
  62.437393 124.0 0
  63.090557000000004 212.0 0
  63.824047 140.0 0
  64.169083 180.0 0
  65.238029 232.0 0
  66.61994899999999 228.0 0
  67.30757899999999 108.0 0
  68.069397 108.0 0
  68.494942 172.0 0
  69.00621799999999 164.0 0
  69.033035 152.0 0
  70.16883899999999 188.0 0
  70.70097399999999 220.0 0
  71.43318199999999 140.0 0
  71.43601199999999 152.0 0
  71.536034 204.0 0
  71.57818599999999 140.0 0
  71.59104199999999 88.0 0
  71.763206 120.0 0
  72.030457 208.0 0
  72.35331 108.0 0
  72.827202 224.0 0
  73.40491499999999 168.0 0
  73.49865 204.0 0
  74.12542699999999 168.0 0
  74.45594799999999 152.0 0
  74.784821 152.0 0
  75.316406 212.0 0
  76.10657499999999 128.0 0
  76.793465 156.0 0
  77.05645799999999 156.0 0
  78.788574 64.0 0
  79.13829799999999 188.0 0
  79.32766 156.0 0
  79.644341 132.0 0
  80.032967 144.0 0
  80.386444 184.0 0
  80.998154 168.0 0
  83.08545699999999 216.0 0
  84.342934 164.0 0
  85.130798 176.0 0
  85.70298799999999 100.0 0
  85.890739 168.0 0
  86.289322 192.0 0
  86.54111499999999 136.0 0
  86.776596 184.0 0
  87.36498999999999 140.0 0
  87.371742 184.0 0
  87.770889 144.0 0
  88.062851 176.0 0
  88.43363199999999 184.0 0
  91.11458599999999 208.0 0
  91.35153199999999 248.0 0
  92.058899 168.0 0
  92.35979499999999 80.0 0
  92.479385 124.0 0
  93.057739 11104.0 4
  93.28723099999999 180.0 0
  93.52858699999999 220.0 0
  94.052567 168.0 0
  95.306198 180.0 0
  95.34479499999999 176.0 0
  95.47464799999999 116.0 0
  95.631012 184.0 0
  95.82631699999999 172.0 0
  95.83573899999999 144.0 0
  96.21655299999999 216.0 0
  96.67700199999999 100.0 0
  96.84565699999999 144.0 0
  97.05826599999999 200.0 0
  97.09024 152.0 0
  97.10604099999999 140.0 0
  97.58223699999999 64.0 0
  97.75362399999999 132.0 0
  97.805824 188.0 0
  99.04944599999999 256.0 0
  99.128181 200.0 0
  99.866997 144.0 0
  100.00477599999999 148.0 0
  100.212509 176.0 0
  100.418793 116.0 0
  100.424309 164.0 0
  100.62621299999999 144.0 0
  100.629898 140.0 0
  100.684196 192.0 0
  100.999855 304.0 0
  101.356186 180.0 0
  101.37849399999999 196.0 0
  101.80407699999999 264.0 0
  102.072617 148.0 0
  102.56315599999999 188.0 0
  102.72061199999999 192.0 0
  102.73847199999999 292.0 0
  102.891937 156.0 0
  103.06028699999999 180.0 0
  103.073792 212.0 0
  103.08564 220.0 0
  103.302223 84.0 0
  103.74613199999999 176.0 0
  103.96421099999999 164.0 0
  104.013573 224.0 0
  104.028793 196.0 0
  104.070618 746.720215 0
  104.118118 124.0 0
  104.872025 180.0 0
  104.991951 120.0 0
  105.003014 124.0 0
  106.071815 164.0 0
  106.21455399999999 176.0 0
  106.296494 204.0 0
  106.362839 156.0 0
  107.132195 112.0 0
  107.214272 3.266667 0
  107.27064499999999 160.0 0
  108.042625 332.0 0
  108.460213 136.0 0
  108.47127499999999 224.0 0
  108.797935 164.0 0
  108.98447399999999 168.0 0
  109.973137 168.0 0
  110.030907 176.0 0
  110.34737399999999 180.0 0
  110.95670299999999 164.0 0
  111.058174 66.058189 0
  111.062035 148.0 0
  111.07753899999999 120.0 0
  111.262192 104.0 0
  111.445747 416.0 0
  111.49220299999999 24.00329 0
  111.50360099999999 164.0 0
  111.59078199999999 180.0 0
  111.782242 56.0 0
  111.916382 120.0 0
  112.062714 300.0 0
  112.150764 148.0 0
  112.253395 160.0 0
  112.262497 96.0 0
  112.737 124.0 0
  113.076195 188.0 0
  113.482025 100.0 0
  114.032539 376.0 0
  114.086761 180.0 0
  114.23121599999999 204.0 0
  114.62825 40.0 0
  114.70955699999999 160.0 0
  114.75286899999999 124.0 0
  114.7649 188.0 0
  114.86168699999999 108.0 0
  114.95884699999999 180.0 0
  115.05645799999999 164.0 0
  115.060097 168.0 0
  115.07141899999999 132.0 0
  115.62397 172.0 0
  116.031853 316.0 0
  116.08576199999999 172.0 0
  116.10723899999999 168.0 0
  116.349319 13.64329 0
  116.470947 196.0 0
  116.592041 156.0 0
  116.693665 140.0 0
  116.7528 176.0 0
  117.030029 196.0 0
  117.07135799999999 208.0 0
  117.679565 136.0 0
  117.82795 48.0 0
  118.05086499999999 844.0 0
  118.201965 9.0125 0
  119.046234 200.0 0
  119.07150999999999 236.0 0
  119.073753 230.882202 0
  119.08983599999999 108.1614 0
  119.63688699999999 136.0 0
  119.94493899999999 136.0 0
  120.40832499999999 136.0 0
  120.99388099999999 204.0 0
  121.06030299999999 12030.0 4
  121.06600999999999 184.0 0
  121.097099 78.809921 0
  121.332512 164.0 0
  121.459633 200.0 0
  122.036385 6968.0 2
  122.098579 176.0 0
  122.2136 8.428572 0
  122.21790299999999 72.0 0
  122.505882 140.0 0
  123.051239 196.0 0
  123.076889 44.060612 0
  123.239082 112.0 0
  123.25613399999999 32.0 0
  123.572373 136.0 0
  123.824883 6.55147 0
  123.87822 120.0 0
  124.10734599999999 248.0 0
  124.33730299999999 40.0 0
  124.349953 11.025 0
  124.45652 124.0 0
  124.990242 64.0 0
  125.060051 10.59524 0
  125.529282 188.0 0
  125.859657 96.0 0
  125.915634 148.0 0
  126.179947 84.0 0
  127.05728099999999 292.0 0
  127.077248 544.0 0
  127.533501 172.0 0
  127.96714 228.0 0
  128.050873 248.0 0
  128.062561 200.0 0
  128.24939 204.0 0
  128.263062 120.0 0
  128.915802 11.01136 0
  129.117004 80.0 0
  129.215515 44.0 0
  129.714539 180.0 0
  130.032654 64.0 0
  130.13377400000002 156.0 0
  131.057083 200.0 0
  131.07011400000002 136.0 0
  131.236771 76.0 0
  132.00920100000002 148.0 0
  132.080521 528.0 0
  132.091644 212.0 0
  132.825638 148.0 0
  133.014542 168.0 0
  133.017822 200.0 0
  133.0233 16754.0 6
  133.02832 1048.0 0
  133.052795 216.0 0
  133.101242 981.142578 0
  133.237244 172.0 0
  133.466507 52.0 0
  133.862808 164.0 0
  134.006439 136.0 0
  134.011917 140.0 0
  134.059586 524.0 0
  134.264969 196.0 0
  134.52771 144.0 0
  134.59736600000002 232.0 0
  134.750732 148.0 0
  135.028244 132.0 0
  135.05320700000001 172.0 0
  135.08046000000002 20.765869 0
  135.15617400000002 60.0 0
  135.80632 132.0 0
  136.046448 184.0 0
  136.13024900000002 64.0 0
  137.625259 164.0 0
  137.73335300000002 144.0 0
  138.518875 176.0 0
  138.608566 292.0 0
  138.839584 140.0 0
  138.950378 108.0 0
  139.040085 300.0 0
  139.394226 192.0 0
  139.545746 112.0 0
  140.027176 36.0 0
  140.13626100000002 232.0 0
  140.204361 144.0 0
  140.546997 176.0 0
  140.970108 76.0 0
  141.727753 132.0 0
  142.079193 440.0 0
  142.309021 60.0 0
  142.490082 160.0 0
  142.94194000000002 124.0 0
  143.072632 176.0 0
  143.08284 469.0 0
  143.201157 80.0 0
  143.208755 136.0 0
  143.571976 176.0 0
  143.803345 152.0 0
  144.000076 140.0 0
  144.072525 4957.0 2
  144.09082 358.3797 0
  144.103317 168.0 0
  144.116272 160.0 0
  145.042374 1004.489014 0
  145.063477 212.0 0
  145.105545 27.29167 0
  145.146942 420.0 0
  145.27053800000002 344.0 0
  146.24295 120.0 0
  146.762772 172.0 0
  147.01400800000002 2304512.0 765
  147.08015400000002 850.849792 0
  147.100922 1844.0 1
  147.11578400000002 676.0 0
  147.81182900000002 144.0 0
  148.102386 244594.0 81
  148.138092 56.0 0
  148.587341 40.0 0
  149.012024 284.0 0
  149.028595 232.0 0
  149.04440300000002 1608.0 1
  149.13377400000002 144.0 0
  150.206604 52.0 0
  151.09393300000002 152.0 0
  151.111511 472.0 0
  151.46824600000002 140.0 0
  152.1866 152.0 0
  152.75245700000002 224.0 0
  152.97700500000002 3008765.0 999
  153.078156 4.501838 0
  153.31277500000002 100.0 0
  154.013779 84.0 0
  154.06601 333.0 0
  154.073105 384.0 0
  154.099457 156.0 0
  154.457886 232.0 0
  154.601974 132.0 0
  154.839783 108.0 0
  154.931396 64.0 0
  154.98912 3368.0 1
  155.070312 192.0 0
  155.08351100000002 161.7267 0
  155.112579 14.65385 0
  155.662094 144.0 0
  156.08168 27.04167 0
  156.092331 756.0 0
  156.972733 156.0 0
  157.04852300000002 168.0 0
  157.770111 164.0 0
  157.77281200000002 100.0 0
  157.895691 144.0 0
  158.067337 200.0 0
  158.310486 176.0 0
  158.78891000000002 128.0 0
  158.88157700000002 88.0 0
  158.900803 16.480391 0
  158.952179 184.0 0
  158.961411 180.0 0
  159.00207500000002 6.25 0
  159.116608 3268.0 1
  159.309067 248.0 0
  159.448105 176.0 0
  159.457489 48.0 0
  159.56440700000002 184.0 0
  159.832177 216.0 0
  160.05278 144.0 0
  160.241409 140.0 0
  160.266205 168.0 0
  160.49757400000001 132.0 0
  160.68519600000002 228.0 0
  161.059158 4456.0 1
  161.52597 172.0 0
  161.887436 84.0 0
  161.971573 468.0 0
  162.16308600000002 52.0 0
  162.17721600000002 136.0 0
  162.58578500000002 100.0 0
  162.713943 36.0 0
  163.03349300000002 65541.0 22
  163.172653 84.0 0
  163.201492 116.0 0
  163.204742 44.272129 0
  164.081253 256.0 0
  164.43483 164.0 0
  164.86857600000002 156.0 0
  165.024002 61798.0 21
  165.10600300000002 196.0 0
  165.14913900000002 148.0 0
  165.978821 156.0 0
  166.66774 132.0 0
  166.85969500000002 156.0 0
  166.96206700000002 236.0 0
  166.9879 160.0 0
  166.99400300000002 2165806.0 719
  167.32634000000002 104.0 0
  168.10325600000002 144.0 0
  168.123032 192.0 0
  168.20666500000002 44.0 0
  168.297928 188.0 0
  168.652557 15.54167 0
  168.982086 160.0 0
  169.01812700000002 144.0 0
  169.06208800000002 1936.0 1
  169.190887 104.0 0
  169.905396 128.0 0
  170.027328 383.755493 0
  170.059448 19.740801 0
  170.07328800000002 40.87672 0
  170.269012 68.0 0
  170.43734700000002 56.0 0
  170.51254300000002 88.0 0
  171.093805 1457.0 0
  171.136865 160.0 0
  171.820786 160.0 0
  172.013 11798.0 4
  173.086502 496.0 0
  173.175034 108.0 0
  173.527252 160.0 0
  173.766342 108.0 0
  173.78881800000002 100.0 0
  174.086136 75054.0 25
  174.22988900000001 200.0 0
  174.47953800000002 40.0 0
  174.784927 132.0 0
  175.020798 188.0 0
  175.07406600000002 140.0 0
  175.961151 176.0 0
  176.038681 736.0 0
  176.085403 200.0 0
  176.387619 14.12927 0
  177.12484700000002 308.0 0
  177.764969 148.0 0
  177.99018900000002 124.0 0
  178.394882 108.0 0
  178.61317400000001 148.0 0
  179.08183300000002 5296.0 2
  179.107 1.0 0
  179.142548 112.0 0
  179.26963800000001 228.0 0
  180.694778 112.0 0
  181.100021 216.0 0
  181.29454 148.0 0
  181.698654 40.0 0
  182.010559 216.0 0
  182.95069900000001 108.0 0
  183.059616 42.00362 0
  184.11041300000002 144.0 0
  184.279007 240.0 0
  185.09523000000002 951.951477 0
  185.205353 188.0 0
  185.31852700000002 248.0 0
  185.796356 116.0 0
  186.084213 136.0 0
  186.10354600000002 164.0 0
  186.149597 44.0 0
  186.157349 212.0 0
  186.273697 152.0 0
  186.490036 4.844298 0
  187.01559400000002 15.36699 0
  187.125473 152.0 0
  187.248886 172.0 0
  187.40631100000002 48.0 0
  187.675568 184.0 0
  187.83989 152.0 0
  188.126306 557.0 0
  188.17820700000001 80.0 0
  188.76590000000002 120.0 0
  188.93222 136.0 0
  189.065018 148.0 0
  189.66871600000002 5.002273 0
  189.818207 228.0 0
  190.04968300000002 40253.0 13
  190.11853000000002 156.0 0
  190.22789 60.0 0
  190.346222 196.0 0
  190.917877 9.53293 0
  191.066864 358206.0 119
  191.332596 292.0 0
  191.774033 204.0 0
  191.976852 48.0 0
  192.11978100000002 240.0 0
  192.253479 52.0 0
  192.303268 72.0 0
  192.367432 152.0 0
  194.566574 44.0 0
  195.06320200000002 340.0 0
  195.098801 148.0 0
  195.527344 108.0 0
  195.96125800000002 204.0 0
  197.12780800000002 26.566669 0
  197.362534 184.0 0
  197.59350600000002 32.0 0
  198.112152 152.0 0
  198.276779 32.0 0
  198.76464800000002 228.0 0
  198.78796400000002 116.0 0
  199.07276900000002 5177.0 2
  199.079544 144.0 0
  199.70335400000002 108.0 0
  200.07785 40.0 0
  200.900192 148.0 0
  201.126404 196.0 0
  201.52705400000002 132.0 0
  201.717926 26.25102 0
  201.82547 13.98818 0
  202.034546 76.0 0
  202.147446 108.0 0
  202.265778 188.0 0
  202.68029800000002 100.0 0
  203.071808 140.0 0
  203.806091 60.0 0
  204.717667 60.0 0
  205.268875 156.0 0
  206.09329200000002 352.0 0
  206.159805 3.505357 0
  206.55444300000002 4.87625 0
  207.285614 68.0 0
  207.51431300000002 84.0 0
  207.657715 160.0 0
  208.085892 1492.0 0
  208.417099 172.0 0
  208.816193 15.875 0
  208.92974900000002 160.0 0
  209.10600300000002 5291.0 2
  209.14205900000002 224.0 0
  209.308807 2.761364 0
  210.049866 136.0 0
  210.650406 72.0 0
  210.811081 208.0 0
  211.0672 120.0 0
  211.09161400000002 148.0 0
  211.574356 92.0 0
  212.133927 168.0 0
  213.033264 3300.0 1
  213.09317000000001 116.0 0
  213.13858000000002 32.0 0
  214.059265 2527.0 1
  214.09118700000002 8580.0 3
  214.107742 340.0 0
  215.070786 27.340691 0
  215.07397500000002 156.0 0
  215.118546 160.0 0
  215.315796 192.0 0
  215.392548 112.0 0
  215.74205 136.0 0
  216.126495 176.0 0
  217.053955 5.666667 0
//
