ACCESSION: CCMSLIB00000086061
RECORD_TITLE: decoy
DATE: 2015.11.20
AUTHORS: Administrator
LICENSE: CC BY-SA
CH$NAME: decoy
CH$COMPOUND_CLASS: Natural Product
CH$FORMULA: C17H14N2O3
CH$EXACT_MASS: 294.10044230799997
CH$SMILES: N/A
CH$IUPAC: decoy
CH$LINK: N/A
AC$INSTRUMENT: decoy
AC$INSTRUMENT_TYPE: decoy
AC$MASS_SPECTROMETRY: MS_TYPE MS2
AC$MASS_SPECTROMETRY: ION_MODE POSITIVE
AC$MASS_SPECTROMETRY: COLLISION_ENERGY 10 V
MS$FOCUSED_ION: PRECURSOR_M/Z 295
MS$FOCUSED_ION: PRECURSOR_TYPE [M+H]+
PK$NUM_PEAK: 90
PK$PEAK: m/z int. rel.int.
  50.325565000000005 176.0 8
  54.336864 332.0 15
  58.505657 192.0 9
  67.66315499999999 140.0 6
  70.52926599999999 136.0 6
  75.40405299999999 56.0 2
  76.99395 140.0 6
  80.09973099999999 32.0 1
  84.552713 164.0 7
  94.92040999999999 68.0 3
  95.53356199999999 192.0 9
  97.39070099999999 84.0 4
  99.98204 36.0 2
  107.43579899999999 192.0 9
  108.82146499999999 120.0 5
  109.128998 140.0 6
  109.341629 164.0 7
  110.39450799999999 160.0 7
  114.23181199999999 164.0 7
  115.053444 633.987122 28
  119.663445 32.0 1
  120.11458599999999 15.2192 1
  120.60857399999999 10.4289 0
  121.038956 144.968399 6
  121.044472 212.0 9
  122.60726899999999 120.0 5
  125.743332 23.04545 1
  125.826706 100.0 4
  126.036034 190.081207 8
  127.575874 136.0 6
  128.74066200000001 224.0 10
  131.08209200000002 128.0 6
  133.989441 60.0 3
  140.762054 176.0 8
  141.716034 164.0 7
  141.975052 136.0 6
  143.235306 192.0 9
  144.027924 22552.0 999
  144.41249100000002 264.0 12
  146.210892 80.0 4
  148.110092 168.0 7
  151.98770100000002 84.0 4
  152.929306 72.0 3
  153.05452 152.0 7
  153.063751 70.670227 3
  153.51341200000002 180.0 8
  161.899414 220.0 10
  162.316833 144.0 6
  165.42347700000002 6.12037 0
  166.091507 547.0 24
  168.108673 116.0 5
  171.42218 124.0 5
  171.43872100000002 56.0 2
  172.607895 168.0 7
  177.119446 160.0 7
  180.024551 160.0 7
  184.957825 80.0 4
  190.07577500000002 16598.0 735
  191.367691 88.0 4
  193.70811500000002 52.0 2
  197.63150000000002 200.0 9
  201.065079 715.0 32
  202.78701800000002 260.0 12
  206.26066600000001 156.0 7
  210.496658 216.0 10
  213.81126400000002 172.0 8
  218.58216900000002 116.0 5
  221.918106 80.0 4
  223.778976 140.0 6
  228.004456 60.0 3
  228.21814 160.0 7
  229.162735 148.0 7
  231.24942000000001 168.0 7
  237.130402 132.0 6
  237.859116 136.0 6
  250.07016000000002 184.0 8
  252.12544300000002 1032.0 46
  254.657715 192.0 9
  258.81967199999997 108.0 5
  261.921143 200.0 9
  262.51104699999996 152.0 7
  264.269135 696.0 31
  269.500366 256.0 11
  275.20782499999996 116.0 5
  276.45584099999996 56.0 2
  282.816223 76.0 3
  288.46691899999996 148.0 7
  290.056274 376.0 17
  292.626068 144.0 6
  295.131134 196.0 9
//
