ACCESSION: CCMSLIB00000079487
RECORD_TITLE: decoy
DATE: 2015.11.20
AUTHORS: Administrator
LICENSE: CC BY-SA
CH$NAME: decoy
CH$COMPOUND_CLASS: Natural Product
CH$FORMULA: C25H26ClNO6
CH$EXACT_MASS: 471.144865232
CH$SMILES: N/A
CH$IUPAC: decoy
CH$LINK: N/A
AC$INSTRUMENT: decoy
AC$INSTRUMENT_TYPE: decoy
AC$MASS_SPECTROMETRY: MS_TYPE MS2
AC$MASS_SPECTROMETRY: ION_MODE POSITIVE
AC$MASS_SPECTROMETRY: COLLISION_ENERGY 10 V
MS$FOCUSED_ION: PRECURSOR_M/Z 472
MS$FOCUSED_ION: PRECURSOR_TYPE [M+H]+
PK$NUM_PEAK: 1617
PK$PEAK: m/z int. rel.int.
  44.936337 148.0 0
  44.997974 200.0 0
  45.12886 156.0 0
  45.577705 152.0 0
  46.30632 40.0 0
  46.459751000000004 160.0 0
  46.520908 264.0 0
  46.537014 164.0 0
  46.676956000000004 144.0 0
  46.705986 232.0 0
  46.821087 252.0 0
  46.992702 36.0 0
  47.017876 136.0 0
  47.397575 96.0 0
  47.906586000000004 172.0 0
  48.201267 196.0 0
  48.220428 120.0 0
  48.260490000000004 96.0 0
  48.620461 228.0 0
  48.71553 204.0 0
  48.979748 272.0 0
  49.19936 176.0 0
  49.213253 220.0 0
  50.06765 120.0 0
  50.134167000000005 136.0 0
  50.405048 208.0 0
  50.421387 116.0 0
  50.452591 160.0 0
  50.549362 236.0 0
  50.823036 204.0 0
  51.183231 132.0 0
  51.289284 216.0 0
  51.402393000000004 52.0 0
  51.564358 132.0 0
  52.133675000000004 204.0 0
  52.491566 160.0 0
  52.526611 224.0 0
  52.617546000000004 228.0 0
  52.989964 148.0 0
  53.276066 140.0 0
  53.509094000000005 108.0 0
  53.581516 132.0 0
  53.720551 200.0 0
  53.776165 176.0 0
  54.237129 132.0 0
  54.342636 152.0 0
  54.643867 248.0 0
  54.756344 196.0 0
  55.109371 184.0 0
  55.204597 96.0 0
  55.293056 144.0 0
  55.589169 156.0 0
  55.703884 100.0 0
  55.738735 36.0 0
  55.768753000000004 144.0 0
  55.866028 144.0 0
  56.285099 168.0 0
  56.601234 176.0 0
  57.123817 148.0 0
  57.127918 196.0 0
  57.265207000000004 156.0 0
  57.430962 156.0 0
  57.519733 228.0 0
  57.601608 180.0 0
  58.155407000000004 168.0 0
  58.259518 104.0 0
  58.833767 128.0 0
  59.03524 192.0 0
  59.293335 188.0 0
  59.480427 112.0 0
  60.206791 152.0 0
  60.922222000000005 152.0 0
  60.959648 168.0 0
  61.233757000000004 196.0 0
  61.381107 168.0 0
  61.480103 260.0 0
  61.530739000000004 216.0 0
  61.781788 144.0 0
  63.302765 156.0 0
  63.844597 44.0 0
  64.021126 56.0 0
  64.175545 96.0 0
  64.41404 216.0 0
  64.957748 184.0 0
  64.96882599999999 128.0 0
  65.125816 184.0 0
  65.349419 196.0 0
  65.56139399999999 128.0 0
  65.687317 204.0 0
  65.690483 184.0 0
  66.07966599999999 140.0 0
  66.504677 92.0 0
  66.537071 220.0 0
  66.77424599999999 176.0 0
  66.79888199999999 104.0 0
  67.098289 184.0 0
  67.145012 168.0 0
  67.34465 248.0 0
  67.70288799999999 152.0 0
  68.01557899999999 112.0 0
  68.928238 176.0 0
  69.123238 164.0 0
  69.31528499999999 124.0 0
  69.35060899999999 216.0 0
  69.75542399999999 224.0 0
  70.040421 184.0 0
  70.05246 220.0 0
  70.15611299999999 136.0 0
  70.82495899999999 148.0 0
  71.06644399999999 498.440186 0
  71.101074 184.0 0
  71.77488699999999 128.0 0
  71.82183099999999 168.0 0
  72.211761 188.0 0
  73.052315 164.0 0
  73.09005699999999 196.0 0
  73.237793 144.0 0
  73.26306199999999 148.0 0
  73.810486 160.0 0
  73.94986 144.0 0
  74.065041 184.0 0
  74.74536099999999 120.0 0
  74.89510299999999 196.0 0
  75.16179699999999 208.0 0
  75.27249099999999 160.0 0
  75.69702099999999 148.0 0
  75.908897 200.0 0
  76.581932 112.0 0
  76.885887 148.0 0
  77.55831099999999 152.0 0
  77.754723 160.0 0
  77.946198 168.0 0
  78.28591899999999 156.0 0
  78.582535 152.0 0
  78.86895799999999 88.0 0
  78.918465 180.0 0
  79.77012599999999 104.0 0
  80.292435 236.0 0
  80.65920999999999 192.0 0
  80.85428599999999 132.0 0
  81.518631 136.0 0
  81.77450599999999 140.0 0
  82.031464 212.0 0
  82.16296399999999 160.0 0
  82.25443999999999 184.0 0
  82.33217599999999 136.0 0
  82.438744 76.0 0
  82.8853 180.0 0
  83.012451 50.421539 0
  83.01915699999999 144.0 0
  83.777672 172.0 0
  83.91706099999999 120.0 0
  84.007454 140.0 0
  84.09382599999999 84.0 0
  84.298096 156.0 0
  84.45343799999999 144.0 0
  85.042374 120.0 0
  85.10498799999999 224.0 0
  85.75993299999999 88.0 0
  86.26149699999999 104.0 0
  86.538979 200.0 0
  86.82616399999999 148.0 0
  87.467697 196.0 0
  87.787544 188.0 0
  88.13484199999999 36.0 0
  88.372017 220.0 0
  88.424416 104.0 0
  88.45627599999999 144.0 0
  88.5037 160.0 0
  88.510612 128.0 0
  88.854996 164.0 0
  89.034424 302.128998 0
  89.664383 68.0 0
  90.597504 188.0 0
  90.80313899999999 136.0 0
  90.819931 52.0 0
  91.05427599999999 2872.0 1
  91.09061399999999 224.0 0
  91.313316 164.0 0
  91.345078 164.0 0
  91.487297 144.0 0
  91.542053 216.0 0
  91.57579 208.0 0
  91.59790799999999 136.0 0
  93.00437199999999 152.0 0
  93.343391 196.0 0
  93.34930399999999 148.0 0
  93.37091099999999 176.0 0
  94.07135799999999 52.0 0
  94.83277899999999 120.0 0
  95.101158 140.0 0
  95.12218499999999 144.0 0
  95.157097 60.0 0
  95.221481 172.0 0
  95.326927 132.0 0
  95.512321 92.0 0
  95.517708 176.0 0
  95.76913499999999 124.0 0
  95.807312 188.0 0
  95.92970299999999 108.0 0
  96.02920499999999 124.0 0
  96.25793499999999 184.0 0
  96.32985699999999 56.0 0
  96.512794 156.0 0
  96.66367299999999 108.0 0
  96.68380699999999 192.0 0
  96.74788699999999 148.0 0
  96.879173 172.0 0
  96.904907 164.0 0
  96.98145299999999 364.0 0
  97.483925 132.0 0
  97.704033 256.0 0
  97.78295899999999 152.0 0
  97.852768 220.0 0
  98.10516399999999 208.0 0
  98.413528 136.0 0
  98.509659 116.0 0
  98.570847 32.0 0
  98.584785 152.0 0
  98.81884799999999 240.0 0
  98.95921299999999 116.0 0
  99.21032699999999 144.0 0
  99.23168899999999 212.0 0
  99.72747 232.0 0
  99.751297 128.0 0
  99.810127 200.0 0
  99.86460899999999 128.0 0
  100.108223 208.0 0
  100.258034 156.0 0
  100.471581 64.0 0
  100.51488499999999 164.0 0
  100.667366 112.0 0
  100.79081699999999 136.0 0
  100.79424999999999 128.0 0
  100.80806 208.0 0
  100.82663 152.0 0
  101.09249899999999 248.0 0
  101.192078 184.0 0
  101.23533599999999 60.0 0
  101.237534 132.0 0
  101.38795499999999 152.0 0
  101.75206 176.0 0
  101.964249 244.0 0
  102.04749299999999 123.528702 0
  102.087463 196.0 0
  102.272629 192.0 0
  102.28298199999999 148.0 0
  102.363739 5.056018 0
  102.383995 88.0 0
  102.39282999999999 160.0 0
  102.506523 168.0 0
  102.63385 148.0 0
  102.653061 128.0 0
  102.722939 168.0 0
  102.75510399999999 104.0 0
  102.841995 164.0 0
  103.05120799999999 136.0 0
  103.053986 8443.460938 4
  103.07914699999999 212.0 0
  103.08835599999999 172.0 0
  103.096886 192.0 0
  103.108032 116.0 0
  103.173149 132.0 0
  103.331406 104.0 0
  103.555084 14.44676 0
  103.59033199999999 192.0 0
  103.80019399999999 156.0 0
  103.84008 184.0 0
  103.96610299999999 164.0 0
  103.977066 168.0 0
  104.000847 240.0 0
  104.049065 1530.855957 1
  104.088173 76.0 0
  104.11119799999999 120.0 0
  104.215019 56.0 0
  104.294586 152.0 0
  104.311218 180.0 0
  104.52474199999999 220.0 0
  104.757599 64.0 0
  104.798058 136.0 0
  104.894081 84.0 0
  104.95457499999999 73.937027 0
  105.03325699999999 2272.0 1
  105.06599399999999 13.90542 0
  105.06839799999999 496.0 0
  105.07180799999999 119.443604 0
  105.14881899999999 176.0 0
  105.38791699999999 148.0 0
  105.569519 40.796692 0
  105.675804 208.0 0
  105.764709 188.0 0
  105.856758 188.0 0
  105.96324899999999 120.0 0
  106.040527 164.0 0
  106.043396 144.0 0
  106.071411 452.0 0
  106.11893599999999 156.0 0
  106.30583999999999 164.0 0
  106.339783 192.0 0
  106.385818 204.0 0
  106.45915199999999 84.0 0
  106.482552 212.0 0
  106.54272499999999 168.0 0
  106.624603 76.0 0
  106.815292 200.0 0
  106.906517 112.0 0
  106.97904199999999 180.0 0
  107.01089499999999 168.0 0
  107.024666 124.0 0
  107.048386 662.539001 0
  107.206841 184.0 0
  107.369835 19.97336 0
  107.626289 196.0 0
  107.732407 180.0 0
  107.76488499999999 48.0 0
  107.79525 164.0 0
  107.896317 168.0 0
  108.044693 57720.410156 25
  108.209846 136.0 0
  108.218018 196.0 0
  108.56398 84.0 0
  108.842682 168.0 0
  108.91703 2.336539 0
  109.046577 1128.0 0
  109.096565 116.0 0
  109.238052 52.0 0
  109.29955299999999 172.0 0
  109.4039 7.568182 0
  109.44229899999999 164.0 0
  109.490456 132.0 0
  109.75215899999999 100.0 0
  109.830017 19.341311 0
  109.958992 272.0 0
  110.014412 192.0 0
  110.03517199999999 152.0 0
  110.202209 100.0 0
  110.235382 56.0 0
  110.574738 144.0 0
  110.645134 204.0 0
  110.659622 176.0 0
  110.845047 240.0 0
  110.92435499999999 56.0 0
  111.21333299999999 248.0 0
  111.27166 72.0 0
  111.654961 176.0 0
  111.716759 132.0 0
  111.774864 80.0 0
  111.929237 208.0 0
  112.05948599999999 196.0 0
  112.31867199999999 60.0 0
  112.524422 116.0 0
  112.556236 188.0 0
  112.590256 164.0 0
  112.823357 88.0 0
  113.67791 240.0 0
  113.800491 216.0 0
  113.815697 200.0 0
  113.852081 156.0 0
  113.854164 148.0 0
  113.857079 100.0 0
  113.924171 172.0 0
  114.00260899999999 88.0 0
  114.061073 43.266479 0
  114.090317 164.0 0
  114.109894 2420.0 1
  114.113686 196.0 0
  114.194603 152.0 0
  114.284004 56.0 0
  114.34297199999999 224.0 0
  114.442162 9.001811 0
  114.54531899999999 160.0 0
  114.860214 148.0 0
  115.04708099999999 37285.0 16
  115.05451199999999 2672.0 1
  115.38069899999999 52.0 0
  115.59432199999999 120.0 0
  115.652611 144.0 0
  115.82348599999999 156.0 0
  115.99001299999999 140.0 0
  116.01121499999999 120.0 0
  116.053833 180.0 0
  116.070854 1008.0 0
  116.084587 168.0 0
  116.097679 224.0 0
  116.16767899999999 5.947115 0
  116.183189 180.0 0
  116.299843 144.0 0
  116.49114999999999 5.068182 0
  116.736008 192.0 0
  116.94601399999999 172.0 0
  116.96655299999999 152.0 0
  116.97114599999999 168.0 0
  117.069283 5068.0 2
  117.125648 2.00463 0
  117.18205999999999 156.0 0
  117.24853499999999 216.0 0
  117.303429 184.0 0
  117.34207199999999 92.0 0
  117.51709 112.0 0
  117.53854399999999 152.0 0
  117.76378799999999 36.0 0
  117.93777499999999 212.0 0
  118.03615599999999 296.0 0
  118.06472 616.0 0
  118.07331099999999 216.0 0
  118.221077 44.0 0
  118.263283 92.0 0
  118.57060999999999 100.0 0
  118.639015 68.0 0
  118.85878 100.0 0
  118.925484 156.0 0
  118.94294 160.0 0
  118.96024299999999 140.0 0
  119.032235 281.0 0
  119.045464 440.0 0
  119.08152 184.0 0
  119.20822899999999 232.0 0
  119.220337 4.0 0
  119.23724399999999 192.0 0
  119.29948399999999 192.0 0
  119.35333299999999 4.703703 0
  119.370094 76.0 0
  119.41871599999999 152.0 0
  119.445259 144.0 0
  119.574951 13.04012 0
  119.638313 76.0 0
  119.913902 168.0 0
  119.924049 172.0 0
  120.051582 140.0 0
  120.372917 44.0 0
  120.743698 216.0 0
  120.778786 10.21429 0
  120.810577 204.0 0
  120.813797 44.0 0
  120.910843 16.82 0
  121.025757 731.0 0
  121.030373 244.0 0
  121.06481199999999 134.0 0
  121.08442 2899.0 1
  121.10217999999999 1332.0 1
  121.13589499999999 164.0 0
  121.140114 200.0 0
  121.22005499999999 18.58036 0
  121.26647899999999 216.0 0
  121.268761 152.0 0
  121.304993 180.0 0
  121.45728299999999 40.0 0
  121.84925799999999 212.0 0
  121.910202 168.0 0
  121.95569599999999 208.0 0
  122.10774199999999 176.0 0
  122.11108399999999 840.0 0
  122.369812 52.0 0
  122.489937 160.0 0
  122.62533599999999 68.0 0
  122.711349 108.0 0
  122.758141 188.0 0
  122.882019 140.0 0
  123.04274699999999 964.0 0
  123.078705 2848.0 1
  123.329674 80.0 0
  123.44401599999999 6.215054 0
  123.45079 108.0 0
  123.483627 132.0 0
  123.53326399999999 160.0 0
  123.593773 164.0 0
  123.641137 104.0 0
  123.85801699999999 180.0 0
  123.980583 92.0 0
  124.037544 156.0 0
  124.061432 204.0 0
  124.073792 109.689201 0
  124.084412 89.868881 0
  124.121597 21.301069 0
  124.30641899999999 100.0 0
  124.51239799999999 164.0 0
  124.606606 7.001263 0
  124.649811 64.0 0
  124.791168 256.0 0
  124.81957999999999 56.0 0
  124.860306 140.0 0
  124.93383 240.0 0
  124.93912499999999 172.0 0
  125.08254199999999 35852.0 15
  125.100822 168.0 0
  125.53385899999999 200.0 0
  125.67197399999999 196.0 0
  125.83255799999999 156.0 0
  125.95329299999999 72.0 0
  125.994919 184.0 0
  126.015594 224.0 0
  126.1147 120.0 0
  126.221519 140.0 0
  126.349167 120.0 0
  126.39609499999999 152.0 0
  126.73127699999999 164.0 0
  126.897514 168.0 0
  127.01825 163.4785 0
  127.045525 176.0 0
  127.055099 552.0 0
  127.05742599999999 140.0 0
  127.39845299999999 136.0 0
  127.503998 56.0 0
  127.616165 148.0 0
  127.63306399999999 112.0 0
  127.652435 204.0 0
  127.69335199999999 208.0 0
  127.710709 224.0 0
  128.059296 1020.0 0
  128.071609 19168.0 8
  128.139633 140.0 0
  128.28508 32.0 0
  128.323837 92.0 0
  128.369247 84.0 0
  128.443176 96.0 0
  128.848816 136.0 0
  128.873276 120.0 0
  128.886536 148.0 0
  129.029755 2688.0 1
  129.04594400000002 156.0 0
  129.064209 204.0 0
  129.06871 976.0 0
  129.35737600000002 32.0 0
  129.374817 140.0 0
  129.396271 164.0 0
  129.68713400000001 180.0 0
  130.008804 160.0 0
  130.06410200000002 204.0 0
  130.28064 64.0 0
  130.735626 172.0 0
  130.746201 200.0 0
  130.85136400000002 168.0 0
  130.922897 148.0 0
  131.018265 48.0 0
  131.024857 264.0 0
  131.069443 668.0 0
  131.081985 62.620499 0
  131.094421 268.0 0
  131.125153 60.0 0
  131.16651900000002 192.0 0
  131.262604 232.0 0
  131.573486 168.0 0
  131.80255100000002 148.0 0
  131.885757 32.0 0
  132.043549 732.0 0
  132.081299 120.0 0
  132.083694 176.0 0
  132.161133 140.0 0
  132.20893900000002 104.0 0
  132.355881 144.0 0
  132.54213000000001 144.0 0
  133.00650000000002 60.0 0
  133.029495 436.0 0
  133.04963700000002 188.0 0
  133.06066900000002 152.0 0
  133.101242 981.142578 0
  133.104507 31.67593 0
  133.15416000000002 144.0 0
  133.15621900000002 192.0 0
  133.331116 256.0 0
  133.39196800000002 116.0 0
  133.543228 80.0 0
  133.66999800000002 64.0 0
  133.74717700000002 64.0 0
  134.035995 165.0 0
  134.06900000000002 168.0 0
  134.119278 68.0 0
  134.22589100000002 140.0 0
  134.327087 176.0 0
  134.42816200000001 132.0 0
  134.52195700000001 136.0 0
  134.82418800000002 112.0 0
  135.04083300000002 3730.0 2
  135.04328900000002 156.0 0
  135.12368800000002 264.0 0
  135.451172 156.0 0
  135.473694 140.0 0
  135.759354 184.0 0
  135.793945 140.0 0
  135.83010900000002 156.0 0
  135.88157700000002 72.0 0
  135.929626 344.0 0
  136.032028 37.222832 0
  136.07963600000002 168.0 0
  136.185684 39.90139 0
  136.205765 144.0 0
  136.377701 128.0 0
  136.52825900000002 124.0 0
  136.61026 176.0 0
  136.706131 112.0 0
  136.761017 136.0 0
  136.871194 148.0 0
  136.917282 200.0 0
  136.94490100000002 164.0 0
  136.954453 156.0 0
  136.98022500000002 112.407898 0
  137.00032000000002 84.0 0
  137.016785 168.0 0
  137.08926400000001 164.0 0
  137.273117 56.0 0
  137.41159100000002 168.0 0
  137.559158 176.0 0
  137.65489200000002 140.0 0
  137.72728 1.408521 0
  137.76001000000002 204.0 0
  137.817703 144.0 0
  138.0401 76.0 0
  138.058731 108.0 0
  138.089462 132.0 0
  138.117599 256.0 0
  138.396118 260.0 0
  138.643967 220.0 0
  138.79921000000002 196.0 0
  139.11586 47.904362 0
  139.435562 48.0 0
  139.568726 180.0 0
  139.648804 148.0 0
  139.668533 96.0 0
  139.776535 132.0 0
  140.04856900000001 440.0 0
  140.057938 9880.0 4
  140.07298300000002 148.0 0
  140.121521 92.0 0
  140.66629 180.0 0
  140.732574 168.0 0
  140.985901 88.0 0
  140.99099700000002 22714.0 10
  141.01490800000002 212.0 0
  141.022064 88072.0 38
  141.15278600000002 208.0 0
  141.156281 164.0 0
  141.47049 124.0 0
  141.530975 180.0 0
  141.539001 220.0 0
  141.642303 52.0 0
  142.017944 208.0 0
  142.048508 400.0 0
  142.07170100000002 132.0 0
  142.08815 124.0 0
  142.34973100000002 48.0 0
  142.43756100000002 216.0 0
  142.504288 164.0 0
  142.62355 148.0 0
  142.73175 7.005556 0
  142.846268 184.0 0
  142.88327 160.0 0
  142.956375 472.0 0
  143.052841 72.0 0
  143.060486 116.0 0
  143.07316600000001 764.0 0
  143.08467100000001 188.0 0
  143.118118 52.0 0
  143.353058 140.0 0
  143.503113 68.0 0
  143.51074200000002 44.0 0
  143.529968 60.0 0
  143.564514 200.0 0
  143.760391 140.0 0
  144.059448 13.74192 0
  144.081085 352.0 0
  144.223434 152.0 0
  144.226776 220.0 0
  144.29405200000002 120.0 0
  144.470322 188.0 0
  144.718826 152.0 0
  144.878906 188.0 0
  145.062973 1248.0 1
  145.066238 168.0 0
  145.099335 684.0 0
  145.527542 148.0 0
  145.640533 196.0 0
  145.805405 132.0 0
  145.817444 48.0 0
  145.931686 164.0 0
  146.05748 4149.0 2
  146.126099 184.0 0
  146.394104 124.0 0
  146.416031 192.0 0
  146.475861 2.367424 0
  146.88798500000001 212.0 0
  146.90596000000002 104.0 0
  147.03830000000002 1322.0 1
  147.09715300000002 256.0 0
  147.3246 160.0 0
  147.46353100000002 168.0 0
  147.630737 240.0 0
  147.778854 60.0 0
  147.89698800000002 216.0 0
  147.953003 88.0 0
  147.97039800000002 152.0 0
  148.042572 208.0 0
  148.050385 320.0 0
  148.168076 176.0 0
  148.639465 168.0 0
  148.947519 228.0 0
  149.03817700000002 148.0 0
  149.049744 140.0 0
  149.11209100000002 184.0 0
  149.123306 128.0 0
  149.132065 360.0 0
  149.16677900000002 15.75417 0
  149.18879700000002 84.0 0
  149.290955 216.0 0
  149.345383 224.0 0
  149.364059 56.0 0
  149.407532 104.0 0
  149.437805 144.0 0
  149.47241200000002 132.0 0
  149.85673500000001 76.0 0
  149.914062 120.0 0
  149.936417 140.0 0
  150.040207 160.0 0
  150.049545 200.0 0
  150.086533 424.0 0
  150.099838 368.0 0
  150.15077200000002 40.0 0
  150.340942 104.0 0
  150.46284500000002 180.0 0
  150.55865500000002 140.0 0
  150.723633 40.0 0
  150.76895100000002 196.0 0
  150.822632 180.0 0
  150.983002 40497.0 18
  151.078644 96.0 0
  151.08606 996.0 0
  151.109787 136.0 0
  151.112259 1460.0 1
  151.153863 188.0 0
  151.211777 100.0 0
  151.381485 156.0 0
  151.468781 204.0 0
  151.476288 200.0 0
  151.494873 108.0 0
  151.953369 45.42099 0
  152.04238900000001 204.0 0
  152.05268900000002 100.0 0
  152.13360600000001 3.003472 0
  152.198257 164.0 0
  152.235428 104.0 0
  152.266434 120.0 0
  152.334503 160.0 0
  152.397522 17.343901 0
  152.50427200000001 188.0 0
  152.860993 104.0 0
  152.867737 124.0 0
  152.995834 18.512819 0
  153.00375400000001 137.0 0
  153.051514 427.0 0
  153.05813600000002 184.0 0
  153.10342400000002 140.0 0
  153.320053 220.0 0
  154.02482600000002 224.0 0
  154.031082 100.0 0
  154.04987 1.0 0
  154.097336 72.0 0
  154.389252 60.0 0
  154.548325 292.0 0
  154.60209700000001 200.0 0
  155.058456 700.0 0
  155.174088 52.0 0
  155.214783 176.0 0
  156.01265 132.0 0
  156.056793 156.0 0
  156.068771 332.0 0
  156.18798800000002 104.0 0
  156.24658200000002 13.85006 0
  156.345383 6.03858 0
  156.365036 160.0 0
  156.394409 164.0 0
  156.433426 128.0 0
  156.648636 224.0 0
  157.025406 140.0 0
  157.062531 64.613441 0
  157.074814 364.0 0
  157.07736200000002 208.0 0
  157.150574 116.0 0
  157.58844000000002 14.61123 0
  157.638138 148.0 0
  157.865021 56.0 0
  158.062927 208.0 0
  158.119339 228.0 0
  158.135818 152.0 0
  158.169861 64.0 0
  158.991623 5020.0 2
  159.018585 160.0 0
  159.041946 180.0 0
  159.0672 228.0 0
  159.080872 824.0 0
  159.10162400000002 39.873508 0
  159.26010100000002 120.0 0
  159.58461 76.0 0
  159.872711 132.0 0
  160.041595 296.0 0
  160.05792200000002 172.0 0
  160.074203 10492.0 5
  160.281631 176.0 0
  160.338165 18.569441 0
  160.45330800000002 196.0 0
  160.478607 48.0 0
  160.65605200000002 20.37089 0
  160.676758 60.0 0
  161.047021 111.0 0
  161.069717 304.0 0
  161.081116 360.0 0
  161.55809000000002 64.0 0
  161.645126 176.0 0
  161.998413 120.0 0
  162.03064 152.0 0
  162.052307 160.0 0
  162.065247 832.0 0
  162.111389 180.0 0
  162.219315 64.0 0
  162.324341 212.0 0
  162.374207 104.0 0
  162.43841600000002 144.0 0
  162.619324 188.0 0
  162.802139 156.0 0
  162.820602 160.0 0
  162.86187700000002 156.0 0
  162.921021 92.0 0
  163.041885 299.0 0
  163.07058700000002 260.0 0
  163.076492 280.0 0
  163.333145 288.0 0
  163.51770000000002 156.0 0
  163.93777500000002 208.0 0
  163.961502 124.0 0
  164.076752 152.0 0
  164.102798 152.0 0
  164.105453 268.0 0
  164.24182100000002 116.0 0
  164.571411 168.0 0
  164.81388900000002 176.0 0
  164.854446 160.0 0
  164.966553 52.0 0
  165.01413 136.0 0
  165.02418500000002 140.0 0
  165.091217 18.60611 0
  165.10153200000002 2216.0 1
  165.125198 2093.0 1
  165.171814 136.0 0
  165.30036900000002 72.0 0
  165.34697 160.0 0
  165.458603 184.0 0
  165.632462 112.0 0
  165.965881 144.0 0
  165.97908 108.0 0
  166.04473900000002 808.0 0
  166.065231 132.0 0
  166.08152800000002 18.000299 0
  166.106781 164.0 0
  166.25048800000002 192.0 0
  166.671921 120.0 0
  166.690063 11.7815 0
  167.072495 76.0 0
  167.075974 268.0 0
  167.080002 268.0 0
  168.074799 964.0 0
  168.284988 188.0 0
  168.738068 228.0 0
  168.885895 188.0 0
  169.100662 1144.072021 0
  169.116852 128.0 0
  169.14166300000002 120.0 0
  170.027756 89.413818 0
  170.049271 104.0 0
  170.075272 208.0 0
  170.11085500000002 128.0 0
  170.435226 36.0 0
  170.881348 200.0 0
  170.939026 76.0 0
  171.045288 172.0 0
  171.05775500000001 19.05192 0
  171.076904 216.0 0
  171.34376500000002 108.0 0
  171.957825 180.0 0
  172.07624800000002 1108.0 0
  172.084503 168.0 0
  172.11142 328.0 0
  172.15939300000002 21.098789 0
  172.250977 140.0 0
  172.404648 48.0 0
  172.87558 88.0 0
  172.98867800000002 152.0 0
  173.0522 152.0 0
  173.057938 184.0 0
  173.06573500000002 368.0 0
  173.083008 14.23077 0
  173.09050000000002 14142.0 6
  173.09639 1064.0 0
  173.219131 60.0 0
  173.26495400000002 36.0 0
  173.323212 84.0 0
  173.37986800000002 164.0 0
  173.49617 172.0 0
  173.544647 48.0 0
  173.61019900000002 120.0 0
  173.654007 192.0 0
  173.668655 60.0 0
  173.697708 15.66945 0
  173.943192 208.0 0
  173.985626 180.0 0
  174.08934000000002 3144.0 1
  174.31028700000002 2.208333 0
  174.437057 116.0 0
  174.619873 68.0 0
  174.80307000000002 156.0 0
  175.028549 29.395321 0
  175.06337000000002 6948.0 3
  175.19653300000002 36.0 0
  175.282776 68.0 0
  175.985611 152.0 0
  176.054993 156.0 0
  176.158264 96.0 0
  176.674011 76.0 0
  177.058899 95.3125 0
  177.085281 152.0 0
  177.10505700000002 204.0 0
  177.162094 168.0 0
  177.184525 84.0 0
  177.397629 64.0 0
  177.427078 168.0 0
  177.45198100000002 128.0 0
  177.572052 124.0 0
  177.819733 172.0 0
  178.070602 128.0 0
  178.16253700000001 68.0 0
  178.192169 76.0 0
  178.33148200000002 23.01613 0
  178.37565600000002 40.0 0
  178.51242100000002 80.0 0
  178.67128 9.859674 0
  178.700668 36.0 0
  178.911392 164.0 0
  178.956207 121.6978 0
  179.27207900000002 60.0 0
  179.290344 132.0 0
  179.39772000000002 60.0 0
  179.45015 148.0 0
  179.556793 17.87933 0
  179.5616 220.0 0
  179.782654 36.0 0
  179.799088 168.0 0
  179.830215 120.0 0
  180.057571 120.0 0
  180.071762 200.0 0
  180.148117 4.347222 0
  180.433884 204.0 0
  180.444778 96.0 0
  180.51561 160.0 0
  181.059402 12080.0 5
  181.08847 156.0 0
  181.100174 408.0 0
  181.217484 188.0 0
  181.323212 168.0 0
  181.706207 116.0 0
  181.875854 80.0 0
  181.879837 140.0 0
  182.031509 260.0 0
  182.084351 13.95448 0
  182.105103 276.0 0
  182.15303 168.0 0
  182.203232 140.0 0
  182.470383 60.0 0
  182.719162 116.0 0
  183.002655 144.0 0
  183.075928 302.125 0
  183.43853800000002 60.0 0
  183.51595400000002 152.0 0
  183.699005 32.0 0
  183.841644 136.0 0
  184.00361600000002 96.0 0
  184.063119 319.0 0
  184.092636 6.736607 0
  184.103653 671.0 0
  184.21263100000002 92.0 0
  184.51602200000002 116.0 0
  184.710922 108.0 0
  185.00020700000002 21981.0 10
  185.10228 144.0 0
  185.637192 164.0 0
  185.97714200000001 280.0 0
  186.017303 184.0 0
  186.10470600000002 713.0 0
  186.156342 7.699519 0
  186.26405300000002 28.31904 0
  187.073685 296.644409 0
  187.09320100000002 102.0 0
  187.12248200000002 64.0 0
  187.148911 35.025162 0
  187.240601 116.0 0
  187.38085900000002 9.297794 0
  187.738312 180.0 0
  188.003815 204.0 0
  188.105988 132.0 0
  188.289795 164.0 0
  188.430161 152.0 0
  188.525436 156.0 0
  188.593735 132.0 0
  188.775803 196.0 0
  188.833344 4.33E-4 0
  189.065018 148.0 0
  189.084656 176.0 0
  189.164307 140.932495 0
  189.368729 60.0 0
  189.801941 76.0 0
  190.013809 248.0 0
  190.039902 168.0 0
  190.632462 56.0 0
  190.721954 36.0 0
  191.05110200000001 2831.0 1
  191.07534800000002 144.0 0
  191.095468 124.0 0
  191.270599 156.0 0
  191.476547 128.0 0
  191.48709100000002 92.0 0
  191.64648400000002 208.0 0
  192.011032 40.0 0
  192.02562 152.0 0
  192.06753500000002 184.0 0
  192.07255600000002 160.0 0
  192.083176 88.026314 0
  192.103302 140.0 0
  192.31088300000002 48.0 0
  192.920273 116.0 0
  192.92330900000002 136.0 0
  193.12035500000002 4645.0 2
  193.23709100000002 152.0 0
  193.261978 124.0 0
  193.266724 168.0 0
  193.32692 52.0 0
  193.62286400000002 80.0 0
  193.634232 72.0 0
  193.64502000000002 188.0 0
  193.995773 612.0 0
  194.05577100000002 540.0 0
  194.07144200000002 1776.770996 1
  194.09993 80.502159 0
  194.14395100000002 148.0 0
  194.175568 264.0 0
  194.246643 180.0 0
  194.32962 104.0 0
  194.437073 44.0 0
  194.748795 84.0 0
  195.08017 7896.0 3
  195.101456 561.496216 0
  195.169137 146.0 0
  195.21978800000002 26.10227 0
  195.421494 128.0 0
  195.664688 64.0 0
  195.780716 144.0 0
  195.98718300000002 192.0 0
  196.068665 160.0 0
  196.07695 180.0 0
  196.10878 168.0 0
  196.484467 9.432773 0
  196.652679 104.0 0
  196.68936200000002 196.0 0
  196.924835 152.0 0
  197.338974 15.00298 0
  197.53804 164.0 0
  197.626404 23.838421 0
  197.659561 184.0 0
  197.949081 112.0 0
  198.02681900000002 140.0 0
  198.958267 40.0 0
  199.05096400000002 220.0 0
  199.068283 124.0 0
  199.167755 1838.13623 1
  199.497025 116.0 0
  199.667908 164.0 0
  199.71357700000002 44.0 0
  199.71760600000002 120.0 0
  199.85690300000002 40.0 0
  199.93133500000002 204.0 0
  200.02177400000002 196.0 0
  200.045715 164.0 0
  200.068893 512.0 0
  200.87252800000002 144.0 0
  200.909332 120.0 0
  200.953079 164.0 0
  201.04852300000002 168.0 0
  201.051666 1121.0 0
  201.089706 328.0 0
  201.09584 192.0 0
  201.171494 160.0 0
  201.412994 188.0 0
  201.545197 144.0 0
  201.715317 144.0 0
  201.978363 152.0 0
  202.044342 196.0 0
  202.08145100000002 156.0 0
  202.09251400000002 60.0 0
  202.104294 268.0 0
  202.662369 124.0 0
  202.92369100000002 148.0 0
  202.931259 84.0 0
  203.08902 156.0 0
  203.35003700000001 112.0 0
  203.83526600000002 128.0 0
  203.975616 76.0 0
  204.008835 172.0 0
  204.130594 180.0 0
  204.137878 1604.0 1
  204.24499500000002 32.0 0
  204.299927 128.0 0
  204.680206 152.0 0
  204.832077 204.0 0
  205.38986200000002 52.0 0
  205.655853 352.0 0
  205.72494500000002 144.0 0
  205.882538 184.0 0
  206.03212000000002 44.0 0
  206.082184 83.088539 0
  206.122635 23.408331 0
  206.129761 168.0 0
  206.232727 88.0 0
  206.93292200000002 60.0 0
  207.052078 26683.0 12
  207.06662 188.0 0
  207.113663 188.0 0
  207.146713 184.0 0
  207.757233 92.0 0
  207.886765 144.0 0
  208.21756000000002 48.0 0
  208.346832 9.02558 0
  209.018188 212.0 0
  209.095627 18044.939453 8
  209.102295 11.839706 0
  209.430069 128.0 0
  209.74696400000002 196.0 0
  209.928665 164.0 0
  210.07913200000002 120.0 0
  210.10488900000001 140.0 0
  210.416245 56.0 0
  210.490005 84.0 0
  210.68663 168.0 0
  211.082672 93.234879 0
  211.086746 377.667694 0
  211.11055000000002 1060.0 0
  211.11270100000002 2520.0 1
  211.34985400000002 144.0 0
  211.480148 56.0 0
  211.583145 200.0 0
  211.625214 136.0 0
  211.97695900000002 216.0 0
  211.986465 184.0 0
  212.01538100000002 128.0 0
  212.05247500000002 747.0 0
  212.06618600000002 140.0 0
  212.32011400000002 84.0 0
  212.485352 132.0 0
  212.537811 56.0 0
  212.582458 204.0 0
  213.042404 1784.0 1
  213.06204200000002 180.0 0
  213.327728 17.015631 0
  213.529129 96.0 0
  213.583923 116.0 0
  213.74411 92.0 0
  213.764175 100.0 0
  214.052704 184.0 0
  214.05976900000002 148.0 0
  214.07753 220.0 0
  214.08461 116.0 0
  214.244186 204.0 0
  214.772369 88.0 0
  215.067047 184.0 0
  215.079742 20075.0 9
  215.10278300000002 187809.0 81
  215.20344500000002 8.481382 0
  215.32276900000002 148.0 0
  215.969437 56.0 0
  216.067459 1552.0 1
  216.100281 164.0 0
  216.131058 188.0 0
  216.593857 156.0 0
  216.622086 52.0 0
  216.920609 180.0 0
  217.063049 188.0 0
  217.089844 548.0 0
  217.120758 20868.0 9
  217.422928 104.0 0
  217.799179 48.0 0
  218.060211 103.9244 0
  218.087128 144.0 0
  218.846695 44.0 0
  218.874084 168.0 0
  219.091455 108.0 0
  220.156708 116.0 0
  220.2444 128.0 0
  220.527237 84.0 0
  220.968948 164.0 0
  221.09736600000002 180.0 0
  221.164093 40.0 0
  221.21669 148.0 0
  221.23992900000002 44.0 0
  221.58393900000002 152.0 0
  222.04946900000002 31.2967 0
  222.27769500000002 180.0 0
  222.77191200000001 160.0 0
  223.005356 184.0 0
  223.04499800000002 37339.0 16
  223.074341 184.0 0
  223.270554 48.0 0
  223.319885 180.0 0
  223.40477 136.0 0
  223.852295 44.0 0
  224.071716 268.0 0
  224.19137600000002 144.0 0
  224.5634 96.0 0
  224.60153200000002 52.0 0
  225.064072 272.0 0
  225.067688 15.52688 0
  225.794647 48.0 0
  226.016876 292.0 0
  226.75799600000002 120.0 0
  227.14274600000002 376.0 0
  227.16677900000002 260.0 0
  227.909241 48.0 0
  228.048965 156.0 0
  228.43280000000001 112.0 0
  228.448212 40.0 0
  229.049393 1272.0 1
  229.05358900000002 29992.0 13
  229.077133 3660.0 2
  229.125092 140.0 0
  229.82695 176.0 0
  229.902863 200.0 0
  229.935226 216.0 0
  229.979141 228.0 0
  230.049408 787.0 0
  230.057205 68.0 0
  230.075928 148.0 0
  230.41923500000001 36.0 0
  230.821381 80.0 0
  230.864136 144.0 0
  231.763718 208.0 0
  231.77594000000002 22.377729 0
  232.0 9.334383 0
  232.09982300000001 640.0 0
  232.35823100000002 96.0 0
  232.598389 164.0 0
  232.758118 120.0 0
  232.87020900000002 180.0 0
  233.009705 188.0 0
  233.189285 12106.0 5
  233.859955 1.489286 0
  233.994705 77.172234 0
  234.19215400000002 128.0 0
  234.70112600000002 112.0 0
  234.980392 140.0 0
  235.31431600000002 88.0 0
  235.52014200000002 40.94965 0
  235.605881 136.0 0
  235.7948 44.0 0
  235.989166 112.0 0
  236.059998 188.0 0
  236.105804 1664.0 1
  236.18865300000002 140.0 0
  236.39012100000002 192.0 0
  236.762619 188.0 0
  236.863571 12.65144 0
  237.014084 98.662979 0
  237.102 1.0 0
  237.137482 28.0 0
  238.017563 388.0 0
  238.059631 104.0 0
  238.06234700000002 104.0 0
  238.12828100000002 164.0 0
  238.543121 80.0 0
  238.88545200000002 132.0 0
  238.97172500000002 184.0 0
  239.045746 148.0 0
  239.06500200000002 2310867.0 999
  239.073059 256.0 0
  239.881393 132.0 0
  239.990692 156.0 0
  240.444351 96.0 0
  240.50418100000002 64.0 0
  240.74890100000002 80.0 0
  240.783593 132.0 0
  241.076859 212.0 0
  241.487885 92.0 0
  241.509552 84.0 0
  241.734375 72.0 0
  242.82359300000002 80.0 0
  242.9839 1941.0 1
  243.174463 96.0 0
  243.49700900000002 38.735771 0
  243.61476100000002 37.260052 0
  243.726974 48.0 0
  243.962662 224.0 0
  244.03710900000002 244.0 0
  244.074783 192.0 0
  244.115128 168.0 0
  244.412094 112.0 0
  244.465866 80.0 0
  245.03770400000002 160.0 0
  245.056732 88.0 0
  245.10083 128.0 0
  245.29328900000002 15.3726 0
  245.449295 180.0 0
  246.003693 72.0 0
  246.07496600000002 63858.0 28
  246.14177800000002 1208.0 1
  246.287247 152.0 0
  247.053482 283.0 0
  247.09057 1148.0 0
  247.10582000000002 288.0 0
  247.517944 84.0 0
  248.223175 196.0 0
  248.631866 9.364899 0
  249.512482 80.0 0
  249.516479 112.0 0
  249.660721 96.0 0
  250.069321 3228.0 1
  250.124908 128.0 0
  250.26622 144.0 0
  251.048935 8680.0 4
  251.235489 160.0 0
  251.269943 176.0 0
  251.55801400000001 92.0 0
  252.055688 144.0 0
  252.114227 316.0 0
  252.214096 144.0 0
  252.560562 196.0 0
  252.593903 60.0 0
  252.76052900000002 40.0 0
  252.798508 72.0 0
  252.994629 104.0 0
  253.122543 2344.0 1
  253.30632 136.0 0
  253.905029 384.0 0
  254.030502 124.0 0
  254.62912 68.0 0
  254.81843600000002 156.0 0
  254.95694 184.0 0
  255.016198 564.0 0
  255.02430700000002 160.0 0
  256.059662 232.0 0
  256.186395 228.0 0
  256.210938 328.0 0
  256.65338099999997 72.0 0
  257.79657 176.0 0
  258.09707599999996 136.0 0
  258.24414099999996 64.0 0
  258.626038 152.0 0
  258.666656 1.08E-4 0
  259.086456 340.0 0
  260.15441899999996 50.054218 0
  260.210876 144.0 0
  260.382233 92.0 0
  261.12300999999997 192.0 0
  261.838867 88.0 0
  262.16240799999997 164.0 0
  262.23590099999996 188.0 0
  263.816644 160.0 0
  263.88580299999995 240.0 0
  265.19674 160.0 0
  265.64315799999997 132.0 0
  265.87652599999996 152.0 0
  266.07018999999997 236.0 0
  266.096619 152.0 0
  266.161224 460.0 0
  267.131531 11.63158 0
  268.177704 144.0 0
  269.091003 632591.0 273
  270.103821 80.0 0
  270.443176 25.71842 0
  270.760681 172.0 0
  270.80307 152.0 0
  270.985413 192.0 0
  271.22009299999996 18.98177 0
  272.01138299999997 108.0 0
  272.15579199999996 168.0 0
  272.34390299999995 80.0 0
  273.04968299999996 320.0 0
  273.135186 160.0 0
  273.139435 164.0 0
  273.21658299999996 176.0 0
  273.60848999999996 60.090912 0
  273.989441 220.0 0
  274.70388199999996 220.0 0
  274.83419799999996 172.0 0
  275.392761 140.0 0
  275.988586 116.0 0
  276.07028199999996 11.34073 0
  276.093445 144.0 0
  276.125763 52.0 0
  276.281769 56.0 0
  277.0802 3946.54541 2
  277.188354 140.0 0
  277.425812 38.02116 0
  278.062012 10838.0 5
  278.172754 144.0 0
  279.048767 177.893097 0
  279.08874499999996 940903.0 407
  279.138336 308.0 0
  279.22454799999997 15.45214 0
  279.572144 120.0 0
  279.761078 88.0 0
  280.028748 140.0 0
  280.117798 68.0 0
  280.13494199999997 220.0 0
  280.305481 68.0 0
  280.47103899999996 180.0 0
  280.962677 100.0 0
  281.07440199999996 188.0 0
  281.15158099999996 531.0 0
  281.157013 492.0 0
  281.656677 64.0 0
  281.935944 152.0 0
  281.94811999999996 204.0 0
  281.978149 140.0 0
  282.151184 404.0 0
  282.217194 168.0 0
  282.22103899999996 208.0 0
  282.54986599999995 64.0 0
  282.91146899999995 52.0 0
  283.096008 2292.0 1
  283.706573 14.05159 0
  284.594025 4.953373 0
  285.03576699999996 1343.0 1
  285.12307699999997 124.0 0
  285.819061 164.0 0
  287.152405 160.0 0
  287.18301399999996 160.0 0
  287.24852899999996 168.0 0
  287.35693399999997 68.0 0
  288.632751 14582.035156 6
  288.815948 268.0 0
  289.023804 152.0 0
  289.289825 65.177391 0
  289.777405 48.0 0
  290.03799399999997 292.0 0
  290.06222499999996 56.0 0
  290.438141 64.0 0
  291.090912 0.713163 0
  291.101166 228.0 0
  292.728577 140.0 0
  292.82638499999996 36.0 0
  293.13235499999996 348.0 0
  293.21246299999996 60.0 0
  293.21572899999995 100.0 0
  293.282532 164.0 0
  293.738519 76.0 0
  294.014343 120.0 0
  294.05127 348.0 0
  294.773621 104.0 0
  295.206421 232.0 0
  295.441833 132.0 0
  296.620789 56.0 0
  296.65682999999996 188.0 0
  297.17157 56.0 0
  297.23178099999996 120.0 0
  298.244629 140.0 0
  298.66094999999996 64.0 0
  299.58315999999996 156.0 0
  299.958618 272.0 0
  301.43490599999996 144.0 0
  301.851471 68.0 0
  302.05252099999996 511.0 0
  302.06505799999996 1.0 0
  302.082269 164.0 0
  302.272186 3.402778 0
  303.196869 248.0 0
  303.750183 16.91968 0
  304.0802 172.0 0
  305.16421499999996 512.0 0
  306.890015 108.0 0
  306.91799899999995 132.0 0
  307.01885999999996 23705.0 10
  307.141687 296.0 0
  307.163904 620.0 0
  308.598328 176.0 0
  308.659973 100.0 0
  309.004028 140.0 0
  309.18987999999996 68.0 0
  309.80123899999995 124.0 0
  310.10738399999997 1.0 0
  311.049805 424.0 0
  312.174133 268.0 0
  313.06781 1912.0 1
  313.749512 64.0 0
  314.029724 6.375 0
  314.139862 72.0 0
  315.105377 124.0 0
  315.13742099999996 508.0 0
  315.930328 148.0 0
  316.16796899999997 188.0 0
  316.22406 3.4 0
  316.783325 92.0 0
  316.81485 10.74701 0
  317.85247799999996 200.0 0
  318.104065 192.0 0
  318.11398299999996 132.0 0
  318.97894299999996 164.0 0
  319.10943599999996 20.0 0
  319.389587 14.4692 0
  319.707794 192.0 0
  319.991791 160.0 0
  320.566315 84.0 0
  320.65655499999997 80.0 0
  320.709839 124.0 0
  321.076569 32048.0 14
  322.265961 188.0 0
  322.46524 120.0 0
  323.104004 160.0 0
  324.063568 172.0 0
  325.09082 104.0 0
  326.701355 152.0 0
  327.137787 236.0 0
  331.161438 244.0 0
  334.031189 780.0 0
  334.49942 164.0 0
  335.852936 3.672619 0
  335.90338199999997 40.0 0
  336.36682099999996 112.0 0
  338.115417 13.33333 0
  338.69073499999996 76.0 0
  338.70541399999996 1.236111 0
  340.10677499999997 22600.0 10
  340.214752 228.0 0
  340.926361 192.0 0
  341.544495 196.0 0
  342.003815 136.0 0
  342.07611099999997 268.0 0
  342.144928 195.857697 0
  342.610168 64.0 0
  344.04263299999997 152.0 0
  344.252075 160.0 0
  345.846619 96.0 0
  350.24816899999996 132.0 0
  351.113 1.0 0
  352.06753499999996 76.560211 0
  352.25061 248.0 0
  352.625702 13.42087 0
  352.635925 44.860119 0
  353.06161499999996 1097.0 0
  353.10065699999996 467.0 0
  354.450378 200.0 0
  354.963776 2.860119 0
  355.905121 148.0 0
  356.857269 148.0 0
  359.015961 2048.0 1
  359.92700199999996 27.46945 0
  361.08239699999996 236.0 0
  362.068176 156.0 0
  364.00354 312.0 0
  365.162628 164.0 0
  367.745819 7.486111 0
  368.225739 1600.0 1
  369.057275 208.0 0
  369.465942 116.0 0
  370.160278 148.0 0
  370.70550499999996 100.0 0
  370.962921 136.0 0
  372.33016999999995 144.0 0
  373.20095 1.0 0
  373.778778 140.0 0
  374.588379 164.0 0
  375.092407 48.0 0
  376.337494 60.0 0
  376.50622599999997 260.0 0
  381.127228 192.0 0
  383.13836699999996 12.00269 0
  388.096344 68.0 0
  391.056396 164.0 0
  392.660156 152.0 0
  393.204956 67984.0 29
  397.23999 156.0 0
  398.06838999999997 192.0 0
  399.172821 4675.0 2
  399.64032 52.0 0
  401.20077499999996 128.0 0
  402.088623 68.0 0
  405.04135099999996 40.0 0
  405.46599699999996 700.0 0
  406.63931299999996 7.656609 0
  408.25 5703.071289 2
  408.929688 0.422853 0
  411.793701 124.0 0
  412.01989699999996 76.0 0
  413.83315999999996 17.370371 0
  414.25235 72.0 0
  415.211395 21316.970703 9
  418.086731 164.0 0
  418.141907 208.0 0
  418.429016 104.0 0
  419.089111 144.0 0
  419.50915499999996 180.0 0
  420.21365399999996 3228.0 1
  423.157647 3237.0 1
  424.988007 10.125 0
  429.006897 112.0 0
  429.10729999999995 49725.0 21
  432.46356199999997 80.0 0
  434.60848999999996 140.0 0
  434.750427 64.0 0
  434.996002 144.0 0
  435.299316 144.0 0
  435.91000399999996 104.0 0
  440.185791 168.0 0
  441.946594 92.0 0
  443.392944 0.250272 0
  445.403687 88.0 0
  447.264954 166603.796875 72
  447.36483799999996 124.0 0
  449.20874 100.0 0
  449.954102 56.0 0
  451.95825199999996 144.0 0
  454.31179199999997 144.0 0
  463.574365 208.0 0
  465.238922 824.0 0
  466.88983199999996 160.0 0
  472.148987 1964.0 1
//
