ACCESSION: CCMSLIB00000079933
RECORD_TITLE: decoy
DATE: 2015.11.20
AUTHORS: Administrator
LICENSE: CC BY-SA
CH$NAME: decoy
CH$COMPOUND_CLASS: Natural Product
CH$FORMULA: C30H32N4O5
CH$EXACT_MASS: 528.237270124
CH$SMILES: N/A
CH$IUPAC: decoy
CH$LINK: N/A
AC$INSTRUMENT: decoy
AC$INSTRUMENT_TYPE: decoy
AC$MASS_SPECTROMETRY: MS_TYPE MS2
AC$MASS_SPECTROMETRY: ION_MODE POSITIVE
AC$MASS_SPECTROMETRY: COLLISION_ENERGY 10 V
MS$FOCUSED_ION: PRECURSOR_M/Z 529
MS$FOCUSED_ION: PRECURSOR_TYPE [M+H]+
PK$NUM_PEAK: 1185
PK$PEAK: m/z int. rel.int.
  45.442513 140.0 0
  46.325832 144.0 0
  46.840839 164.0 0
  47.112988 188.0 0
  47.214394 140.0 0
  47.382778 204.0 0
  47.511574 228.0 0
  47.530964000000004 148.0 0
  47.726929 184.0 0
  47.92765 168.0 0
  48.027813 216.0 0
  48.047626 184.0 0
  48.133434 164.0 0
  48.790329 200.0 0
  49.316048 176.0 0
  49.345844 164.0 0
  49.715816000000004 36.0 0
  49.789677000000005 148.0 0
  50.096352 152.0 0
  50.775780000000005 248.0 0
  50.886604 184.0 0
  51.226898 112.0 0
  51.290173 152.0 0
  51.674221 184.0 0
  52.089455 176.0 0
  52.730103 176.0 0
  52.751041 232.0 0
  52.955261 144.0 0
  53.270706000000004 164.0 0
  53.343269 148.0 0
  53.487061000000004 192.0 0
  53.604263 180.0 0
  54.421799 168.0 0
  54.486996000000005 224.0 0
  54.513054000000004 184.0 0
  54.528034 204.0 0
  54.888382 140.0 0
  54.939102 144.0 0
  54.982403000000005 208.0 0
  55.125725 152.0 0
  55.264389 208.0 0
  55.563595 228.0 0
  56.227139 76.0 0
  56.6796 24.0 0
  56.924751 132.0 0
  57.230564 60.0 0
  57.27129 200.0 0
  57.334209 176.0 0
  57.600182000000004 140.0 0
  57.75808 172.0 0
  57.969601000000004 152.0 0
  58.471588000000004 136.0 0
  58.518456 200.0 0
  58.55283 156.0 0
  58.598606000000004 12.25 0
  58.639439 192.0 0
  59.25153 116.0 0
  59.397701000000005 100.0 0
  59.590359 144.0 0
  60.232395000000004 160.0 0
  60.251247 168.0 0
  60.308964 112.0 0
  60.677074000000005 100.0 0
  61.673195 144.0 0
  61.977943 200.0 0
  62.617214000000004 136.0 0
  62.631252 148.0 0
  63.944752 148.0 0
  65.28450799999999 192.0 0
  65.361122 116.0 0
  65.379143 224.0 0
  65.45550499999999 164.0 0
  66.488174 156.0 0
  66.533722 132.0 0
  66.716652 140.0 0
  66.732193 176.0 0
  66.84299499999999 196.0 0
  67.226822 212.0 0
  67.67025 156.0 0
  68.013695 156.0 0
  68.06275199999999 188.0 0
  68.11618 156.0 0
  68.42819999999999 116.0 0
  69.49900099999999 152.0 0
  69.735512 160.0 0
  70.082329 168.0 0
  70.19992099999999 100.0 0
  70.31693999999999 156.0 0
  70.370087 204.0 0
  70.871658 264.0 0
  71.18152599999999 36.0 0
  71.251984 160.0 0
  71.25885799999999 180.0 0
  71.29083999999999 172.0 0
  71.471817 152.0 0
  71.627579 180.0 0
  71.98042299999999 168.0 0
  72.14819299999999 208.0 0
  72.35520199999999 160.0 0
  72.77063799999999 128.0 0
  72.970596 240.0 0
  73.121552 136.0 0
  73.22719599999999 52.0 0
  74.54370999999999 192.0 0
  74.64595 224.0 0
  74.676323 80.0 0
  74.85308099999999 164.0 0
  75.446434 144.0 0
  76.006737 224.0 0
  76.37548799999999 36.0 0
  76.95841999999999 208.0 0
  77.769272 152.0 0
  78.115242 156.0 0
  78.51374799999999 132.0 0
  79.451172 176.0 0
  79.68009199999999 184.0 0
  79.717461 104.0 0
  79.76658599999999 136.0 0
  79.91373399999999 128.0 0
  80.57296799999999 312.0 0
  80.797646 172.0 0
  81.040527 180.0 0
  81.16935699999999 164.0 0
  82.40873699999999 172.0 0
  83.207123 244.0 0
  83.72782099999999 60.0 0
  83.996513 140.0 0
  84.423569 104.0 0
  84.74369 148.0 0
  84.79156499999999 184.0 0
  85.05075799999999 140.0 0
  85.069099 184.0 0
  85.39102899999999 128.0 0
  85.43218999999999 176.0 0
  85.67019699999999 208.0 0
  86.096474 6851.018066 1
  86.16256 45.041672 0
  86.28083799999999 152.0 0
  86.74475899999999 200.0 0
  86.85322599999999 120.0 0
  87.005066 148.0 0
  87.048965 160.0 0
  87.442139 48.0 0
  88.403419 180.0 0
  88.596138 136.0 0
  88.85009799999999 164.0 0
  89.29506699999999 216.0 0
  90.53493499999999 124.0 0
  91.053253 608.0 0
  91.087997 19657.0 3
  91.37898299999999 204.0 0
  91.39504199999999 152.0 0
  91.476067 192.0 0
  92.020592 172.0 0
  92.507668 176.0 0
  92.79238099999999 200.0 0
  93.123634 152.0 0
  93.941437 256.0 0
  93.95073699999999 208.0 0
  93.996147 160.0 0
  94.606392 144.0 0
  95.00206 148.0 0
  95.05519899999999 32.0 0
  95.248306 176.0 0
  95.315834 100.0 0
  95.568985 196.0 0
  95.981606 164.0 0
  96.081436 1072.0 0
  96.28347799999999 140.0 0
  96.431 180.0 0
  96.618355 188.0 0
  96.791733 184.0 0
  96.92874099999999 136.0 0
  97.085876 4600.0 1
  97.121918 176.0 0
  97.435493 152.0 0
  97.51499199999999 160.0 0
  97.583366 224.0 0
  97.64063999999999 140.0 0
  97.73318499999999 148.0 0
  97.79317499999999 156.0 0
  98.51598399999999 220.0 0
  99.058968 40.0 0
  99.177673 240.0 0
  99.32904099999999 172.0 0
  99.363091 140.0 0
  99.56066899999999 140.0 0
  99.91920499999999 192.0 0
  100.013786 140.0 0
  100.124557 236.0 0
  100.26323699999999 200.0 0
  100.26947799999999 156.0 0
  100.33904299999999 212.0 0
  100.37692999999999 176.0 0
  100.417885 19.79431 0
  100.798386 64.0 0
  100.96717799999999 196.0 0
  100.99293499999999 188.0 0
  101.054558 18.00107 0
  101.29124499999999 140.0 0
  101.38230899999999 140.0 0
  101.53673599999999 116.0 0
  101.92688799999999 188.0 0
  102.01212299999999 144.0 0
  102.209587 112.0 0
  102.26499899999999 176.0 0
  102.460999 468.0 0
  102.86928599999999 104.0 0
  102.89433299999999 168.0 0
  102.919991 36.0 0
  103.056587 376.0 0
  103.16680099999999 10.88889 0
  103.362 88.0 0
  103.691277 188.0 0
  103.820168 128.0 0
  103.858452 152.0 0
  104.058517 64.0 0
  104.09977699999999 160.0 0
  104.14183 8.845 0
  104.576843 17.190479 0
  104.7528 188.0 0
  104.791145 164.0 0
  104.949142 156.0 0
  105.06983199999999 908.0 0
  105.087234 176.0 0
  105.495903 176.0 0
  105.806641 216.0 0
  105.87965399999999 172.0 0
  106.025452 188.0 0
  106.06543699999999 1904.0 0
  106.157242 148.0 0
  106.420761 180.0 0
  106.739319 14.72387 0
  106.824112 160.0 0
  107.009819 763.872681 0
  107.08705099999999 340.0 0
  107.18292199999999 140.0 0
  107.430115 208.0 0
  107.460854 56.0 0
  107.62771599999999 200.0 0
  107.76154299999999 12.0 0
  107.808403 176.0 0
  107.89757499999999 80.0 0
  107.93160999999999 10.73684 0
  107.970856 52.0 0
  108.051994 300.0 0
  108.056747 497.943604 0
  108.077759 212.0 0
  108.15476199999999 52.0 0
  108.636917 164.0 0
  108.86052699999999 208.0 0
  108.929329 132.0 0
  109.016403 180.0 0
  109.02718399999999 208.0 0
  109.03111299999999 192.0 0
  109.095024 6.668478 0
  109.10222599999999 172.0 0
  109.252106 6.916667 0
  109.31697799999999 172.0 0
  109.578178 208.0 0
  109.59655 48.0 0
  109.739677 132.0 0
  109.84426099999999 376.0 0
  110.10447699999999 164.0 0
  110.1138 148.0 0
  110.70878599999999 208.0 0
  110.747536 152.0 0
  110.87219999999999 10.03912 0
  111.14235699999999 172.0 0
  111.256577 188.0 0
  111.50247999999999 68.0 0
  111.68330399999999 148.0 0
  112.110344 152.0 0
  112.190613 2112.0 0
  112.27668 172.0 0
  112.27877799999999 100.0 0
  112.54672199999999 140.0 0
  112.736465 22.01136 0
  112.888443 156.0 0
  113.03128099999999 88.0 0
  113.07211299999999 156.0 0
  113.301025 196.0 0
  113.31542999999999 144.0 0
  113.78281399999999 208.0 0
  113.792847 160.0 0
  113.796021 176.0 0
  114.090645 13465.370117 2
  114.20603899999999 156.0 0
  114.281425 220.0 0
  114.296814 56.0 0
  114.350883 76.0 0
  114.86412 256.0 0
  114.994705 104.0 0
  115.22042099999999 188.0 0
  115.399452 3.047619 0
  115.51660899999999 188.0 0
  115.523636 196.0 0
  115.591026 232.0 0
  115.67122699999999 136.0 0
  115.81143999999999 124.0 0
  115.830269 68.0 0
  115.87084999999999 140.0 0
  115.999718 116.0 0
  116.051727 156.0 0
  116.054749 386.0 0
  116.061554 36.89024 0
  116.067528 80.0 0
  116.17793999999999 160.0 0
  116.51089499999999 224.0 0
  116.62321499999999 196.0 0
  116.663765 68.0 0
  116.82727799999999 160.0 0
  116.86091599999999 168.0 0
  116.910339 112.0 0
  117.022751 164.0 0
  117.03186 1356.0 0
  117.048637 120.0 0
  117.06966399999999 552.0 0
  117.073044 164.0 0
  117.62767799999999 6.98077 0
  117.710388 104.0 0
  117.82157099999999 60.0 0
  117.83473199999999 164.0 0
  117.87191 184.0 0
  118.025002 96.0 0
  118.06552099999999 2540.0 0
  118.106735 132.0 0
  118.31659699999999 256.0 0
  118.401146 144.0 0
  118.564438 224.0 0
  118.704765 148.0 0
  118.916145 124.0 0
  119.106926 28.0 0
  119.118866 2.354167 0
  119.220024 136.0 0
  119.23906699999999 44.0 0
  119.33779899999999 160.0 0
  119.357956 144.0 0
  119.732315 164.0 0
  119.98149099999999 304.0 0
  120.05328399999999 4008.0 1
  120.067764 164.0 0
  120.081032 156.0 0
  120.165054 204.0 0
  120.74906899999999 84.0 0
  121.02767899999999 200.0 0
  121.046959 160.0 0
  121.138916 19.5625 0
  121.47876699999999 252.0 0
  121.51139099999999 8.698232 0
  121.59314699999999 44.0 0
  121.62293199999999 208.0 0
  121.634727 156.0 0
  121.866135 108.0 0
  122.082977 32.799198 0
  122.097687 136.0 0
  122.92796299999999 124.0 0
  122.97681399999999 100.0 0
  123.042412 180.0 0
  123.060997 11457.0 2
  123.145851 212.0 0
  123.17034899999999 48.0 0
  123.45696299999999 200.0 0
  123.58663899999999 208.0 0
  123.95047 200.0 0
  123.95903799999999 92.0 0
  124.024002 196.0 0
  124.22097799999999 212.0 0
  124.26943999999999 108.0 0
  124.283577 164.0 0
  124.40699 180.0 0
  125.14205199999999 88.0 0
  125.179451 216.0 0
  125.98387899999999 88.0 0
  126.204178 216.0 0
  126.41619899999999 184.0 0
  126.740494 164.0 0
  126.75888099999999 148.0 0
  126.794533 196.0 0
  126.83824899999999 48.0 0
  126.87384 148.0 0
  127.019218 148.0 0
  127.044388 17.527781 0
  127.29474599999999 144.0 0
  127.37265 152.0 0
  127.395348 112.0 0
  127.5411 148.0 0
  127.64961199999999 172.0 0
  127.653244 108.0 0
  127.86722599999999 100.0 0
  127.883804 112.0 0
  127.94485499999999 220.0 0
  128.060287 148.0 0
  128.09544400000001 212.0 0
  128.469696 56.0 0
  128.483856 76.0 0
  128.58599900000002 200.0 0
  128.819214 120.0 0
  128.922058 212.0 0
  129.056564 58.583172 0
  129.067337 180.0 0
  129.082932 188.0 0
  129.58775300000002 37.223961 0
  129.62901300000001 148.0 0
  129.68412800000002 248.0 0
  130.038788 284.0 0
  130.08389300000002 108.0 0
  130.166077 184.0 0
  130.253433 116.0 0
  130.54367100000002 216.0 0
  130.694153 380.0 0
  131.04603600000002 8915.0 1
  131.069962 672.0 0
  131.10488900000001 216.0 0
  131.208221 100.0 0
  131.267929 136.0 0
  131.29113800000002 28.0 0
  131.51130700000002 92.0 0
  132.015564 180.0 0
  132.029572 312.0 0
  132.22674600000002 156.0 0
  132.231995 156.0 0
  132.620529 136.0 0
  132.81019600000002 46.898338 0
  132.81813 96.0 0
  133.39827 15.70933 0
  133.616928 152.0 0
  133.626053 236.0 0
  133.746506 224.0 0
  134.659302 160.0 0
  134.795059 208.0 0
  134.96257 200.0 0
  135.04452500000002 132.0 0
  135.09291100000002 136.0 0
  135.11634800000002 1504.0 0
  135.149963 144.0 0
  135.558884 140.0 0
  136.057648 160.0 0
  136.23082000000002 136.0 0
  136.239059 44.0 0
  136.26236 204.0 0
  136.32269300000002 148.0 0
  136.542969 88.0 0
  136.672241 104.0 0
  136.8992 5.456818 0
  137.796494 200.0 0
  138.01083400000002 796.944397 0
  138.08410600000002 140.0 0
  138.47279400000002 164.0 0
  138.913498 172.0 0
  139.040482 68.0 0
  139.361954 116.0 0
  139.476562 152.0 0
  139.490936 152.0 0
  139.718826 172.0 0
  139.738495 156.0 0
  139.840271 13.22348 0
  139.859787 84.0 0
  139.943146 152.0 0
  139.965042 136.0 0
  140.160248 11612.0 2
  140.36758400000002 72.0 0
  140.556473 80.0 0
  140.824646 148.0 0
  140.83694500000001 128.0 0
  140.915298 96.0 0
  141.109756 160.0 0
  141.165573 76.0 0
  141.428986 72.0 0
  141.50654600000001 188.0 0
  141.97013900000002 224.0 0
  142.018829 68.0 0
  142.254074 184.0 0
  142.352234 184.0 0
  142.667053 144.0 0
  142.704788 184.0 0
  142.944061 152.0 0
  142.98777800000002 40.0 0
  143.008194 512.0 0
  143.051773 160.0 0
  143.058701 188.0 0
  143.075256 632.0 0
  143.14946 200.0 0
  143.186234 116.0 0
  143.28096000000002 216.0 0
  143.638336 112.0 0
  143.797256 212.0 0
  143.828232 80.0 0
  144.30749500000002 212.0 0
  144.464523 160.0 0
  145.02446 1033.0 0
  145.084549 272.0 0
  145.116852 184.0 0
  145.331726 168.0 0
  145.465042 96.0 0
  145.57977300000002 23.902109 0
  145.73017900000002 84.0 0
  145.822235 144.0 0
  145.847168 124.0 0
  146.358414 120.0 0
  146.697205 20.0 0
  147.051559 196.0 0
  147.054406 176.0 0
  147.067001 448.0 0
  147.13472000000002 156.0 0
  147.191986 148.0 0
  147.56662 176.0 0
  147.620346 168.0 0
  147.657196 5.199534 0
  147.746185 160.0 0
  147.893967 16.00952 0
  148.012283 132.0 0
  148.187195 112.0 0
  148.304672 40.0 0
  148.387863 128.0 0
  148.503128 6.482143 0
  148.55439800000002 84.0 0
  148.726379 192.0 0
  148.943542 136.0 0
  149.01547200000002 983.0 0
  149.059219 294.973907 0
  149.083862 140.0 0
  149.091354 144.0 0
  149.338303 164.0 0
  149.384537 104.0 0
  149.959946 136.0 0
  150.31388900000002 288.0 0
  150.491379 140.0 0
  150.518631 124.0 0
  150.536819 52.0 0
  150.63754300000002 200.0 0
  151.052628 196.0 0
  151.08599900000002 180.0 0
  151.340042 29.027781 0
  151.416245 9.142858 0
  151.67051700000002 152.0 0
  151.89364600000002 112.0 0
  151.930923 184.0 0
  152.045486 27.799999 0
  152.05766300000002 205.0 0
  152.06118800000002 184.0 0
  152.331467 76.0 0
  152.95626800000002 140.0 0
  152.998306 212.0 0
  153.006729 188.0 0
  153.04541 248.0 0
  153.069702 236.0 0
  153.199692 2.607143 0
  153.259354 128.0 0
  154.05084200000002 5624.0 1
  154.053085 7584.0 1
  154.064987 7656.0 1
  155.0504 156.0 0
  155.052673 614.0 0
  155.08519 184.0 0
  155.13093600000002 124.0 0
  155.216171 212.0 0
  155.43292200000002 184.0 0
  155.62037700000002 88.0 0
  155.713425 116.0 0
  155.875427 244.0 0
  155.890488 104.0 0
  156.059265 172.0 0
  156.198914 27.98245 0
  156.238434 17.053881 0
  156.65205400000002 112.0 0
  157.004623 156.0 0
  157.041245 35.140362 0
  157.048279 184.0 0
  157.06097400000002 1002.0 0
  157.070953 644.0 0
  157.081604 180.0 0
  157.10046400000002 4276.0 1
  157.289017 5.520833 0
  157.387573 192.0 0
  157.579651 240.0 0
  157.720642 232.0 0
  157.926468 180.0 0
  158.08213800000001 136.0 0
  158.77366600000002 104.0 0
  158.895782 112.0 0
  158.915253 108.0 0
  158.985397 216.0 0
  159.109528 170.0 0
  159.113113 31911.0 5
  159.135727 180.0 0
  159.270126 52.0 0
  160.033615 19318.0 3
  160.17308 64.0 0
  160.237747 168.0 0
  160.3125 152.0 0
  160.476303 32.0 0
  160.654694 124.0 0
  160.804977 132.0 0
  160.926376 1.910714 0
  161.01663200000002 164.0 0
  161.064163 224.0 0
  161.068115 164.0 0
  161.379669 128.0 0
  161.920166 140.0 0
  161.974289 136.0 0
  162.151184 36.0 0
  162.15934800000002 36.0 0
  163.034988 22834.0 3
  163.103601 48.0 0
  163.26907300000002 128.0 0
  163.512268 60.0 0
  163.932114 48.0 0
  164.00354000000002 132.0 0
  164.061813 156.0 0
  164.105453 268.0 0
  164.259018 156.0 0
  164.96907000000002 248.0 0
  165.050308 11739.0 2
  165.080117 176.0 0
  165.11509700000002 124.0 0
  165.137131 112.0 0
  165.496674 180.0 0
  165.594482 192.0 0
  165.99382 172.0 0
  166.54409800000002 56.0 0
  167.38945 32.0 0
  167.638351 196.0 0
  167.8228 116.0 0
  168.111184 152.0 0
  168.636978 152.0 0
  168.695435 5.502083 0
  168.839233 212.0 0
  168.975152 167.0 0
  168.98735000000002 78.918419 0
  169.01005600000002 64.0 0
  169.07457000000002 440.0 0
  169.181 92.0 0
  170.051727 87.348137 0
  170.054688 148.0 0
  170.101395 36.0 0
  170.10522500000002 156.0 0
  170.29864500000002 164.0 0
  170.541473 96.0 0
  170.591507 232.0 0
  170.635117 42.73819 0
  170.64857500000002 10.66451 0
  170.862 124.0 0
  171.078796 92.331123 0
  171.08110000000002 160.0 0
  171.171814 128.0 0
  171.26348900000002 104.0 0
  171.598984 108.0 0
  171.753159 128.0 0
  171.812927 168.0 0
  171.968185 16.12591 0
  172.03216600000002 5572.0 1
  172.072235 36.591869 0
  172.125763 295.0 0
  172.20193500000002 48.0 0
  172.39164100000002 164.0 0
  172.606369 132.0 0
  173.05487100000002 660.0 0
  173.087204 188.0 0
  173.892334 152.0 0
  174.058853 256.0 0
  174.07508900000002 2530.0 0
  174.086136 75054.0 11
  174.63827500000002 120.0 0
  175.05555700000002 352.0 0
  175.073853 324.0 0
  175.106506 46.1381 0
  175.14823900000002 164.0 0
  175.28396600000002 216.0 0
  175.35600300000002 104.0 0
  175.47636400000002 148.0 0
  175.716339 22.607759 0
  175.748779 152.0 0
  176.03183 4448.0 1
  176.140244 272.0 0
  176.34556600000002 80.0 0
  176.826706 172.0 0
  176.905945 152.0 0
  176.92979400000002 164.0 0
  176.933044 304.0 0
  177.69378700000001 112.0 0
  177.69812000000002 200.0 0
  177.943298 156.0 0
  178.02063 76.0 0
  178.497604 148.0 0
  178.793274 68.0 0
  179.02738300000001 844.0 0
  179.091599 488.0 0
  179.116586 188.0 0
  179.483902 108.0 0
  179.585205 176.0 0
  179.87875400000001 44.0 0
  180.015961 137.893097 0
  180.080261 1012.0 0
  180.46807900000002 116.0 0
  180.984375 128.0 0
  181.052872 184.0 0
  181.060043 116.0 0
  181.08509800000002 1000.0 0
  181.098434 616.0 0
  181.740891 48.0 0
  181.811462 68.0 0
  181.98860200000001 84.0 0
  182.224014 44.0 0
  182.53152500000002 152.0 0
  182.72580000000002 84.0 0
  182.839523 180.0 0
  182.866165 188.0 0
  183.412643 116.0 0
  183.44528200000002 140.0 0
  183.503677 140.0 0
  183.53512600000002 184.0 0
  183.70674100000002 128.0 0
  183.855972 128.0 0
  183.866547 184.0 0
  184.024796 352.0 0
  184.036301 26.774771 0
  184.094727 132.0 0
  184.28598 56.0 0
  184.295059 168.0 0
  184.468948 72.0 0
  184.999908 200.0 0
  185.07070900000002 356.0 0
  185.09277300000002 453.0 0
  185.106613 872.360718 0
  185.17901600000002 44.0 0
  185.634598 164.0 0
  185.977295 184.0 0
  186.27925100000002 156.0 0
  186.593048 204.0 0
  187.062485 192.0 0
  187.111221 236.0 0
  188.05529800000002 144.0 0
  188.958862 196.0 0
  188.98082000000002 72.0 0
  189.094208 480.0 0
  189.185165 3.002976 0
  189.19390900000002 212.0 0
  189.20709200000002 196.0 0
  189.95529200000001 108.0 0
  190.124573 81.578239 0
  190.36821 4.099265 0
  190.391983 208.0 0
  190.649414 228.0 0
  190.686127 7.856061 0
  191.103647 255.0 0
  191.37068200000002 136.0 0
  192.04530300000002 140.0 0
  192.36526500000002 108.0 0
  192.60179100000002 72.0 0
  192.66227700000002 44.0 0
  193.16394 96.0 0
  193.166153 7.973485 0
  193.28259300000002 160.0 0
  193.70155300000002 112.0 0
  194.03633100000002 132.0 0
  194.046539 26320.0 4
  194.06680300000002 108.0 0
  194.32659900000002 19.8358 0
  194.592117 112.0 0
  195.029602 152.0 0
  195.11003100000002 35.526669 0
  195.33401500000002 80.0 0
  196.11677600000002 184.0 0
  196.501724 60.0 0
  196.635681 124.0 0
  196.98306300000002 164.0 0
  197.077805 544.0 0
  197.09419300000002 450.0 0
  197.17562900000001 240.0 0
  197.257431 36.0 0
  197.992126 196.0 0
  198.307999 180.0 0
  199.06007400000001 176.0 0
  199.071198 412.0 0
  199.10015900000002 28.29554 0
  199.15242 668.0 0
  199.19528200000002 184.0 0
  199.21057100000002 104.0 0
  199.251099 172.0 0
  199.508667 176.0 0
  200.051254 16893.0 3
  200.079025 200.0 0
  201.043488 255335.0 39
  201.08725 248.0 0
  201.320984 36.0 0
  201.406876 84.0 0
  201.703857 72.0 0
  201.747375 176.0 0
  201.923935 176.0 0
  202.02714500000002 196.0 0
  202.097687 33.784039 0
  202.104034 268.0 0
  202.163498 208.0 0
  202.302109 84.0 0
  202.30702200000002 124.0 0
  203.007706 132.0 0
  203.04800400000002 19147.0 3
  203.10041800000002 25.840281 0
  203.106186 1580.0 0
  203.71833800000002 144.0 0
  204.070221 17.560169 0
  204.090149 284.0 0
  204.120728 132.0 0
  204.33934000000002 36.0 0
  204.342682 136.0 0
  204.413254 124.0 0
  204.463821 188.0 0
  204.660934 148.0 0
  204.951187 68.0 0
  205.024902 712.0 0
  205.057724 352.0 0
  205.084045 54.70417 0
  205.10183700000002 71708.0 11
  205.942001 232.0 0
  205.97226 520.0 0
  207.04774500000002 252.0 0
  207.08715800000002 108.0 0
  207.11582900000002 352.309387 0
  207.134064 152.0 0
  207.318924 136.0 0
  207.330444 160.0 0
  207.430405 136.0 0
  207.78628500000002 124.0 0
  208.199005 12820.0 2
  208.53624000000002 1497.63208 0
  208.556824 64.0 0
  208.81474300000002 172.0 0
  208.892639 216.0 0
  209.05688500000002 104.0 0
  209.270996 204.0 0
  209.320831 56.0 0
  209.330521 92.0 0
  209.347809 76.0 0
  209.47404500000002 116.0 0
  210.020386 4521.491211 1
  210.145432 216.0 0
  210.464096 192.0 0
  210.892761 108.0 0
  211.106445 959.0 0
  211.133249 324.0 0
  211.630478 112.0 0
  212.031708 11.94707 0
  212.044281 760.0 0
  212.04641700000002 1232.0 0
  212.093002 64849.0 10
  212.77555800000002 160.0 0
  212.907455 36.0 0
  213.164841 388.0 0
  213.20700100000002 164.0 0
  213.46185300000002 88.0 0
  214.030518 151722.0 23
  215.066574 373.0 0
  215.092361 4441.321777 1
  215.407669 5.4 0
  215.988998 200.0 0
  216.315445 224.0 0
  216.76902800000002 232.0 0
  217.016296 64.0 0
  217.068726 6190.0 1
  217.169327 60.0 0
  217.33429 176.0 0
  217.593903 128.0 0
  217.835037 72.0 0
  218.054123 160.0 0
  218.099197 148.0 0
  218.26692200000002 200.0 0
  219.015396 340.0 0
  219.114853 108.0 0
  219.688019 112.0 0
  219.779388 156.0 0
  219.80548100000001 108.0 0
  220.109207 65152.0 10
  220.118866 148.0 0
  221.086456 148.0 0
  221.123245 296.0 0
  221.198318 108.0 0
  221.81109600000002 108.0 0
  221.983994 15.58421 0
  222.102539 176.0 0
  222.13931300000002 120.0 0
  222.18450900000002 132.0 0
  223.09689300000002 192.0 0
  223.507751 156.0 0
  223.851831 208.0 0
  224.007812 172.0 0
  224.017639 124.0 0
  224.03512600000002 1260.0 0
  224.055588 180.0 0
  225.83015400000002 124.0 0
  226.06268300000002 37.680031 0
  226.098328 308.0 0
  226.132263 2324.0 0
  226.283783 60.0 0
  226.542419 148.0 0
  226.719223 168.0 0
  227.065079 2206.0 0
  227.071548 412.0 0
  227.09788500000002 17.07692 0
  227.102463 290.21701 0
  227.105347 6864.0 1
  227.107925 1016.0 0
  227.112717 14728.0 2
  227.281555 52.0 0
  228.01658600000002 108.0 0
  228.079803 496.0 0
  228.25614900000002 208.0 0
  228.746506 48.0 0
  228.86424300000002 284.0 0
  228.889359 52.0 0
  229.044479 8514.0 1
  229.33287 52.0 0
  230.911423 100.0 0
  230.994583 144.0 0
  231.433716 144.0 0
  231.700058 152.0 0
  231.839737 100.0 0
  231.987061 152.0 0
  232.116165 160.0 0
  232.185318 188.0 0
  232.277374 45.82011 0
  233.079193 148.0 0
  233.086792 160.0 0
  233.116165 332.0 0
  233.31883200000001 204.0 0
  233.916672 4.816962 0
  234.057999 6531760.0 999
  234.13758900000002 224.0 0
  234.18893400000002 116.0 0
  235.10990900000002 184.0 0
  235.14386000000002 356.0 0
  235.785797 288.0 0
  236.17132600000002 224.0 0
  236.484329 156.0 0
  236.810318 144.0 0
  237.038452 376.0 0
  237.06637600000002 4526.0 1
  237.14248700000002 18089.0 3
  237.158081 288.0 0
  237.87750200000002 180.0 0
  238.077255 156.0 0
  238.11497500000002 284.0 0
  239.68193100000002 212.0 0
  240.108154 148.0 0
  240.766693 88.0 0
  240.796341 152.0 0
  240.967957 292.0 0
  241.06166100000002 3620.0 1
  241.22271700000002 156.0 0
  241.668137 136.0 0
  242.14347800000002 27.30242 0
  242.59761 200.0 0
  243.467218 160.0 0
  243.939499 243.9375 0
  244.117172 52.0 0
  244.141107 288.0 0
  244.18644700000002 28.0 0
  244.78749100000002 188.0 0
  245.03945900000002 172.0 0
  245.15089400000002 16.002251 0
  245.158676 264.0 0
  246.458069 84.0 0
  247.038995 219.0 0
  247.04899600000002 11646.0 2
  247.14534 108.0 0
  247.16258200000001 136.0 0
  247.24310300000002 96.0 0
  247.510345 140.0 0
  247.848846 14.88441 0
  249.127411 192.027802 0
  249.373108 20.0 0
  250.00323500000002 460.0 0
  250.069321 3228.0 0
  251.78929100000002 152.0 0
  252.07534800000002 3836.0 1
  252.171783 862.851318 0
  253.049347 6849.0 1
  253.119614 128.0 0
  253.567703 132.0 0
  254.077805 196.0 0
  254.53714000000002 44.0 0
  255.027115 156.0 0
  255.435593 164.0 0
  255.74086 100.0 0
  256.102051 102.374496 0
  256.225281 168.0 0
  256.330475 164.0 0
  256.700775 176.0 0
  257.14624 2207.0 0
  258.115814 192.0 0
  258.53689599999996 148.0 0
  259.21691899999996 80.0 0
  259.733978 3.386905 0
  260.118927 2808.0 0
  260.434753 40.0 0
  261.58572399999997 48.0 0
  261.877777 124.0 0
  263.04083299999996 156.0 0
  263.172516 144.0 0
  263.60034199999996 52.0 0
  263.84741199999996 9.102564 0
  265.01010099999996 144.0 0
  265.94760099999996 144.0 0
  266.027985 184.0 0
  266.078918 36852.0 6
  266.162262 756.0 0
  266.51242099999996 68.0 0
  266.96511799999996 188.0 0
  267.140656 704.0 0
  267.350616 108.0 0
  267.582764 96.0 0
  267.69879199999997 112.0 0
  267.974335 7381.416016 1
  268.16986099999997 196.0 0
  268.87103299999995 96.0 0
  269.69329799999997 64.0 0
  270.12875399999996 748.0 0
  270.295502 112.0 0
  270.611969 188.0 0
  271.36767599999996 9.707826 0
  272.723999 112.0 0
  273.128 1.0 0
  273.45730599999996 156.0 0
  273.918274 88.160004 0
  274.264252 124.0 0
  274.336487 192.0 0
  274.506958 108.0 0
  275.008453 180.0 0
  275.196075 40.0 0
  275.995544 424.0 0
  276.95053099999996 144.0 0
  277.78344699999997 56.0 0
  277.83126799999997 176.0 0
  278.10153199999996 216.0 0
  278.994171 172.0 0
  279.10745199999997 8.193491 0
  279.737457 100.0 0
  279.805969 27.238291 0
  280.05246 112.0 0
  280.141754 660.0 0
  281.227844 2644.0 0
  281.658264 48.0 0
  282.13458299999996 188.0 0
  282.19940199999996 124.0 0
  283.03328799999997 228.0 0
  284.09930399999996 1404.0 0
  284.29641699999996 108.0 0
  285.14617899999996 1227.0 0
  285.444366 140.0 0
  286.13858 172.0 0
  286.42340099999996 22.99077 0
  286.956207 68.0 0
  287.071167 192.0 0
  287.09668 140.0 0
  288.83444199999997 49.915699 0
  289.531769 4.833333 0
  290.298157 12.478 0
  295.01586899999995 68.0 0
  295.136017 192.0 0
  296.47412099999997 144.0 0
  299.06334799999996 232.0 0
  299.10790399999996 10097.0 2
  299.145508 240.0 0
  301.189209 48.0 0
  302.161652 440.0 0
  302.210205 113.726601 0
  302.558655 212.0 0
  302.99594099999996 184.0 0
  303.807648 104.0 0
  303.84158299999996 104.0 0
  305.077118 240.0 0
  306.942078 64.0 0
  307.55020099999996 8.779321 0
  308.52847299999996 220.0 0
  309.135559 600.0 0
  310.10738399999997 1.0 0
  313.28543099999996 76.0 0
  315.188812 96.0 0
  316.247253 176.0 0
  316.807709 60.0 0
  317.140961 124.0 0
  318.112671 172.0 0
  318.146454 244.0 0
  319.905151 96.0 0
  320.06771899999995 800.0 0
  320.165527 372.0 0
  320.748108 28.0 0
  321.750763 136.0 0
  322.792419 156.0 0
  323.060547 140.0 0
  323.63500999999997 144.0 0
  324.161346 200.0 0
  324.37676999999996 1.0 0
  326.09603899999996 0.884608 0
  327.155853 498.056702 0
  327.549835 11.14205 0
  328.228638 48.0 0
  329.092224 180.0 0
  329.25 1.852882 0
  330.11099199999995 1952.0 0
  331.116699 180.0 0
  331.34191899999996 132.0 0
  331.49267599999996 48.0 0
  332.08950799999997 172.0 0
  333.10693399999997 152.0 0
  333.206512 352.0 0
  334.027802 116.0 0
  334.084503 1152.0 0
  334.094537 220.0 0
  335.146332 2604.0 0
  335.21493499999997 148.0 0
  336.110168 128.0 0
  338.298767 26.793751 0
  338.839752 84.0 0
  339.195557 140.0 0
  339.26178 9.300439 0
  340.40801999999996 132.0 0
  340.96637 100.0 0
  342.297211 12.79018 0
  343.07579899999996 132.0 0
  344.166382 192.0 0
  344.386169 168.0 0
  349.17596399999996 3818.993896 1
  350.237396 64.0 0
  352.97174099999995 104.0 0
  354.869202 124.0 0
  355.31597899999997 24.133329 0
  355.59381099999996 18.08696 0
  356.230774 2080.0 0
  358.77554299999997 108.0 0
  359.800415 104.0 0
  361.232239 156.0 0
  362.13879399999996 7572.0 1
  362.756134 228.0 0
  366.097778 80.0 0
  366.395447 140.0 0
  366.62561 96.0 0
  368.24740599999996 956.0 0
  372.11148099999997 36850.0 6
  373.85141 112.0 0
  374.011213 120.0 0
  374.10867299999995 100.0 0
  378.210693 252.0 0
  382.100708 88.0 0
  383.92627 72.0 0
  384.21203599999996 13.2402 0
  384.77016599999996 252.0 0
  387.924988 796.369873 0
  388.080292 176.0 0
  391.178223 96.0 0
  391.18267799999995 156.0 0
  392.14480599999996 413.132904 0
  393.63504 140.0 0
  395.31555199999997 12.02644 0
  395.891174 8.122561 0
  400.846008 228.0 0
  403.02108799999996 208.0 0
  406.89736899999997 112.0 0
  407.48119499999996 120.0 0
  408.05654899999996 284.0 0
  408.503961 200.0 0
  411.45455899999996 0.594406 0
  415.18359399999997 156.0 0
  422.035797 144.0 0
  422.286011 120.0 0
  424.21606399999996 172.0 0
  426.167786 8916.0 1
  426.861023 280.0 0
  427.046722 124.0 0
  431.457245 320.318115 0
  435.89446999999996 36.0 0
  439.08770799999996 12751.0 2
  439.100885 104.0 0
  439.554108 134.036499 0
  440.27410899999995 44.322201 0
  446.15036 168.0 0
  455.527039 84.0 0
  461.044128 54.64333 0
  463.00039699999996 144.0 0
  469.969788 196.0 0
  479.95739699999996 136.0 0
  493.95550499999996 116.0 0
  495.922241 3510.0 1
  523.532959 64.0 0
  529.245 1.0 0
//
