ACCESSION: CCMSLIB00000080312
RECORD_TITLE: decoy
DATE: 2015.11.20
AUTHORS: Administrator
LICENSE: CC BY-SA
CH$NAME: decoy
CH$COMPOUND_CLASS: Natural Product
CH$FORMULA: C17H14N2O3
CH$EXACT_MASS: 294.10044230799997
CH$SMILES: N/A
CH$IUPAC: decoy
CH$LINK: N/A
AC$INSTRUMENT: decoy
AC$INSTRUMENT_TYPE: decoy
AC$MASS_SPECTROMETRY: MS_TYPE MS2
AC$MASS_SPECTROMETRY: ION_MODE POSITIVE
AC$MASS_SPECTROMETRY: COLLISION_ENERGY 10 V
MS$FOCUSED_ION: PRECURSOR_M/Z 295
MS$FOCUSED_ION: PRECURSOR_TYPE [M+H]+
PK$NUM_PEAK: 285
PK$PEAK: m/z int. rel.int.
  45.78886 156.0 0
  47.548828 136.0 0
  49.651989 216.0 0
  49.872005 200.0 0
  51.46069 160.0 0
  51.464348 200.0 0
  51.61459 228.0 0
  55.293056 144.0 0
  57.636513 212.0 0
  59.694508 204.0 0
  61.999813 156.0 0
  62.809261 156.0 0
  63.243328 144.0 0
  63.833466 164.0 0
  64.305183 124.0 0
  65.078102 216.0 0
  66.701523 152.0 0
  67.590919 172.0 0
  67.68589 196.0 0
  68.23595399999999 400.0 1
  68.346626 188.0 0
  68.702248 152.0 0
  69.34915199999999 152.0 0
  69.840576 184.0 0
  71.336411 196.0 0
  72.996597 192.0 0
  73.442787 168.0 0
  73.619942 88.0 0
  73.630341 152.0 0
  74.450249 276.0 0
  76.398209 108.0 0
  76.434708 136.0 0
  76.850449 156.0 0
  76.998421 136.0 0
  77.43218999999999 192.0 0
  79.02946499999999 148.0 0
  81.734459 164.0 0
  82.701416 152.0 0
  87.363907 188.0 0
  91.603477 100.0 0
  93.01855499999999 160.0 0
  95.13164499999999 136.0 0
  95.221481 172.0 0
  95.456772 160.0 0
  95.54785199999999 128.0 0
  95.76750899999999 156.0 0
  95.78259299999999 116.0 0
  97.10125 172.0 0
  98.91516899999999 140.0 0
  99.378952 116.0 0
  99.45401799999999 212.0 0
  99.722252 120.0 0
  100.013786 140.0 0
  100.031235 172.0 0
  101.226524 40.0 0
  101.488716 180.0 0
  101.59725999999999 152.0 0
  102.002037 244.0 0
  104.120171 11.025 0
  104.21076199999999 136.0 0
  104.419305 160.0 0
  105.10116599999999 228.0 0
  105.36237299999999 144.0 0
  105.65750899999999 22.7787 0
  106.68553899999999 108.0 0
  107.57764399999999 2.363971 0
  107.757629 244.0 0
  108.035034 172.0 0
  108.17781099999999 7.915 0
  109.023811 164.0 0
  109.375633 68.0 0
  110.10922199999999 184.0 0
  110.18251799999999 168.0 0
  110.48043799999999 52.0 0
  111.045074 164.0 0
  112.043945 168.0 0
  112.07509599999999 1104.0 2
  112.85690299999999 200.0 0
  113.00149499999999 172.0 0
  113.81161499999999 160.0 0
  115.187592 10.50877 0
  116.51660899999999 148.0 0
  116.64014399999999 148.0 0
  117.227486 200.0 0
  118.016914 172.0 0
  118.07176199999999 128.0 0
  118.469528 3.375 0
  120.640968 228.0 0
  121.02741999999999 92.0 0
  121.035867 107.0 0
  121.33590699999999 14.17457 0
  122.03688799999999 196.0 0
  123.078712 152.0 0
  123.715149 128.0 0
  124.54493699999999 148.0 0
  124.60932199999999 76.0 0
  126.19480899999999 80.0 0
  126.45800799999999 148.0 0
  126.56367499999999 144.0 0
  127.187355 144.0 0
  127.54221299999999 204.0 0
  127.54847 160.0 0
  127.641472 168.0 0
  127.95606199999999 184.0 0
  128.573227 116.0 0
  129.87716700000001 160.0 0
  130.081467 86.254967 0
  131.014877 172.0 0
  131.630844 208.0 0
  132.04367100000002 136.0 0
  132.807312 140.0 0
  132.946899 22.165079 0
  132.96031200000002 85.156326 0
  133.259338 160.0 0
  133.942093 200.0 0
  134.060745 352.0 1
  134.304764 44.0 0
  135.01937900000001 192.0 0
  135.10162400000002 168.0 0
  136.099747 68.0 0
  137.19279500000002 144.0 0
  137.70460500000002 180.0 0
  138.177078 20.029039 0
  141.071091 272.0 0
  141.347168 80.0 0
  141.429718 184.0 0
  141.62051400000001 112.0 0
  142.08621200000002 96.0 0
  142.4702 6.105536 0
  143.564438 172.0 0
  144.01516700000002 2572.0 4
  144.056625 299.452698 0
  144.109253 156.0 0
  144.562912 56.0 0
  145.047714 546.0 1
  145.25782800000002 92.0 0
  146.00508100000002 264.0 0
  146.224548 140.0 0
  146.96798700000002 120.0 0
  147.120529 52.0 0
  147.45657300000002 56.0 0
  147.603928 18.755211 0
  147.95030200000002 208.0 0
  148.044113 1001.0 2
  148.470551 128.0 0
  148.61698900000002 136.0 0
  148.94111600000002 60.0 0
  148.995407 6.148148 0
  149.001419 24.82424 0
  149.057297 556.0 1
  149.382507 184.0 0
  150.585159 28.0 0
  152.083832 156.0 0
  152.94426 136.0 0
  155.368118 168.0 0
  157.683151 5.963235 0
  158.112152 256.0 0
  158.52787800000002 292.0 0
  158.60827600000002 132.0 0
  158.97653200000002 25948.0 41
  159.055359 2800.0 4
  159.699356 144.0 0
  159.878128 72.0 0
  160.061654 152.0 0
  160.07757600000002 604.0 1
  160.128784 84.0 0
  161.39090000000002 200.0 0
  161.824631 40.0 0
  162.3535 124.0 0
  162.66677900000002 204.0 0
  163.69537400000002 172.0 0
  165.04364 184.0 0
  165.103073 148.0 0
  165.666489 80.0 0
  165.93888900000002 132.0 0
  166.075058 1800.0 3
  166.246262 8.240196 0
  169.037903 168.0 0
  169.84053 144.0 0
  171.034149 438.0 1
  171.091812 3736.0 6
  171.177917 160.0 0
  172.26739500000002 44.0 0
  173.006424 172.0 0
  174.63649 148.0 0
  174.939514 60.0 0
  175.14537 483.0 1
  175.31573500000002 10.52083 0
  177.161224 192.0 0
  179.987762 128.0 0
  180.38330100000002 72.0 0
  181.353226 148.0 0
  181.984146 196.0 0
  182.501587 48.0 0
  183.017426 148.0 0
  183.452957 84.0 0
  184.91485600000001 144.0 0
  185.31388900000002 104.0 0
  186.07338000000001 152.0 0
  186.24156200000002 260.0 0
  187.05358900000002 188.0 0
  187.109207 182.0 0
  190.036133 111.0 0
  190.967804 276.0 0
  191.050598 169.0 0
  191.441391 56.0 0
  193.375626 164.0 0
  194.623505 216.0 0
  196.182724 7.347222 0
  197.331818 172.0 0
  203.61821 52.0 0
  206.421478 104.0 0
  206.99679600000002 132.0 0
  207.546143 168.0 0
  207.59577900000002 156.0 0
  207.70228600000002 132.0 0
  207.842599 140.0 0
  208.252609 128.0 0
  208.793533 252.0 0
  209.240067 48.0 0
  209.34831200000002 220.0 0
  210.02148400000002 331.365906 1
  210.06303400000002 11955.0 19
  210.09007300000002 248.0 0
  210.414368 116.0 0
  210.65652500000002 60.0 0
  211.07579 4258.0 7
  211.267151 164.0 0
  212.91857900000002 108.0 0
  216.108475 6.892568 0
  217.07608000000002 84.0 0
  218.05053700000002 148.0 0
  218.164261 504.0 1
  218.820389 180.0 0
  220.80920400000002 116.0 0
  221.919724 60.0 0
  222.83313 148.0 0
  226.30838 144.0 0
  226.952698 132.0 0
  228.354568 188.0 0
  229.03511 36.0 0
  230.07693500000002 21524.0 34
  230.732986 92.0 0
  231.052408 304.0 0
  231.077316 1428.0 2
  232.634384 108.0 0
  233.774902 74.129593 0
  235.18910200000002 164.0 0
  235.61908 148.0 0
  237.06959500000002 180.0 0
  239.285278 100.0 0
  240.627625 44.0 0
  241.238846 18.215561 0
  241.440887 120.0 0
  241.965271 184.0 0
  242.820206 248.0 0
  245.884766 112.0 0
  247.038995 219.0 0
  247.89265400000002 100.0 0
  250.79603600000002 160.0 0
  253.211777 184.0 0
  253.58757 76.0 0
  258.11346399999996 132.0 0
  258.504883 140.0 0
  259.480591 52.0 0
  265.120209 144.0 0
  266.097992 634331.0 999
  267.076935 144.0 0
  268.770447 172.0 0
  271.606323 180.0 0
  273.08252 152.0 0
  276.35214199999996 144.0 0
  277.8284 13.26722 0
  279.035828 564.0 1
  280.012634 29.171379 0
  283.09376 133.0 0
  283.881439 48.0 0
  285.156677 2565.0 4
  288.98614499999996 152.0 0
  289.119934 15.03409 0
  290.117188 164.0 0
  292.91635099999996 136.0 0
  293.07892799999996 165.0 0
  294.01971399999996 424.0 1
  295.108 1.0 0
//
