ACCESSION: CCMSLIB00000080097
RECORD_TITLE: decoy
DATE: 2015.11.20
AUTHORS: Administrator
LICENSE: CC BY-SA
CH$NAME: decoy
CH$COMPOUND_CLASS: Natural Product
CH$FORMULA: C15H16O4
CH$EXACT_MASS: 260.104858992
CH$SMILES: N/A
CH$IUPAC: decoy
CH$LINK: N/A
AC$INSTRUMENT: decoy
AC$INSTRUMENT_TYPE: decoy
AC$MASS_SPECTROMETRY: MS_TYPE MS2
AC$MASS_SPECTROMETRY: ION_MODE POSITIVE
AC$MASS_SPECTROMETRY: COLLISION_ENERGY 10 V
MS$FOCUSED_ION: PRECURSOR_M/Z 261
MS$FOCUSED_ION: PRECURSOR_TYPE [M+H]+
PK$NUM_PEAK: 653
PK$PEAK: m/z int. rel.int.
  43.798822 156.0 0
  45.161981000000004 252.0 0
  45.774227 196.0 0
  46.00515 192.0 0
  46.522591 228.0 0
  46.775773 184.0 0
  48.385738 128.0 0
  48.614285 188.0 0
  49.526939 280.0 0
  50.718376 160.0 0
  51.287777 204.0 0
  51.478531000000004 168.0 0
  53.93066 168.0 0
  54.365623 192.0 0
  54.648834 180.0 0
  55.867516 84.0 0
  56.515804 200.0 0
  56.723465000000004 224.0 0
  56.954517 280.0 0
  56.983391000000005 240.0 0
  57.036083000000005 244.0 0
  57.218178 136.0 0
  57.685665 128.0 0
  57.883865 156.0 0
  57.902096 184.0 0
  58.259422 92.0 0
  59.05851 87.321808 0
  60.213295 216.0 0
  60.433582 224.0 0
  60.498577000000004 120.0 0
  61.011284 208.0 0
  61.900604 264.0 0
  62.344933000000005 88.0 0
  63.038166000000004 176.0 0
  63.047764 140.0 0
  63.804356 140.0 0
  64.52401 148.0 0
  64.688683 160.0 0
  65.00398299999999 176.0 0
  65.221481 140.0 0
  65.31082199999999 164.0 0
  65.400948 148.0 0
  65.57401999999999 140.0 0
  66.471138 172.0 0
  66.59622999999999 176.0 0
  67.360863 176.0 0
  68.26308399999999 240.0 0
  68.50882 196.0 0
  70.09284199999999 228.0 0
  70.35323299999999 188.0 0
  70.47810399999999 104.0 0
  70.97383099999999 212.0 0
  71.09713699999999 136.0 0
  71.179367 160.0 0
  72.168678 152.0 0
  72.54515099999999 208.0 0
  73.59066 84.0 0
  74.032944 204.0 0
  74.12619799999999 180.0 0
  74.279274 272.0 0
  75.74292799999999 276.0 0
  76.299301 104.0 0
  76.67057 160.0 0
  76.99711599999999 200.0 0
  77.128609 208.0 0
  78.683746 172.0 0
  79.18135799999999 176.0 0
  79.21425599999999 216.0 0
  79.223869 140.0 0
  80.151558 172.0 0
  80.70535299999999 192.0 0
  80.710251 782.0 0
  80.73892199999999 216.0 0
  80.86138899999999 192.0 0
  81.938744 156.0 0
  82.186279 184.0 0
  82.623131 144.0 0
  82.742401 156.0 0
  83.95496399999999 104.0 0
  84.388504 148.0 0
  84.92742199999999 96.0 0
  85.496361 120.0 0
  85.671188 128.0 0
  85.720039 140.0 0
  86.57234199999999 216.0 0
  86.639313 168.0 0
  86.709953 116.0 0
  86.98142999999999 144.0 0
  86.98803699999999 208.0 0
  87.09951 104.0 0
  88.398277 188.0 0
  88.648376 148.0 0
  89.023529 152.0 0
  89.27909899999999 180.0 0
  89.708908 204.0 0
  90.67984799999999 160.0 0
  91.052673 296.0 0
  92.19992099999999 136.0 0
  93.00143399999999 184.0 0
  93.026451 224.0 0
  93.03055599999999 180.0 0
  93.10072299999999 144.0 0
  93.34891499999999 220.0 0
  93.44238299999999 144.0 0
  93.515518 200.0 0
  93.69500699999999 176.0 0
  94.064453 188.0 0
  94.286469 188.0 0
  94.740746 136.0 0
  95.04416699999999 232.0 0
  95.100945 144.0 0
  95.11168699999999 188.0 0
  95.139725 188.0 0
  95.399445 176.0 0
  96.227066 124.0 0
  96.545593 152.0 0
  96.887497 80.0 0
  97.028442 320.0 0
  97.10104399999999 208.0 0
  97.553238 104.0 0
  98.24758899999999 176.0 0
  98.84316299999999 204.0 0
  98.97855399999999 140.0 0
  99.090103 184.0 0
  99.46101399999999 160.0 0
  99.966667 172.0 0
  100.497856 108.0 0
  100.832352 148.0 0
  100.940559 140.0 0
  101.16538999999999 188.0 0
  101.189308 176.0 0
  101.498199 244.0 0
  101.55631299999999 160.0 0
  101.59558899999999 188.0 0
  101.64907099999999 32.0 0
  101.79583 188.0 0
  101.983498 260.0 0
  102.077507 204.0 0
  102.131768 296.0 0
  102.14293699999999 264.0 0
  102.153229 160.0 0
  102.241661 168.0 0
  102.568604 152.0 0
  103.031342 104.0 0
  103.054901 504.0 0
  103.199005 88.0 0
  103.98216199999999 224.0 0
  104.06237 1288.0 0
  104.278908 44.0 0
  104.957275 196.0 0
  105.028801 180.0 0
  105.03331 1924.0 1
  105.108459 172.0 0
  105.291573 208.0 0
  105.66470299999999 272.0 0
  105.68807199999999 200.0 0
  105.792778 192.0 0
  105.942032 196.0 0
  106.029907 148.0 0
  106.076073 132.0 0
  106.405014 176.0 0
  106.556541 164.0 0
  106.582466 180.0 0
  106.731979 124.0 0
  106.83176399999999 96.0 0
  107.03869599999999 86.792686 0
  107.04768399999999 216.524704 0
  107.050095 116.0 0
  107.104576 192.0 0
  107.275787 188.0 0
  107.59336099999999 168.0 0
  107.883423 140.0 0
  107.929794 132.0 0
  108.045311 3952.0 1
  108.091377 160.0 0
  108.571175 208.0 0
  108.67517099999999 55.684078 0
  108.82981099999999 10.64015 0
  109.062508 204.0 0
  109.09378099999999 172.0 0
  109.64151 140.0 0
  109.997749 292.0 0
  110.045738 184.0 0
  110.437057 96.0 0
  110.608261 172.0 0
  110.91974599999999 168.0 0
  111.053108 180.0 0
  111.424217 124.0 0
  111.72421299999999 176.0 0
  112.138527 152.0 0
  112.230492 196.0 0
  112.467613 56.0 0
  112.728867 20.15238 0
  113.059204 47.554211 0
  113.09597799999999 148.0 0
  113.247551 164.0 0
  113.45844299999999 52.0 0
  113.504105 60.0 0
  113.607452 160.0 0
  113.891914 148.0 0
  114.039131 172.0 0
  114.04265699999999 168.0 0
  114.110306 1880.0 1
  114.391815 148.0 0
  114.76634999999999 128.0 0
  114.815292 164.0 0
  115.429558 196.0 0
  116.049156 348.0 0
  116.051727 156.0 0
  116.44929499999999 48.0 0
  116.499016 88.0 0
  116.502663 168.0 0
  117.19987499999999 60.0 0
  117.477325 68.0 0
  117.48604599999999 56.0 0
  118.031494 23.67029 0
  118.074303 172.0 0
  118.16950999999999 172.0 0
  118.614937 44.0 0
  118.75 88.0 0
  119.047981 123.0 0
  119.400475 180.0 0
  119.503204 140.0 0
  120.15079499999999 132.0 0
  120.48591599999999 132.0 0
  121.077225 1028.0 0
  121.294495 144.0 0
  121.33183299999999 160.0 0
  121.584167 11.48611 0
  121.689697 176.0 0
  121.70954099999999 96.0 0
  122.02520799999999 132.0 0
  122.049675 156.0 0
  122.337723 52.0 0
  122.64956699999999 204.0 0
  122.66703799999999 244.0 0
  122.856583 140.0 0
  123.02018699999999 116.0 0
  123.038483 196.0 0
  123.280418 176.0 0
  123.868164 248.0 0
  123.892395 44.0 0
  124.04476199999999 283.0 0
  124.21689599999999 164.0 0
  124.470886 148.0 0
  124.51340499999999 7.266448 0
  124.780418 180.0 0
  125.124962 208.0 0
  125.17101299999999 128.0 0
  125.174797 172.0 0
  125.387756 116.0 0
  125.512924 10.00463 0
  125.52764099999999 184.0 0
  125.93654599999999 232.0 0
  125.994301 172.0 0
  126.509636 176.0 0
  126.799278 8.797794 0
  127.076577 140.0 0
  127.36080199999999 96.0 0
  128.061615 1471.0 0
  128.164612 84.0 0
  128.176666 80.0 0
  128.290817 11.01389 0
  128.298584 180.0 0
  128.350586 156.0 0
  128.483276 236.0 0
  128.914871 21.25568 0
  128.944672 260.0 0
  128.977249 172.0 0
  128.995148 336.0 0
  129.06926 2208.0 1
  129.075027 208.0 0
  130.112244 104.0 0
  130.719101 164.0 0
  130.796692 100.0 0
  131.044693 1196.0 0
  131.056107 100.0 0
  131.216217 11.85227 0
  131.320648 15.125 0
  131.408661 208.0 0
  131.577591 156.0 0
  131.70150800000002 272.0 0
  131.816315 160.0 0
  132.085281 192.0 0
  132.493988 64.0 0
  132.62278700000002 176.0 0
  132.660446 116.0 0
  132.75271600000002 40.0 0
  133.001144 40.0 0
  133.0233 16754.0 5
  133.075928 645.101929 0
  133.41308600000002 20.207029 0
  133.621811 148.0 0
  133.704483 128.0 0
  133.718842 260.0 0
  133.76942400000001 148.0 0
  133.934738 220.0 0
  134.06886300000002 520.0 0
  134.20425400000002 124.0 0
  134.54530300000002 220.0 0
  134.804367 232.0 0
  135.08126800000002 6508.0 2
  135.76156600000002 60.0 0
  135.865799 180.0 0
  137.00392200000002 148.0 0
  137.012436 140.0 0
  137.04603600000002 400.0 0
  137.254028 176.0 0
  137.49272200000001 200.0 0
  137.84726 144.0 0
  138.35531600000002 96.0 0
  138.78971900000002 156.0 0
  139.114609 184.0 0
  139.342743 64.0 0
  139.598923 172.0 0
  139.729095 128.0 0
  140.029312 1380.0 0
  140.86998 196.0 0
  141.054947 120.0 0
  141.067993 196.0 0
  142.56337000000002 108.0 0
  142.942596 124.0 0
  143.014328 168.0 0
  143.087051 2436.0 1
  143.193512 264.0 0
  143.247498 5.086693 0
  143.38504 140.0 0
  143.795975 152.0 0
  144.028589 3104.0 1
  144.054718 37.84903 0
  144.17746 124.0 0
  144.36625700000002 208.0 0
  144.544113 160.0 0
  144.86045800000002 120.0 0
  145.145203 104.0 0
  145.17338600000002 188.0 0
  145.496017 10.04167 0
  146.031891 204.0 0
  146.061432 328.0 0
  146.068298 336.0 0
  146.136917 112.0 0
  146.36496 172.0 0
  146.824036 144.0 0
  147.08857700000002 48.854752 0
  147.117691 1816.0 1
  148.074112 3800.0 1
  148.122116 172.0 0
  148.12686200000002 204.0 0
  148.78125 68.0 0
  148.887344 184.0 0
  149.93403600000002 156.0 0
  150.039017 636.0 0
  150.810791 156.0 0
  150.91287200000002 164.0 0
  151.087051 180.0 0
  151.148309 168.0 0
  151.263077 84.0 0
  151.358109 124.0 0
  152.051407 164.0 0
  152.059158 17.96023 0
  152.080688 124.0 0
  152.969376 52.0 0
  153.06424 352.0 0
  153.618066 232.0 0
  153.80983 152.0 0
  153.90780600000002 144.0 0
  154.035492 624.0 0
  154.075256 33.627258 0
  154.07843 376.0 0
  154.10112 200.0 0
  154.667328 56.0 0
  155.086761 220.0 0
  155.451004 12.77083 0
  156.07891800000002 2996.0 1
  156.484985 180.0 0
  156.691284 100.0 0
  156.763855 180.0 0
  157.002625 216.0 0
  157.08943200000002 164.0 0
  157.334137 84.0 0
  157.508377 160.0 0
  157.645157 220.0 0
  157.91670200000002 172.0 0
  158.324417 156.0 0
  158.401733 176.0 0
  158.59930400000002 164.0 0
  159.029922 160.0 0
  159.05491600000002 124.0 0
  159.11142 136.0 0
  159.260391 180.0 0
  160.04641700000002 384.0 0
  160.131775 164.0 0
  160.978317 200.0 0
  161.04324300000002 10640.0 3
  161.092102 264.0 0
  161.292633 44.0 0
  161.376312 92.0 0
  162.092636 1184.0 0
  162.334778 3.002451 0
  162.528183 180.0 0
  162.583496 212.0 0
  163.00708 128.0 0
  163.031357 120.0 0
  163.039871 104.0 0
  163.082825 84.0 0
  163.200974 124.0 0
  163.37179600000002 192.0 0
  163.57225 96.0 0
  164.052444 172.0 0
  164.206985 6.334677 0
  164.850098 124.0 0
  165.085205 3916.0 1
  165.543442 148.0 0
  165.874725 156.0 0
  166.378998 180.0 0
  166.501251 18.33498 0
  166.811859 5.0625 0
  167.002487 184.0 0
  167.030594 1711.0 0
  167.055664 291.0 0
  167.611786 168.0 0
  167.689514 84.0 0
  168.057297 1554.0 0
  168.073822 196.0 0
  170.06599400000002 846.0 0
  170.09816 192.0 0
  170.455902 164.0 0
  170.58041400000002 120.0 0
  170.948441 52.0 0
  171.489044 68.0 0
  171.802628 168.0 0
  171.97184800000002 84.0 0
  172.042099 13.85494 0
  172.072586 53.071049 0
  173.024933 264.0 0
  173.042755 7794.0 2
  173.05925000000002 277.0 0
  173.097351 228.0 0
  173.491852 92.0 0
  174.06762700000002 120.0 0
  174.13147 176.0 0
  174.297943 112.0 0
  174.325592 152.0 0
  175.090485 452.0 0
  175.11196900000002 848.0 0
  175.369888 180.0 0
  175.47319000000002 48.0 0
  175.746506 400.0 0
  175.751617 72.0 0
  175.91568 108.0 0
  176.042496 3252.0 1
  176.080322 316.0 0
  176.382675 80.0 0
  176.64854400000002 140.0 0
  177.091354 852.0 0
  177.147644 104.0 0
  177.58479300000002 148.0 0
  178.078629 14060.0 4
  178.350708 176.0 0
  179.083908 368.0 0
  179.11651600000002 192.0 0
  179.59584 6.033602 0
  180.018799 124.0 0
  180.56076000000002 168.0 0
  180.578201 168.0 0
  181.06637600000002 232.0 0
  181.62233 192.0 0
  181.62866200000002 176.0 0
  182.19236800000002 288.0 0
  182.370285 160.0 0
  182.393738 35.71138 0
  182.97872900000002 52.0 0
  183.123581 156.0 0
  183.674622 156.0 0
  183.93867500000002 136.0 0
  184.436859 44.0 0
  184.63604700000002 160.0 0
  185.020767 84150.0 24
  185.094437 1381.0 0
  185.097733 200.0 0
  185.11088600000002 128.0 0
  185.13218700000002 37.94109 0
  185.284988 8.334936 0
  186.064468 236.0 0
  186.672119 112.0 0
  186.80162 68.0 0
  186.84234600000002 84.0 0
  187.077896 144.0 0
  187.46133400000002 92.0 0
  187.53147900000002 164.0 0
  188.10878 324.0 0
  188.118698 152.0 0
  188.658905 48.0 0
  188.707764 176.0 0
  189.143585 56.0 0
  189.67952 56.0 0
  190.034988 252.0 0
  190.091507 56.0 0
  191.057571 224.0 0
  191.064163 14760.0 4
  191.10325600000002 304.0 0
  191.57501200000002 152.0 0
  192.06320200000002 188.0 0
  192.237259 200.0 0
  192.495789 48.0 0
  192.554642 80.0 0
  193.345032 164.0 0
  193.82989500000002 108.0 0
  193.93472300000002 220.0 0
  194.604523 120.0 0
  195.684662 148.0 0
  195.738968 112.0 0
  196.11703500000002 152.0 0
  196.306732 88.0 0
  196.585205 156.0 0
  197.054428 36778.0 10
  197.059616 2521.0 1
  197.427368 176.0 0
  198.061646 324.0 0
  198.429688 200.0 0
  198.550171 6.72002 0
  198.825546 152.0 0
  198.918533 32.555981 0
  199.111984 1056.0 0
  200.96669 160.0 0
  201.051666 1121.0 0
  201.087014 116.0 0
  201.11275600000002 5499.0 2
  201.21443200000002 28.0 0
  201.58114600000002 272.0 0
  201.94684700000002 252.0 0
  202.43438700000002 68.0 0
  202.467056 184.0 0
  202.746811 17.93511 0
  202.788422 152.0 0
  202.82960500000002 120.0 0
  203.42411800000002 80.0 0
  203.592804 160.0 0
  203.87664800000002 144.0 0
  204.09359700000002 400.0 0
  204.11016800000002 176.0 0
  204.62088 96.0 0
  204.640991 172.0 0
  204.959924 348.0 0
  205.058365 120.0 0
  205.118988 160.0 0
  205.325638 136.0 0
  205.514825 208.0 0
  205.99501 7.615243 0
  206.168121 148.0 0
  206.95700100000002 144.0 0
  206.966003 72.0 0
  207.04444900000001 504.0 0
  207.315964 36.0 0
  207.328857 204.0 0
  207.726547 224.0 0
  208.055969 12253.0 3
  208.110611 40704.0 12
  208.30465700000002 160.0 0
  208.436981 52.0 0
  208.560333 184.0 0
  209.149628 136.0 0
  209.343216 9.321679 0
  210.070129 1224.0 0
  211.01512100000002 132.0 0
  211.071289 344.0 0
  211.095169 144.0 0
  211.108383 160.0 0
  211.11222800000002 208.0 0
  212.081024 124.0 0
  212.169907 156.0 0
  213.066452 2038.0 1
  213.085968 27.284069 0
  213.15579200000002 24963.0 7
  213.69047500000002 148.0 0
  214.040909 56.0 0
  214.587769 32.0 0
  214.768448 3.593835 0
  215.049622 72.0 0
  215.269089 17.243259 0
  215.97583 184.0 0
  216.805786 92.0 0
  217.050079 2548.0 1
  217.067719 41.64455 0
  217.096109 156.0 0
  217.545593 204.0 0
  217.710968 156.0 0
  218.07363900000001 308.0 0
  218.25018300000002 104.0 0
  218.804169 144.0 0
  219.025879 144.0 0
  219.119797 552.0 0
  219.17157 848.0 0
  219.284707 224.0 0
  219.43145800000002 72.0 0
  219.83461 64.0 0
  220.43202200000002 128.0 0
  222.059357 64.0 0
  222.11689800000002 200.0 0
  223.993607 72.0 0
  225.682465 140.0 0
  226.81835900000002 168.0 0
  227.068405 532.0 0
  227.23580900000002 57.348961 0
  228.07785 156.0 0
  228.67034900000002 148.0 0
  229.072998 3515019.0 999
  229.160034 80.0 0
  230.09298700000002 104.0 0
  231.58093300000002 60.0 0
  231.82276900000002 176.0 0
  232.15768400000002 172.0 0
  232.591797 148.0 0
  233.79238900000001 164.0 0
  233.871216 132.0 0
  233.887878 6.270349 0
  234.95372 168.0 0
  235.061646 376.0 0
  235.727722 184.0 0
  236.100671 380.0 0
  238.43550100000002 140.0 0
  238.688599 80.0 0
  238.96460000000002 192.0 0
  240.07530200000002 152.0 0
  241.08235200000001 10.72011 0
  242.34260600000002 88.0 0
  243.07792700000002 244.0 0
  244.511841 72.0 0
  244.673935 132.0 0
  245.225815 56.0 0
  245.904617 188.0 0
  247.68811 72.0 0
  248.523727 36.0 0
  250.61595200000002 148.0 0
  250.835968 160.0 0
  251.037262 184.0 0
  251.262741 16.5977 0
  252.087387 760.0 0
  254.162628 1024.0 0
  255.046997 160.0 0
  255.453796 36.0 0
  255.716202 68.0 0
  257.754456 48.0 0
  258.095917 1.838542 0
  258.783997 136.0 0
  258.859161 116.0 0
  259.060089 216.0 0
  259.555725 44.0 0
  259.98864699999996 128.0 0
  260.00366199999996 232.0 0
  260.57595799999996 68.0 0
  261.090912 624.0 0
  261.135468 144.0 0
//
