ACCESSION: CCMSLIB00000078263
RECORD_TITLE: decoy
DATE: 2015.11.20
AUTHORS: Administrator
LICENSE: CC BY-SA
CH$NAME: decoy
CH$COMPOUND_CLASS: Natural Product
CH$FORMULA: C14H13N3O4S2
CH$EXACT_MASS: 351.034747896
CH$SMILES: N/A
CH$IUPAC: decoy
CH$LINK: N/A
AC$INSTRUMENT: decoy
AC$INSTRUMENT_TYPE: decoy
AC$MASS_SPECTROMETRY: MS_TYPE MS2
AC$MASS_SPECTROMETRY: ION_MODE POSITIVE
AC$MASS_SPECTROMETRY: COLLISION_ENERGY 10 V
MS$FOCUSED_ION: PRECURSOR_M/Z 352
MS$FOCUSED_ION: PRECURSOR_TYPE [M+H]+
PK$NUM_PEAK: 845
PK$PEAK: m/z int. rel.int.
  45.032997 515.451782 0
  46.28611 92.0 0
  46.716828 140.0 0
  47.070301 172.0 0
  47.5541 176.0 0
  47.643246000000005 184.0 0
  47.793510000000005 168.0 0
  47.884438 144.0 0
  47.889622 144.0 0
  48.034199 208.0 0
  48.135197 44.0 0
  49.89193 196.0 0
  49.974758 140.0 0
  50.481472000000004 160.0 0
  50.737259 232.0 0
  51.295021 152.0 0
  51.918148 264.0 0
  52.815289 212.0 0
  52.838894 32.0 0
  52.917709 256.0 0
  53.333221 164.0 0
  53.510757 136.0 0
  54.46349 180.0 0
  55.024307 168.0 0
  55.138153 228.0 0
  55.15509 196.0 0
  55.471252 156.0 0
  55.669369 144.0 0
  55.873436 124.0 0
  56.315483 164.0 0
  56.402325000000005 164.0 0
  56.537689 116.0 0
  57.222477000000005 104.0 0
  57.754211 220.0 0
  58.709156 136.0 0
  59.182087 184.0 0
  60.280231 188.0 0
  60.767715 232.0 0
  60.888721000000004 152.0 0
  60.950474 172.0 0
  61.618374 216.0 0
  61.689548 184.0 0
  62.000435 220.0 0
  62.245251 208.0 0
  62.716167 184.0 0
  63.357517 184.0 0
  63.507622000000005 236.0 0
  64.085396 144.0 0
  64.349274 112.0 0
  64.538185 160.0 0
  64.814545 92.0 0
  64.860886 212.0 0
  64.866692 140.0 0
  65.028358 172.0 0
  65.090363 188.0 0
  65.74108899999999 160.0 0
  65.97131399999999 400.0 0
  66.726585 148.0 0
  67.29634899999999 160.0 0
  67.806557 180.0 0
  67.81084399999999 140.0 0
  68.270088 76.0 0
  69.02796199999999 168.0 0
  69.593384 228.0 0
  70.079819 172.0 0
  70.134514 124.0 0
  70.99703199999999 172.0 0
  71.244446 224.0 0
  72.010269 188.0 0
  72.16819799999999 144.0 0
  72.345451 144.0 0
  72.86219 152.0 0
  73.20560499999999 48.0 0
  73.840363 132.0 0
  73.930229 164.0 0
  74.215881 172.0 0
  74.41540499999999 208.0 0
  74.960945 164.0 0
  75.27696399999999 140.0 0
  75.374748 192.0 0
  75.50561499999999 92.0 0
  75.830399 136.0 0
  75.88625499999999 176.0 0
  76.57277699999999 140.0 0
  77.96063199999999 152.0 0
  78.523499 152.0 0
  79.811996 140.0 0
  80.928314 204.0 0
  81.144883 128.0 0
  81.51377099999999 144.0 0
  81.59245299999999 152.0 0
  82.65364799999999 144.0 0
  83.008682 136.0 0
  83.17914599999999 204.0 0
  83.49569699999999 188.0 0
  83.515045 116.0 0
  84.01078799999999 140.0 0
  84.107475 200.0 0
  84.48733499999999 152.0 0
  85.28755199999999 188.0 0
  85.80040699999999 288.0 0
  86.318108 164.0 0
  86.33899699999999 156.0 0
  86.74906899999999 176.0 0
  87.925201 160.0 0
  88.31665 40.0 0
  88.40285499999999 148.0 0
  89.082184 140.0 0
  90.84408599999999 172.0 0
  91.131371 128.0 0
  91.833862 172.0 0
  91.863495 164.0 0
  92.654518 236.0 0
  92.69547999999999 188.0 0
  92.751251 172.0 0
  93.456665 184.0 0
  94.147774 164.0 0
  94.15690599999999 196.0 0
  94.944733 124.0 0
  95.06665799999999 64.0 0
  95.35632299999999 196.0 0
  95.49623899999999 152.0 0
  95.71549999999999 144.0 0
  95.94625099999999 148.0 0
  96.117081 224.0 0
  96.53244 152.0 0
  96.63196599999999 64.0 0
  97.05072799999999 188.0 0
  97.060959 168.0 0
  97.07186899999999 180.0 0
  97.085495 128.0 0
  97.851028 432.0 0
  98.00206 140.0 0
  98.24423999999999 160.0 0
  98.27201799999999 160.0 0
  98.50621 144.0 0
  98.56534599999999 128.0 0
  98.93969 168.0 0
  99.244919 44.0 0
  99.38053099999999 136.0 0
  99.50501299999999 180.0 0
  99.84028599999999 112.0 0
  100.11376999999999 524.0 0
  100.190277 160.0 0
  100.19897499999999 60.0 0
  100.61179399999999 276.0 0
  100.687508 192.0 0
  100.852509 152.0 0
  100.85466 244.0 0
  101.028481 148.0 0
  101.385391 256.0 0
  101.690781 164.0 0
  101.722076 124.0 0
  101.74932899999999 196.0 0
  101.764236 160.0 0
  101.781509 208.0 0
  102.17648299999999 160.0 0
  102.466675 176.0 0
  103.458626 252.0 0
  103.54523499999999 96.0 0
  103.549194 52.0 0
  103.60131799999999 44.0 0
  103.692444 180.0 0
  103.785316 204.0 0
  104.36366299999999 140.0 0
  105.070061 204.0 0
  105.080444 156.0 0
  105.171089 132.0 0
  105.175377 44.0 0
  105.21659899999999 172.0 0
  105.510262 264.0 0
  105.878822 184.0 0
  106.027931 196.0 0
  107.017288 160.0 0
  107.045914 902.0 1
  107.050354 192.0 0
  107.14452399999999 176.0 0
  107.14916199999999 184.0 0
  107.464523 188.0 0
  107.505333 156.0 0
  107.758202 240.0 0
  108.007469 184.0 0
  108.67021199999999 100.0 0
  109.062759 164.0 0
  109.10161599999999 184.0 0
  109.45844299999999 160.0 0
  109.73986099999999 188.0 0
  109.810074 64.0 0
  110.097534 176.0 0
  110.801712 120.0 0
  111.01602199999999 240.0 0
  111.29828599999999 140.0 0
  111.88127899999999 172.0 0
  112.055595 69.675583 0
  113.063133 348.0 0
  113.072273 136.0 0
  113.29905699999999 92.0 0
  113.467896 84.0 0
  113.59318499999999 196.0 0
  113.753433 56.0 0
  113.802956 212.0 0
  114.082016 152.0 0
  114.085152 152.0 0
  114.90643299999999 152.0 0
  114.99080699999999 10.31381 0
  115.04920999999999 99124.0 84
  115.05485499999999 984.0 1
  115.219635 72.0 0
  115.272133 152.0 0
  115.317139 180.0 0
  115.53907 272.0 0
  116.54997999999999 132.0 0
  116.616203 204.0 0
  116.679794 80.0 0
  117.06914499999999 1688.0 1
  117.086862 192.0 0
  117.774323 136.0 0
  118.364548 11.40833 0
  118.438606 140.0 0
  118.791809 128.0 0
  118.882645 136.0 0
  118.953667 184.0 0
  119.01280999999999 688.0 1
  119.044731 117.0 0
  119.061668 28.72303 0
  119.397392 188.0 0
  119.73288 48.0 0
  120.067619 6828.062988 6
  120.079422 529.241394 0
  120.489914 23.92605 0
  120.964355 172.0 0
  121.26612899999999 140.0 0
  121.39549299999999 148.0 0
  121.80117 180.0 0
  121.90956899999999 140.0 0
  122.056038 26.852369 0
  122.22263299999999 224.0 0
  122.243011 140.0 0
  124.012115 54.522011 0
  124.17967999999999 19.004311 0
  124.64688899999999 144.0 0
  124.665009 180.0 0
  125.02259099999999 164.0 0
  125.053612 356.0 0
  125.39609499999999 56.988369 0
  126.10539999999999 176.0 0
  126.169174 188.0 0
  126.439056 180.0 0
  126.462807 64.0 0
  126.76697499999999 152.0 0
  126.801361 44.0 0
  127.051712 188.0 0
  127.44940899999999 220.0 0
  127.46438599999999 32.0 0
  127.57 148.0 0
  128.068588 164.0 0
  128.56868 184.0 0
  128.639114 10.80474 0
  130.065704 2560.0 2
  130.076279 156.0 0
  130.39054900000002 156.0 0
  130.43782000000002 120.0 0
  130.56282000000002 184.0 0
  131.04646300000002 160.0 0
  131.05452 163.0 0
  131.17598 120.0 0
  131.443924 232.0 0
  131.718445 144.0 0
  131.828003 144.0 0
  131.858994 192.0 0
  132.05281100000002 144.0 0
  132.05702200000002 348.0 0
  132.06044 152.0 0
  132.577515 72.0 0
  132.586578 112.0 0
  132.632065 56.0 0
  133.152939 140.0 0
  133.16090400000002 16.850571 0
  133.184372 152.0 0
  133.567596 64.0 0
  133.61673000000002 36.315109 0
  133.645798 124.0 0
  133.676849 144.0 0
  133.856613 76.0 0
  134.12117 144.0 0
  134.20047 36.0 0
  134.700623 176.0 0
  135.070893 164.0 0
  135.23143000000002 176.0 0
  135.348755 44.0 0
  135.35311900000002 144.0 0
  135.522141 116.0 0
  135.73407 260.0 0
  135.87449600000002 124.0 0
  136.075256 319.633514 0
  136.55079700000002 148.0 0
  137.325882 7.531863 0
  137.359421 204.0 0
  137.420609 6.018518 0
  137.79679900000002 152.0 0
  137.801071 164.0 0
  137.920502 39.13475 0
  138.059967 23981.0 20
  138.084869 104.0 0
  138.223343 2.020833 0
  138.41940300000002 124.0 0
  138.485016 112.0 0
  138.743088 116.0 0
  138.92974900000002 148.0 0
  139.087448 124.0 0
  139.388519 204.0 0
  139.463287 156.0 0
  139.691742 148.0 0
  139.93798800000002 152.0 0
  139.97383100000002 108.0 0
  140.01100200000002 212.0 0
  140.02972400000002 112.0 0
  140.043991 56.0 0
  140.199738 4.086925 0
  140.77224700000002 204.0 0
  140.969391 60.0 0
  141.041086 170.0 0
  141.071152 216.0 0
  141.651733 232.0 0
  141.958603 180.0 0
  142.04719500000002 152.0 0
  142.15231300000002 188.0 0
  142.446136 156.0 0
  142.72052000000002 200.0 0
  142.979599 204.0 0
  143.181427 40.0 0
  143.507019 68.0 0
  143.530731 132.0 0
  143.96254000000002 208.0 0
  144.081436 168.0 0
  144.682953 68.0 0
  145.06234700000002 736.0 1
  145.26622 156.0 0
  145.924774 124.0 0
  145.943024 200.0 0
  145.992813 160.0 0
  146.02676400000001 84.0 0
  146.067703 512.0 0
  146.11578400000002 104.0 0
  146.193207 128.0 0
  146.229187 144.0 0
  146.24800100000002 120.0 0
  146.30792200000002 176.0 0
  146.51980600000002 212.0 0
  146.97447200000002 168.0 0
  147.02044700000002 140.0 0
  147.04989600000002 164.0 0
  147.119415 184.0 0
  147.308533 164.0 0
  147.475235 68.0 0
  147.483292 1.777778 0
  147.566345 212.0 0
  148.009232 29.705021 0
  148.046188 284.0 0
  148.1129 196.0 0
  148.27327 104.0 0
  148.584167 172.0 0
  148.658981 112.0 0
  148.83985900000002 156.0 0
  149.01478600000002 160.0 0
  149.096375 139.905106 0
  149.317383 84.0 0
  149.472183 48.0 0
  149.577805 36.0 0
  149.641724 196.0 0
  149.797546 236.0 0
  149.80418400000002 124.0 0
  149.876785 148.0 0
  150.522842 64.0 0
  150.553772 264.0 0
  150.73100300000002 56.0 0
  151.05148300000002 336.0 0
  151.107132 184.0 0
  151.29641700000002 168.0 0
  151.376678 23.00481 0
  151.421173 148.0 0
  152.01448100000002 1696.0 1
  152.15957600000002 192.0 0
  152.43283100000002 148.0 0
  153.00375400000001 137.0 0
  153.049133 166.0 0
  153.076797 424.0 0
  153.29719500000002 212.0 0
  154.075256 33.627258 0
  154.4189 180.0 0
  154.65316800000002 204.0 0
  154.815872 156.0 0
  154.916275 136.0 0
  155.022308 752.0 1
  155.08758500000002 136.0 0
  155.16095 204.0 0
  155.215393 72.0 0
  156.05749500000002 132.0 0
  156.263168 44.0 0
  156.582153 136.0 0
  156.745407 120.0 0
  157.065811 312.0 0
  157.22988900000001 120.0 0
  157.464493 204.0 0
  158.365494 68.0 0
  158.522781 148.0 0
  158.537079 232.0 0
  158.618698 7.130208 0
  158.729935 152.0 0
  158.831848 148.0 0
  159.119614 508.0 0
  159.24443100000002 164.0 0
  159.337128 192.0 0
  159.395035 116.0 0
  159.471756 80.0 0
  159.639938 148.0 0
  159.92283600000002 112.0 0
  160.016006 286876.0 242
  160.044678 228.0 0
  160.111786 15516.0 13
  160.480118 2.25 0
  160.87638900000002 204.0 0
  161.28019700000002 232.0 0
  161.35226400000002 148.0 0
  161.505753 96.0 0
  161.55813600000002 140.0 0
  162.093063 376.0 0
  162.437363 144.0 0
  162.61874400000002 164.0 0
  162.859589 112.0 0
  162.977066 180.0 0
  163.100189 124.0 0
  163.66369600000002 6.747449 0
  163.89459200000002 116.0 0
  164.025757 340.0 0
  164.09608500000002 208.0 0
  164.93550100000002 184.0 0
  165.068161 292.116394 0
  165.15889 136.0 0
  165.74336200000002 108.0 0
  166.297974 168.0 0
  166.517502 112.0 0
  166.59063700000002 192.0 0
  166.94274900000002 128.0 0
  167.033386 552.0 0
  167.073608 5904.0 5
  167.131699 180.0 0
  167.250046 156.0 0
  168.063187 200.0 0
  168.098129 176.0 0
  168.697311 100.0 0
  169.04483000000002 648.0 1
  169.12934900000002 208.0 0
  169.380753 144.0 0
  169.779449 76.0 0
  169.9216 220.0 0
  170.02589400000002 390.485291 0
  170.058624 176.0 0
  170.11085500000002 160.0 0
  170.24897800000002 18.34248 0
  170.448837 88.0 0
  170.62879900000001 148.0 0
  170.63798500000001 192.0 0
  170.817688 108.0 0
  171.034088 892.628479 1
  171.084335 308.0 0
  171.110092 8920.0 8
  171.12333700000002 216.0 0
  171.159256 160.0 0
  171.734467 96.0 0
  171.943726 156.0 0
  172.181793 208.0 0
  172.208817 148.0 0
  172.255112 80.0 0
  172.304291 52.0 0
  173.105927 124.0 0
  173.586884 188.0 0
  173.661621 64.0 0
  173.94426 216.0 0
  174.046448 156.0 0
  174.11293 180.0 0
  174.760773 52.0 0
  175.003036 92.0 0
  175.147018 126.465401 0
  175.165527 500.0 0
  175.524643 56.0 0
  175.68803400000002 80.0 0
  176.091049 156.0 0
  176.130951 8.68889 0
  177.149743 304.0 0
  177.22901900000002 9.826471 0
  178.020554 124.0 0
  178.52710000000002 152.0 0
  178.72728 0.418734 0
  179.055801 9398.0 8
  179.082672 132.0 0
  179.22013900000002 156.0 0
  179.545059 48.0 0
  179.672043 3.266667 0
  179.692078 136.0 0
  179.73378 208.0 0
  180.026566 176.0 0
  180.081909 144.0 0
  180.476334 68.0 0
  180.886551 140.0 0
  181.06514 400.0 0
  181.476013 124.0 0
  181.553223 156.0 0
  181.701859 168.0 0
  181.966217 208.0 0
  182.049225 17010.0 14
  183.084137 144.0 0
  183.18069500000001 48.0 0
  183.292053 196.0 0
  183.300186 140.0 0
  183.742188 2.449074 0
  183.773788 112.0 0
  183.955353 32.0 0
  184.039154 450.430603 0
  184.13330100000002 40.80658 0
  184.285461 104.0 0
  184.747253 124.0 0
  185.09642 700.0 1
  185.165085 48.0 0
  185.21994 112.0 0
  185.494247 48.0 0
  186.002777 3546.0 3
  186.06774900000002 200.0 0
  186.187485 156.0 0
  186.433212 52.0 0
  186.56784100000002 148.0 0
  187.109726 327.599396 0
  187.126968 144.0 0
  187.389038 180.0 0
  188.05676300000002 148.0 0
  188.11750800000002 152.0 0
  188.62977600000002 180.0 0
  189.00006100000002 164.0 0
  189.086716 168.0 0
  189.21566800000002 180.0 0
  189.301636 88.0 0
  189.39372300000002 132.0 0
  189.692642 168.0 0
  189.888138 120.0 0
  189.93180800000002 116.0 0
  190.592041 36.0 0
  191.033218 1733.0 1
  191.060547 4621.25 4
  191.0728 4867.314941 4
  191.22210700000002 108.0 0
  191.235733 108.0 0
  192.059097 176.0 0
  192.590225 176.0 0
  192.979996 166124.0 140
  193.054092 13.74273 0
  193.05783100000002 104.0 0
  193.30247500000002 72.0 0
  193.34697 140.0 0
  193.36351000000002 104.0 0
  193.478394 116.0 0
  193.96606400000002 152.0 0
  194.016037 240.0 0
  194.97662400000002 172.0 0
  195.113907 124.0 0
  195.183472 128.0 0
  195.578705 112.0 0
  195.641174 28.0 0
  195.701904 132.0 0
  195.72901900000002 68.0 0
  195.782715 204.0 0
  195.888123 144.0 0
  196.067642 388.0 0
  196.08770800000002 688.0 1
  196.098511 4772.0 4
  196.187622 112.0 0
  196.273514 104.0 0
  197.038162 132.0 0
  197.068802 1009.0 1
  197.082245 140.0 0
  197.11055000000002 64.0 0
  197.700928 80.0 0
  197.79130600000002 44.0 0
  198.591309 84.0 0
  198.964539 3.539216 0
  199.014282 180.0 0
  199.041855 432.0 0
  199.200677 112.0 0
  199.830002 188.0 0
  200.10032 1005.0 1
  200.105881 15.55254 0
  201.04769900000002 204.0 0
  201.07638500000002 212.0 0
  201.08169600000002 184.0 0
  201.301208 268.0 0
  201.386185 216.0 0
  201.445007 80.0 0
  201.551453 40.0 0
  201.857681 48.0 0
  202.12439 132.0 0
  202.697937 136.0 0
  202.726257 96.0 0
  202.795395 168.0 0
  203.001846 104.0 0
  203.156509 156.0 0
  203.513245 8.284091 0
  204.935224 13057.0 11
  205.046685 7390.0 6
  205.085876 328.0 0
  205.221313 152.0 0
  205.297424 152.0 0
  205.33519 216.0 0
  205.59819000000002 148.0 0
  206.029053 116.0 0
  206.618988 22.328951 0
  206.89459200000002 136.0 0
  206.95399500000002 224.0 0
  207.01400800000002 4127.0 3
  207.07693500000002 6240.0 5
  207.288849 108.0 0
  207.97743200000002 96.0 0
  208.022873 284.0 0
  208.391678 140.0 0
  209.01554900000002 14.814508 0
  209.034851 180.0 0
  209.565933 108.0 0
  210.104401 28.47666 0
  210.523788 56.0 0
  210.898804 160.0 0
  211.031113 64.0 0
  211.03358500000002 212.0 0
  211.046173 216.0 0
  211.084427 1532.0 1
  211.95420800000002 124.0 0
  211.993851 55.44899 0
  212.091734 1.0 0
  212.111389 156.0 0
  212.130219 576.0 0
  212.42511000000002 184.0 0
  212.977914 104.0 0
  213.042435 236.0 0
  213.19708300000002 36.0 0
  213.587265 144.0 0
  214.121811 148.0 0
  214.964737 108.0 0
  215.109979 152.0 0
  215.124084 180.0 0
  215.14888000000002 172.0 0
  215.898804 160.0 0
  216.50645400000002 27.955641 0
  217.120758 20868.0 18
  217.124954 100.0 0
  217.16301 144.0 0
  218.077698 456.0 0
  218.366028 40.0 0
  220.083328 148.0 0
  220.303909 116.0 0
  220.505615 44.0 0
  220.536041 164.0 0
  220.95562700000002 55.00116 0
  221.098282 144.689804 0
  222.065765 156.0 0
  222.289612 112.0 0
  223.11026 2552.0 2
  223.431732 41.796051 0
  223.57670000000002 88.0 0
  224.024063 29.338171 0
  224.078461 25.493361 0
  224.329407 11.565751 0
  224.57148700000002 36.0 0
  224.80650300000002 160.0 0
  225.12939500000002 152.0 0
  225.15522800000002 212.0 0
  225.867737 108.0 0
  226.22319000000002 156.0 0
  226.869843 168.0 0
  226.8983 112.0 0
  227.023056 9192.0 8
  227.107391 31.15691 0
  227.145126 496.0 0
  227.198944 176.0 0
  228.103104 256.0 0
  229.113495 152.0 0
  229.65451000000002 76.0 0
  229.778671 160.0 0
  230.054855 6969.0 6
  230.152557 196.0 0
  230.954102 8.860119 0
  231.152231 1672.0 1
  231.699478 136.0 0
  232.211487 68.0 0
  232.216476 216.0 0
  232.43919400000001 132.0 0
  232.64004500000001 80.0 0
  233.60943600000002 156.0 0
  233.80242900000002 38.168091 0
  234.73185700000002 168.0 0
  235.300522 48.0 0
  236.56774900000002 152.0 0
  236.876892 52.0 0
  237.115494 2000.0 2
  238.228195 176.0 0
  239.10865800000002 108.0 0
  240.03732300000001 346.0 0
  240.76860000000002 116.0 0
  241.76602200000002 244.0 0
  242.012177 68.0 0
  242.210602 76.0 0
  242.429031 212.0 0
  242.51088000000001 84.0 0
  242.985153 316.0 0
  243.00633200000001 132.0 0
  243.116104 1012.0 1
  243.98936500000002 92.0 0
  244.47026100000002 7.721847 0
  245.11566200000001 31608.0 27
  245.649597 96.0 0
  247.696976 128.0 0
  247.75628700000001 56.0 0
  248.48764 100.0 0
  249.19892900000002 236.0 0
  249.777374 140.0 0
  249.821686 60.0 0
  250.057007 1185132.0 999
  250.090836 288.0 0
  250.931839 144.0 0
  251.505875 68.0 0
  252.115387 136.0 0
  252.46000700000002 184.0 0
  253.078903 196.0 0
  253.14698800000002 148.0 0
  253.165649 200.0 0
  253.512054 120.0 0
  253.92790200000002 30.522791 0
  255.01327500000002 132.0 0
  255.030045 348.0 0
  255.470932 96.0 0
  257.03964199999996 152.0 0
  257.05706799999996 42.87405 0
  258.04324299999996 248.0 0
  258.139893 248.0 0
  258.925781 164.0 0
  259.131439 144.0 0
  260.096405 112.0 0
  260.210785 132.0 0
  261.068115 144.0 0
  261.075562 956.0 1
  261.90191699999997 160.0 0
  263.716217 124.0 0
  263.726471 172.0 0
  264.193994 120.0 0
  266.76358 96.0 0
  268.059967 158.973404 0
  268.107941 2052.0 2
  268.16232299999996 17.93391 0
  268.369965 52.0 0
  268.463715 128.0 0
  268.54580699999997 224.0 0
  269.18945299999996 932.0 1
  269.864868 36.0 0
  271.17520099999996 92.0 0
  271.665771 104.0 0
  273.068939 599.0 1
  273.820831 152.0 0
  273.83590699999996 124.0 0
  274.20773299999996 80.0 0
  274.490326 200.0 0
  276.472198 52.0 0
  277.089539 464.0 0
  277.47378499999996 184.0 0
  277.828644 56.0 0
  279.012543 148.0 0
  279.122345 1400.0 1
  279.18853099999995 184.0 0
  280.447021 176.0 0
  280.75219699999997 100.0 0
  280.759033 144.0 0
  281.07440199999996 188.0 0
  281.11416599999995 404.0 0
  281.123718 440.0 0
  281.417023 92.0 0
  282.01199299999996 124.0 0
  282.09442099999995 184.0 0
  283.939148 196.0 0
  285.03259299999996 1290.0 1
  286.85693399999997 96.0 0
  287.075378 240.0 0
  288.11676 116.0 0
  289.13356899999997 184.0 0
  289.13861099999997 432.0 0
  290.0 2.66E-4 0
  290.082336 260.0 0
  292.602783 172.0 0
  294.299896 60.0 0
  294.70516999999995 112.0 0
  295.16162099999997 104.0 0
  296.25649999999996 31.382071 0
  296.49825999999996 80.0 0
  298.03268399999996 132.0 0
  298.19442699999996 188.0 0
  298.70404099999996 176.0 0
  299.18197 876.0 1
  299.506989 11.8375 0
  302.769653 132.0 0
  303.017816 341.0 0
  303.089722 41.0 0
  303.12582399999997 192.0 0
  303.188538 1856.0 2
  305.148651 108.0 0
  309.164917 180.0 0
  310.14471399999996 168.0 0
  310.739868 212.0 0
  311.36871299999996 132.0 0
  312.29513499999996 15.27273 0
  312.64273099999997 112.0 0
  313.039246 60.0 0
  314.11141999999995 196.0 0
  315.257013 92.0 0
  316.140564 31749.0 27
  316.973572 40.0 0
  317.56781 148.0 0
  317.981567 152.0 0
  318.935394 120.0 0
  320.015564 280.0 0
  320.175171 216.0 0
  321.22293099999996 148.0 0
  321.24069199999997 68.0 0
  321.29315199999996 132.0 0
  322.108521 4.458333 0
  326.48580899999996 108.0 0
  327.09259 144.0 0
  332.770599 224.0 0
  333.99499499999996 172.0 0
  335.27124 140.0 0
  336.21331799999996 152.0 0
  336.415894 96.0 0
  337.605591 152.0 0
  340.14975 84.0 0
  342.50296 184.0 0
  342.57913199999996 136.0 0
  344.29177899999996 204.0 0
  347.13739 144.0 0
  349.92941299999995 38.485291 0
  350.068024 9460.0 8
  350.26147499999996 140.0 0
  352.04272499999996 117976.0 99
//
