ACCESSION: CCMSLIB00000085692
RECORD_TITLE: decoy
DATE: 2015.11.20
AUTHORS: Administrator
LICENSE: CC BY-SA
CH$NAME: decoy
CH$COMPOUND_CLASS: Natural Product
CH$FORMULA: C19H22FN3O
CH$EXACT_MASS: 327.174690544
CH$SMILES: N/A
CH$IUPAC: decoy
CH$LINK: N/A
AC$INSTRUMENT: decoy
AC$INSTRUMENT_TYPE: decoy
AC$MASS_SPECTROMETRY: MS_TYPE MS2
AC$MASS_SPECTROMETRY: ION_MODE POSITIVE
AC$MASS_SPECTROMETRY: COLLISION_ENERGY 10 V
MS$FOCUSED_ION: PRECURSOR_M/Z 328
MS$FOCUSED_ION: PRECURSOR_TYPE [M+H]+
PK$NUM_PEAK: 1299
PK$PEAK: m/z int. rel.int.
  44.980717 164.0 0
  45.266609 176.0 0
  45.502487 180.0 0
  45.583168 192.0 0
  45.666203 208.0 0
  46.053452 180.0 0
  46.215168 104.0 0
  46.502476 136.0 0
  46.52718 156.0 0
  47.016605 220.0 0
  47.041531 192.0 0
  47.294357 204.0 0
  47.36092 184.0 0
  48.0294 204.0 0
  48.201416 100.0 0
  48.475834 176.0 0
  48.4977 144.0 0
  48.5359 148.0 0
  48.720375000000004 212.0 0
  49.086536 188.0 0
  49.25486 176.0 0
  49.803261 240.0 0
  50.224335 68.0 0
  50.346149000000004 84.0 0
  50.543056 256.0 0
  50.795811 104.0 0
  50.984909 156.0 0
  51.651527 172.0 0
  52.029011000000004 164.0 0
  52.222374 200.0 0
  52.416409 160.0 0
  52.619213 48.0 0
  53.319019000000004 192.0 0
  53.470833 112.0 0
  53.72995 128.0 0
  53.754971000000005 316.0 0
  54.483929 164.0 0
  54.683826 228.0 0
  54.708111 116.0 0
  54.829994 240.0 0
  54.977673 148.0 0
  55.491302000000005 188.0 0
  56.475155 172.0 0
  56.601345 140.0 0
  56.813118 196.0 0
  57.632599 144.0 0
  57.750286 40.0 0
  57.874741 192.0 0
  57.935947 72.0 0
  58.015877 148.0 0
  58.028893000000004 5650.315918 2
  58.158833 200.0 0
  58.43589 224.0 0
  59.0942 88.0 0
  60.257706 60.0 0
  60.509678 84.0 0
  60.908928 144.0 0
  61.520393 188.0 0
  61.557003 224.0 0
  61.567612000000004 244.0 0
  61.654884 204.0 0
  62.356476 160.0 0
  62.382065000000004 204.0 0
  62.51944 148.0 0
  62.711163 232.0 0
  63.175926000000004 144.0 0
  63.671032000000004 164.0 0
  63.995415 196.0 0
  64.391815 148.0 0
  64.860123 212.0 0
  65.15270199999999 176.0 0
  65.51565599999999 168.0 0
  65.57685099999999 164.0 0
  65.834862 172.0 0
  65.885826 216.0 0
  65.920761 176.0 0
  66.064003 160.0 0
  66.448341 120.0 0
  66.75518 104.0 0
  67.14492 164.0 0
  67.54472399999999 156.0 0
  67.716736 56.0 0
  67.771553 180.0 0
  67.83874499999999 200.0 0
  67.958061 116.0 0
  68.076172 144.0 0
  68.44444299999999 104.0 0
  68.816544 160.0 0
  68.84587099999999 176.0 0
  69.073883 208.0 0
  69.129532 40.0 0
  69.57328 200.0 0
  69.700302 272.0 0
  70.06597099999999 10721.580078 3
  70.273895 220.0 0
  70.427872 164.0 0
  70.96414899999999 176.0 0
  71.81513199999999 176.0 0
  72.23496999999999 196.0 0
  72.239037 176.0 0
  72.572037 88.0 0
  72.72584499999999 180.0 0
  72.88649 164.0 0
  73.10333999999999 180.0 0
  73.27005799999999 176.0 0
  73.487915 120.0 0
  73.82502699999999 200.0 0
  73.909523 128.0 0
  73.981415 160.0 0
  74.085663 192.0 0
  74.77649699999999 112.0 0
  74.86209099999999 232.0 0
  75.705635 124.0 0
  76.18386799999999 188.0 0
  76.46881099999999 228.0 0
  76.804817 368.0 0
  77.039215 100.526604 0
  77.079521 136.0 0
  77.11333499999999 224.0 0
  77.122681 120.0 0
  77.17637599999999 168.0 0
  77.39349399999999 164.0 0
  77.57927699999999 124.0 0
  78.110306 108.0 0
  78.300095 188.0 0
  78.323112 164.0 0
  78.47775299999999 164.0 0
  78.670547 124.0 0
  78.74896199999999 208.0 0
  78.85582699999999 240.0 0
  78.894104 212.0 0
  78.98121599999999 136.0 0
  80.37493099999999 172.0 0
  80.618287 52.0 0
  80.64149499999999 252.0 0
  81.99227099999999 412.0 0
  82.10550699999999 172.0 0
  82.231674 192.0 0
  82.34677099999999 196.0 0
  82.509727 176.0 0
  82.662865 152.0 0
  83.10632299999999 156.0 0
  83.604851 152.0 0
  83.80187199999999 164.0 0
  84.21861299999999 176.0 0
  84.529564 156.0 0
  85.08165699999999 124.0 0
  86.64312 224.0 0
  87.061883 192.0 0
  87.39628599999999 176.0 0
  87.83867599999999 148.0 0
  87.985153 184.0 0
  88.525375 176.0 0
  88.85221899999999 156.0 0
  89.457405 212.0 0
  89.524239 152.0 0
  89.77958699999999 168.0 0
  89.966431 156.0 0
  90.513696 140.0 0
  90.6073 168.0 0
  90.72969099999999 148.0 0
  91.65831 148.0 0
  91.869682 40.0 0
  92.273933 144.0 0
  92.581482 172.0 0
  93.01014699999999 168.0 0
  93.03055599999999 180.0 0
  93.753738 160.0 0
  94.055359 124.0 0
  94.18848399999999 256.0 0
  94.39885699999999 108.0 0
  95.016708 180.0 0
  95.085724 188.0 0
  95.135391 232.0 0
  95.77005799999999 200.0 0
  95.83727999999999 120.0 0
  95.86556999999999 120.0 0
  95.967125 140.0 0
  96.019402 712.0 0
  96.176445 156.0 0
  96.21623199999999 196.0 0
  96.58946999999999 232.0 0
  96.60408 164.0 0
  96.822052 132.0 0
  97.02744299999999 132.0 0
  97.17079199999999 152.0 0
  97.524323 196.0 0
  97.54281599999999 224.0 0
  97.548019 120.0 0
  97.64993299999999 148.0 0
  97.692352 152.0 0
  97.702309 236.0 0
  97.83071899999999 168.0 0
  98.088791 176.0 0
  98.35314199999999 52.0 0
  98.621758 144.0 0
  98.900246 232.0 0
  99.04776 528.0 0
  99.220985 56.0 0
  99.321297 160.0 0
  99.72309899999999 160.0 0
  100.17015099999999 112.0 0
  100.27064499999999 19.803419 0
  100.40422099999999 208.0 0
  100.877327 100.0 0
  100.92111999999999 104.0 0
  100.938255 192.0 0
  100.95891599999999 92.0 0
  100.97505199999999 108.0 0
  100.988266 128.0 0
  101.021149 173.786896 0
  101.08854699999999 284.0 0
  101.185966 156.0 0
  101.56044 204.0 0
  101.602318 192.0 0
  101.633949 48.0 0
  101.75237299999999 164.0 0
  101.78654499999999 72.0 0
  101.948341 288.0 0
  102.046692 212.0 0
  102.05502299999999 1536.0 0
  102.094223 268.0 0
  102.219467 52.0 0
  102.450333 64.0 0
  102.651855 60.0 0
  102.696907 152.0 0
  102.97076399999999 44.0 0
  102.99954199999999 132.0 0
  103.06028699999999 180.0 0
  103.234489 144.0 0
  103.287476 152.0 0
  103.290527 148.0 0
  103.473709 220.0 0
  103.658165 196.0 0
  103.706863 116.0 0
  103.90909599999999 0.331206 0
  103.994385 140.0 0
  104.080063 64.0 0
  104.43545499999999 140.0 0
  104.459869 108.0 0
  104.50769 144.0 0
  104.522522 136.0 0
  104.609314 132.0 0
  104.668579 116.0 0
  104.68637799999999 152.0 0
  104.70288099999999 216.0 0
  104.99789399999999 196.0 0
  105.066963 55.961281 0
  105.087234 176.0 0
  105.17984799999999 168.0 0
  105.19562499999999 124.0 0
  105.21762799999999 64.0 0
  105.290291 160.0 0
  105.299454 196.0 0
  105.32702599999999 196.0 0
  105.53994 164.0 0
  105.67178299999999 64.0 0
  105.82495899999999 100.0 0
  105.927437 112.0 0
  105.96685799999999 156.0 0
  106.004898 204.0 0
  106.038918 184.0 0
  106.07228099999999 176.0 0
  106.11389199999999 44.0 0
  106.285004 13.19048 0
  106.30120799999999 176.0 0
  106.371544 120.0 0
  106.416603 180.0 0
  106.66220899999999 172.0 0
  106.687714 80.0 0
  106.743393 128.0 0
  106.854187 104.0 0
  106.87784599999999 64.0 0
  107.03295899999999 188.0 0
  107.09223899999999 208.0 0
  107.10260799999999 244.0 0
  107.248871 32.0 0
  107.34288799999999 212.0 0
  107.378304 164.0 0
  107.927635 152.0 0
  108.22444899999999 200.0 0
  108.420181 64.347221 0
  108.68577599999999 160.0 0
  108.735962 4.963235 0
  108.88636799999999 180.0 0
  108.922241 172.0 0
  109.08125299999999 168.0 0
  109.084976 156.0 0
  109.098686 312.0 0
  109.242081 160.0 0
  109.43687399999999 48.0 0
  109.57712599999999 192.0 0
  109.59117099999999 144.0 0
  109.779045 184.0 0
  109.885345 140.0 0
  110.06983199999999 267.125 0
  110.10760499999999 152.0 0
  110.13596299999999 48.0 0
  110.559097 108.0 0
  110.670074 100.0 0
  110.771339 180.0 0
  111.138832 21.895321 0
  111.223389 48.0 0
  111.28886399999999 132.0 0
  111.30779299999999 132.0 0
  111.408684 176.0 0
  111.548592 140.0 0
  111.84728199999999 132.0 0
  112.006699 172.0 0
  112.013657 152.0 0
  112.060463 48.0 0
  112.34556599999999 40.0 0
  112.56882499999999 88.0 0
  112.668976 64.0 0
  112.905182 144.0 0
  112.97372399999999 156.0 0
  113.267738 188.0 0
  113.55931899999999 104.0 0
  113.594353 152.0 0
  113.77370499999999 160.0 0
  114.299568 196.0 0
  114.532303 168.0 0
  115.05227699999999 661.0 0
  115.05471 376.0 0
  115.12545 200.0 0
  115.285713 172.0 0
  115.449631 10.8375 0
  115.470154 68.0 0
  115.48913599999999 184.0 0
  116.054192 208.0 0
  116.05635799999999 168.0 0
  116.092484 160.0 0
  116.20034 132.0 0
  116.33775299999999 204.0 0
  116.431221 140.0 0
  116.493118 120.0 0
  116.768402 408.0 0
  116.849243 96.0 0
  116.931557 180.0 0
  117.07086199999999 452.0 0
  117.163963 32.0 0
  117.28203599999999 152.0 0
  117.292496 22.44511 0
  117.29892 236.0 0
  117.31841999999999 16.50139 0
  117.38915999999999 168.0 0
  117.431648 168.0 0
  117.54293799999999 128.0 0
  118.034599 104.0 0
  118.039993 116.0 0
  118.07296799999999 180.0 0
  118.09247599999999 148.0 0
  118.38851899999999 108.0 0
  118.602684 100.0 0
  118.799911 176.0 0
  118.80830399999999 216.0 0
  118.906487 172.0 0
  119.012779 164.0 0
  119.022003 134328.0 38
  119.051521 212.0 0
  119.055832 168.0 0
  119.07251699999999 168.0 0
  119.240494 196.0 0
  119.41004199999999 144.0 0
  119.675568 132.0 0
  119.70652799999999 204.0 0
  119.762695 220.0 0
  119.84851099999999 164.0 0
  119.868477 140.0 0
  120.04212199999999 98.313087 0
  120.17448399999999 240.0 0
  120.25557699999999 128.0 0
  120.266579 204.0 0
  120.503143 160.0 0
  120.512947 212.0 0
  120.548424 368.0 0
  120.641228 10.89382 0
  120.745224 124.0 0
  121.025497 989.0 0
  121.1558 36.0 0
  121.31891599999999 32.0 0
  121.429993 132.0 0
  121.458817 200.0 0
  121.515968 204.0 0
  121.64870499999999 48.0 0
  122.03227199999999 72.0 0
  122.09374199999999 144.0 0
  122.26999699999999 120.0 0
  122.382622 176.0 0
  122.50589799999999 164.0 0
  122.703651 148.0 0
  123.052132 180.0 0
  123.104851 1104.0 0
  123.124344 128.0 0
  123.145973 292.0 0
  123.45352899999999 52.0 0
  123.564224 132.0 0
  123.86340299999999 200.0 0
  123.890907 204.0 0
  123.952141 152.0 0
  124.049522 1037.0 0
  124.078064 112.0 0
  124.272751 144.0 0
  124.324936 156.0 0
  124.571815 172.0 0
  124.73080399999999 168.0 0
  125.059013 892.0 0
  125.348473 136.0 0
  125.39255499999999 80.0 0
  125.40834799999999 1.633333 0
  125.49619299999999 124.0 0
  125.80188799999999 148.0 0
  125.81137799999999 196.0 0
  125.84346 96.0 0
  126.04427299999999 320.0 0
  126.086861 140.0 0
  126.162476 39.897659 0
  126.36183199999999 172.0 0
  126.685074 32.0 0
  126.860931 152.0 0
  126.880989 48.0 0
  126.998421 72.0 0
  127.053513 1172.0 0
  127.10730699999999 4.774123 0
  127.22035199999999 276.0 0
  127.32524099999999 180.0 0
  127.42656699999999 196.0 0
  127.507797 212.0 0
  127.536896 92.0 0
  127.605217 112.0 0
  127.652969 144.0 0
  128.011917 200.0 0
  128.06189 1556.0 0
  128.071182 76.0 0
  128.090805 952.0 0
  128.093933 132.0 0
  128.210678 228.0 0
  128.382523 212.0 0
  128.669373 212.0 0
  129.225357 180.0 0
  129.353531 45.74551 0
  129.429138 208.0 0
  129.97464000000002 184.0 0
  129.991028 176.0 0
  130.039093 1344.0 0
  130.08595300000002 512.0 0
  130.25387600000002 96.0 0
  130.304718 17.472219 0
  130.38441500000002 148.0 0
  130.761627 124.0 0
  130.94700600000002 2680.0 1
  130.98703 260.0 0
  131.005402 96.0 0
  131.01989700000001 156.0 0
  131.042313 124.0 0
  131.048508 188.0 0
  131.07766700000002 156.0 0
  131.085068 836.0 0
  131.14759800000002 148.0 0
  131.52034 192.0 0
  132.078217 216.0 0
  132.27645900000002 160.0 0
  132.546082 164.0 0
  132.67918400000002 52.0 0
  132.812607 164.0 0
  132.900848 140.0 0
  132.971161 244.0 0
  132.98928800000002 180.0 0
  132.99717700000002 124.0 0
  133.025223 20885.0 6
  133.039139 9404.0 3
  133.06504800000002 144.0 0
  133.069092 240.0 0
  133.098114 220.0 0
  133.244141 49.340279 0
  133.362122 200.0 0
  133.732101 136.0 0
  133.928986 144.0 0
  134.041946 164.0 0
  134.15451000000002 68.0 0
  134.181351 140.0 0
  134.225052 192.0 0
  134.424271 160.0 0
  134.488998 168.0 0
  134.516266 52.0 0
  134.866837 204.0 0
  134.98271200000002 204.0 0
  135.023773 11.77778 0
  135.032196 536.0 0
  135.04118300000002 68.0 0
  135.048294 196.0 0
  135.050827 156.0 0
  135.063004 144.0 0
  135.07785 776.0 0
  135.089996 204.0 0
  135.183228 21.061399 0
  135.388138 10.36594 0
  135.690933 192.0 0
  135.7229 240.0 0
  135.752731 108.0 0
  135.88647500000002 80.0 0
  135.966003 112.0 0
  135.970856 176.0 0
  136.04895000000002 292.0 0
  136.07139600000002 824.0 0
  137.093628 346.330902 0
  137.138123 80.0 0
  137.24705500000002 172.0 0
  137.258621 260.0 0
  137.553726 160.0 0
  137.949341 224.0 0
  137.981781 188.0 0
  138.02594000000002 115.996696 0
  138.09693900000002 100.0 0
  138.24762 168.0 0
  138.479034 180.0 0
  138.72670000000002 136.0 0
  138.87912 148.0 0
  138.88282800000002 96.0 0
  138.97258000000002 184.0 0
  139.014511 160.0 0
  139.06261600000002 228.0 0
  139.072708 345.725311 0
  139.174576 140.0 0
  139.585724 208.0 0
  139.67764300000002 140.0 0
  139.852798 164.0 0
  140.048065 208.0 0
  140.057938 9880.0 3
  140.368759 6.432398 0
  140.408524 192.258499 0
  140.563828 30.27574 0
  141.031876 136.0 0
  141.064392 180.0 0
  141.066498 1351.0 0
  141.070312 1108.0 0
  141.251709 60.0 0
  141.476776 6.710784 0
  141.639236 204.0 0
  141.79068 40.0 0
  141.818146 132.0 0
  142.06002800000002 172.0 0
  142.06268300000002 80.728569 0
  142.065323 816.0 0
  142.075577 4.662725 0
  142.181168 196.0 0
  142.341125 196.0 0
  142.394363 92.0 0
  142.53916900000002 216.0 0
  142.541962 160.0 0
  143.221024 144.0 0
  143.230423 40.0 0
  143.283875 164.0 0
  143.41836500000002 6.351191 0
  143.47619600000002 88.0 0
  143.48751800000002 68.0 0
  144.064331 296.0 0
  144.09085100000001 384.0 0
  144.28907800000002 240.0 0
  144.52430700000002 72.0 0
  144.603867 136.0 0
  145.0224 108.0 0
  145.025833 1407.0 0
  145.040512 127.0 0
  145.06701700000002 41.890339 0
  145.198868 56.0 0
  145.529282 184.0 0
  145.66355900000002 164.0 0
  145.92189000000002 108.0 0
  146.01499900000002 2267.0 1
  146.022781 748.0 0
  146.08174100000002 48.0 0
  146.260437 184.0 0
  146.457291 164.0 0
  146.69052100000002 132.0 0
  146.738312 160.0 0
  147.03585800000002 164.0 0
  147.042923 792.0 0
  147.052185 180.0 0
  147.074127 148.0 0
  147.078476 168.0 0
  147.080826 37992.0 11
  147.091309 680.0 0
  147.11282300000002 208.0 0
  147.122812 136.0 0
  147.191452 176.0 0
  147.34487900000002 164.0 0
  147.408554 136.0 0
  147.553177 208.0 0
  147.830872 184.0 0
  147.90870700000002 116.0 0
  148.044174 1051.0 0
  148.322021 92.0 0
  148.453247 6.772321 0
  148.517593 64.0 0
  148.549286 96.0 0
  148.633743 136.0 0
  148.646545 128.0 0
  148.67385900000002 144.0 0
  148.999817 112.0 0
  149.346008 44.54834 0
  149.889725 148.0 0
  149.982681 144.0 0
  150.02705400000002 456.0 0
  150.069443 224.0 0
  150.101944 176.0 0
  150.10681200000002 41.55682 0
  150.32118200000002 140.0 0
  150.45614600000002 56.0 0
  151.05938700000002 476.0 0
  151.258972 42.107761 0
  151.70442200000002 164.0 0
  152.056229 160.0 0
  152.070816 936.0 0
  152.125046 156.0 0
  152.136337 148.0 0
  152.15567000000001 164.0 0
  152.57482900000002 160.0 0
  152.60467500000001 144.0 0
  152.96460000000002 56.0 0
  153.010651 208.0 0
  153.43489100000002 132.0 0
  153.455811 144.0 0
  153.758438 132.0 0
  153.812332 208.0 0
  153.968781 152.0 0
  154.041946 164.0 0
  154.231918 88.0 0
  154.324509 236.0 0
  154.335281 116.0 0
  154.723801 84.0 0
  154.774887 196.0 0
  155.04788200000002 452.0 0
  155.077957 168.0 0
  155.296783 172.0 0
  155.56710800000002 200.0 0
  155.689346 144.0 0
  155.784134 204.0 0
  155.927048 164.0 0
  155.93652300000002 164.0 0
  156.001831 140.0 0
  156.038315 4996.0 1
  156.052673 44.0 0
  156.08195500000002 95.648216 0
  156.113739 156.0 0
  156.16243 160.0 0
  156.178726 120.0 0
  156.34745800000002 180.0 0
  156.934335 196.0 0
  157.01889 144.0 0
  157.026047 140.0 0
  157.04805000000002 10303.0 3
  157.087997 56.0 0
  157.09075900000002 1711.0 0
  157.106049 368.0 0
  157.178482 144.0 0
  157.43129000000002 172.0 0
  157.61450200000002 212.0 0
  157.72937000000002 120.0 0
  157.831558 152.0 0
  158.057297 212.0 0
  158.060089 6636.0 2
  158.17295800000002 156.0 0
  158.18695100000002 128.0 0
  158.26619 148.0 0
  158.519608 15.2244 0
  158.61041300000002 9.642095 0
  158.62326000000002 200.0 0
  158.947571 292.0 0
  159.03105200000002 164.0 0
  159.051849 212.0 0
  159.07702600000002 132.0 0
  159.11142 136.0 0
  159.11779800000002 672.0 0
  159.20001200000002 16.27224 0
  159.487488 208.0 0
  159.860275 184.0 0
  159.98056 40.0 0
  160.015396 240.0 0
  160.07844500000002 35.660709 0
  160.111954 8323.94043 2
  160.35548400000002 112.0 0
  160.75186200000002 100.0 0
  160.801758 176.0 0
  160.97082500000002 184.0 0
  161.035461 116.0 0
  161.08015400000002 440.0 0
  161.136887 7837.0 2
  161.409851 100.0 0
  161.62025500000001 112.0 0
  161.668381 84.0 0
  161.806625 200.0 0
  162.08380100000002 612.0 0
  162.106094 172.0 0
  162.571152 60.0 0
  162.732178 148.0 0
  163.020355 148.0 0
  163.034988 22834.0 6
  163.05043 263.0 0
  163.078842 148.0 0
  163.139755 100.0 0
  163.14904800000002 508.0 0
  163.210068 12.49804 0
  163.39218100000002 8.342054 0
  163.431091 76.0 0
  163.55645800000002 208.0 0
  163.714676 160.0 0
  163.834686 136.0 0
  163.852463 108.0 0
  163.907578 144.0 0
  163.931091 64.0 0
  164.01705900000002 2380.0 1
  164.03732300000001 1146.0 0
  164.100128 184.0 0
  164.36106900000001 68.0 0
  164.581543 172.0 0
  164.606323 104.0 0
  164.64210500000002 128.0 0
  164.755402 48.0 0
  165.18476900000002 39.345711 0
  165.62170400000002 208.0 0
  165.656601 8.074845 0
  165.918442 156.0 0
  166.037292 192.0 0
  166.042007 216.0 0
  166.06308 116.0 0
  166.09137 176.0 0
  166.335724 20.713961 0
  166.47515900000002 36.0 0
  166.557297 164.0 0
  166.761917 140.0 0
  166.88188200000002 256.0 0
  166.910233 168.0 0
  166.98898300000002 559.0 0
  167.021973 200.0 0
  167.082703 132.0 0
  167.08474700000002 180.0 0
  167.109589 52.0 0
  167.343842 284.0 0
  167.39624 184.0 0
  167.405167 56.0 0
  167.524384 144.0 0
  167.606522 116.0 0
  167.975067 3160.0 1
  168.053726 20.07407 0
  168.058289 276.0 0
  168.21566800000002 52.0 0
  168.308548 52.0 0
  168.621689 2.027412 0
  168.93867500000002 19.65921 0
  169.04916400000002 360.0 0
  169.09161400000002 316.0 0
  169.14672900000002 19.67976 0
  169.188232 128.0 0
  169.214111 44.0 0
  169.69490100000002 204.0 0
  170.049515 120.0 0
  170.054047 154.0 0
  170.100357 152.0 0
  170.242172 160.0 0
  170.684052 160.0 0
  170.764938 168.0 0
  170.790421 144.0 0
  170.985825 104.0 0
  171.02075200000002 140.0 0
  171.042221 440.0 0
  171.576172 88.0 0
  171.797775 248.0 0
  171.95297200000002 144.0 0
  172.18666100000002 80.0 0
  172.262344 188.0 0
  172.45137 2.335648 0
  172.45787 200.0 0
  172.660019 140.0 0
  172.82247900000002 168.0 0
  172.86741600000002 176.0 0
  172.955948 756.0 0
  173.070099 24434.0 7
  173.110519 448.0 0
  173.13588000000001 144.0 0
  173.60908500000002 296.0 0
  173.758759 168.0 0
  174.001251 2.64881 0
  174.045929 176.0 0
  174.07243300000002 144.0 0
  174.095673 168.0 0
  174.101822 180.0 0
  174.901993 52.0 0
  175.056168 12.14405 0
  175.067001 160.0 0
  175.11237500000001 896.0 0
  176.098038 668.0 0
  176.10032700000002 301301.0 86
  176.12927200000001 108.674103 0
  176.250992 180.0 0
  176.34582500000002 14.59677 0
  176.607422 108.0 0
  176.62326000000002 68.0 0
  176.853363 152.0 0
  176.953125 56.0 0
  177.04727200000002 176.0 0
  177.051636 2069.0 1
  177.11557000000002 152.0 0
  177.132584 120.0 0
  177.166489 1835.0 1
  177.317947 184.0 0
  177.423767 184.0 0
  178.005402 296.0 0
  178.12896700000002 72.0 0
  178.41857900000002 228.0 0
  178.49357600000002 148.0 0
  178.62944000000002 28.0 0
  178.98703 104.0 0
  179.018295 164.0 0
  179.083069 106.894501 0
  179.085922 896.0 0
  179.328033 144.0 0
  179.39205900000002 104.0 0
  179.458481 152.0 0
  179.46502700000002 252.0 0
  179.854904 152.0 0
  180.06968700000002 1551.0 0
  180.131036 164.0 0
  180.40013100000002 124.0 0
  180.97084 148.0 0
  181.369415 48.0 0
  181.51265 148.0 0
  181.797455 340.0 0
  181.89299 44.0 0
  182.043854 10355.0 3
  182.05749500000002 208.0 0
  182.090912 2.205829 0
  182.203751 3.743056 0
  182.28019700000002 84.0 0
  182.64759800000002 184.0 0
  182.682724 200.0 0
  182.99173000000002 30.744511 0
  183.041061 3494.0 1
  183.04937700000002 88.0 0
  183.05139200000002 232.0 0
  183.062866 160.0 0
  183.085831 320.0 0
  183.102 1.0 0
  183.31774900000002 152.0 0
  183.51156600000002 112.0 0
  183.717102 80.0 0
  183.743027 192.0 0
  184.050598 268.0 0
  184.055893 216.0 0
  184.071496 1575.0 0
  184.822968 52.0 0
  185.10813900000002 196.0 0
  185.116608 200.0 0
  185.143677 176.0 0
  185.181824 0.398473 0
  185.38089000000002 164.0 0
  185.563431 140.0 0
  185.81324800000002 20.536711 0
  186.046051 304.0 0
  186.091385 1472.0 0
  186.12196400000002 44.0 0
  186.22717300000002 248.0 0
  186.30529800000002 108.0 0
  186.550812 156.0 0
  186.953857 148.0 0
  186.98735000000002 164.0 0
  187.03389 626790.0 178
  187.327515 156.0 0
  187.422226 132.0 0
  187.486526 232.0 0
  187.70166 52.0 0
  187.87709 176.0 0
  187.95764200000002 88.0 0
  188.039139 2610.0 1
  188.144257 86248.0 25
  189.042077 1013.0 0
  189.092468 192.0 0
  189.09573400000002 244.0 0
  189.099533 144.0 0
  190.094162 124.0 0
  190.50413500000002 168.0 0
  190.700027 92.0 0
  190.916504 148.0 0
  190.949524 148.0 0
  191.062851 4146.0 1
  191.93583700000002 228.0 0
  192.06987 496.0 0
  192.539795 68.0 0
  192.784805 44.0 0
  193.063995 142956.0 41
  193.088837 12700.0 4
  193.41455100000002 44.0 0
  193.53349300000002 172.0 0
  193.658432 128.0 0
  193.93640100000002 156.0 0
  194.024857 184.0 0
  194.07200600000002 384.0 0
  194.079575 284.0 0
  194.209 56.0 0
  194.327271 14.37756 0
  194.52307100000002 80.0 0
  194.62475600000002 36.0 0
  194.687592 196.0 0
  194.88595600000002 68.447357 0
  195.018204 136.0 0
  195.05976900000002 286.0 0
  195.129791 176.0 0
  195.779343 100.0 0
  196.03315700000002 1176.0 0
  196.067642 388.0 0
  196.076782 11.81349 0
  196.130692 136.0 0
  196.212387 156.0 0
  196.34996 296.0 0
  196.539688 176.0 0
  196.701944 212.0 0
  196.785309 172.0 0
  196.85936 228.0 0
  196.925613 208.0 0
  196.966248 184.0 0
  197.061691 304.0 0
  198.28916900000002 144.0 0
  198.41635100000002 188.0 0
  198.528503 196.0 0
  198.598343 48.0 0
  198.723724 140.0 0
  198.983292 160.0 0
  199.038895 104.0 0
  199.07298300000002 156.0 0
  199.293655 2.25947 0
  199.34707600000002 148.0 0
  199.547989 108.0 0
  199.559076 160.0 0
  199.76915 172.0 0
  200.06135600000002 168.0 0
  200.076355 388.0 0
  200.225784 92.0 0
  200.48237600000002 184.0 0
  200.80908200000002 13121.703125 4
  200.995728 212.0 0
  201.076324 128.0 0
  201.554672 76.0 0
  201.880829 164.0 0
  202.068085 248.0 0
  202.769226 88.0 0
  202.825272 48.0 0
  203.10453800000002 152.0 0
  203.13768000000002 2947.324951 1
  204.078415 240.0 0
  204.109955 140.0 0
  204.62686200000002 172.0 0
  204.980835 228.0 0
  205.066269 188.0 0
  205.088028 48.0 0
  205.501617 136.0 0
  205.54431200000002 28.0 0
  205.62818900000002 52.0 0
  205.677872 40.0 0
  205.780121 184.0 0
  206.04513500000002 16875.0 5
  206.06900000000002 132.0 0
  206.221176 144.0 0
  206.38815300000002 156.0 0
  206.404785 124.0 0
  206.748672 192.0 0
  206.769409 228.0 0
  206.93653600000002 235.0 0
  207.040207 448.0 0
  207.061295 4391.0 1
  207.116501 160.0 0
  207.337296 236.0 0
  207.362122 72.0 0
  207.388046 204.0 0
  208.00209 360.0 0
  208.035233 164.0 0
  208.080002 160.0 0
  208.096878 31320.0 9
  208.179138 116.0 0
  209.14038100000002 176.0 0
  209.259491 42.12112 0
  209.491135 168.0 0
  209.761154 96.0 0
  209.968704 4.349638 0
  210.12764 188.0 0
  210.159241 10.36056 0
  210.50737 4.867772 0
  210.63475 7.382936 0
  210.94674700000002 100.0 0
  211.086609 285.016815 0
  211.515793 64.0 0
  211.710617 7.972826 0
  212.07286100000002 136.0 0
  212.386597 160.0 0
  212.515305 176.0 0
  212.54585300000002 120.0 0
  212.599335 208.0 0
  212.80174300000002 188.0 0
  213.065674 155.227203 0
  213.06907700000002 140.0 0
  213.089828 19368.0 6
  213.143463 130.0 0
  213.431778 11.5 0
  213.93133500000002 148.0 0
  214.04736300000002 188.0 0
  214.066101 204.0 0
  214.090225 272.0 0
  214.311905 92.0 0
  215.022156 76.0 0
  215.050552 242.4729 0
  215.061203 5084.0 1
  215.097336 171.0 0
  215.528656 124.0 0
  215.77594000000002 60.0 0
  215.808197 40.0 0
  215.98860200000001 164.0 0
  217.00820900000002 652.0 0
  217.071198 184.0 0
  217.085831 1872.0 1
  217.097092 304.0 0
  217.108597 734.871582 0
  217.268402 4.336538 0
  218.068588 492.0 0
  218.150024 208.0 0
  218.18270900000002 252.0 0
  218.366592 216.0 0
  218.522797 48.0 0
  218.662689 232.0 0
  218.79272500000002 172.0 0
  218.86471600000002 112.0 0
  218.99795500000002 188.0 0
  219.009552 164.0 0
  219.158447 128.0 0
  219.16571000000002 164.0 0
  219.371765 60.0 0
  219.39184600000002 176.0 0
  219.63038600000002 104.0 0
  219.947723 112.0 0
  220.10273700000002 164.0 0
  220.161209 96.0 0
  220.371353 156.0 0
  220.41377300000002 56.0 0
  220.488113 160.0 0
  220.802926 140.0 0
  220.833328 1.563479 0
  220.854721 160.0 0
  220.902466 348.0 0
  221.059372 640.0 0
  221.478958 92.0 0
  221.73263500000002 128.0 0
  221.922379 232.0 0
  222.101974 128.0 0
  222.366486 256.0 0
  223.09201000000002 188.0 0
  223.145218 288.0 0
  224.905991 64.0 0
  224.910202 168.0 0
  225.028076 36.508339 0
  225.10531600000002 128.0 0
  225.18740200000002 576.0 0
  225.39518700000002 124.0 0
  225.656891 24.00403 0
  226.09111000000001 17933.0 5
  226.175781 212.0 0
  226.51516700000002 140.0 0
  227.019326 2168.0 1
  227.08015400000002 24.78537 0
  227.10423300000002 460.0 0
  227.679642 180.0 0
  228.05380200000002 144.0 0
  228.312073 140.0 0
  228.834717 140.0 0
  229.072998 3515019.0 999
  229.102509 72.0 0
  229.937149 176.0 0
  230.00730900000002 116.0 0
  230.68837000000002 48.0 0
  230.797928 48.0 0
  231.155502 132.0 0
  232.05178800000002 10016.0 3
  233.064438 172.0 0
  233.079285 207.0 0
  233.513504 40.0 0
  233.528839 208.0 0
  233.727127 168.0 0
  233.91197200000002 156.0 0
  234.446777 172.0 0
  234.679672 40.0 0
  235.05294800000001 320.0 0
  235.160324 144.0 0
  235.41128500000002 92.0 0
  235.613144 200.0 0
  236.044724 148.0 0
  236.04895000000002 38966.0 11
  236.082596 608.0 0
  236.241394 204.0 0
  236.482895 48.0 0
  236.56907700000002 44.0 0
  236.71051 52.0 0
  236.79298400000002 80.0 0
  237.045532 200.0 0
  237.327789 132.0 0
  237.739746 2.708333 0
  238.34371900000002 104.0 0
  238.44258100000002 160.0 0
  238.707413 140.0 0
  239.125244 96.0 0
  239.145248 160.0 0
  239.488495 72.0 0
  239.600342 11.5002 0
  239.976913 152.0 0
  240.04788200000002 168.0 0
  240.11244200000002 144.0 0
  240.19674700000002 148.0 0
  240.972443 152.0 0
  241.479599 168.0 0
  241.76078800000002 316.0 0
  242.042572 632.0 0
  242.052673 304.0 0
  242.429352 112.0 0
  242.82148700000002 60.0 0
  242.96897900000002 84.0 0
  243.048019 120.0 0
  243.05375700000002 227.763199 0
  243.388214 196.0 0
  243.45387300000002 15.00893 0
  243.679031 84.0 0
  244.30586200000002 180.0 0
  244.747498 152.0 0
  245.11566200000001 31608.0 9
  245.35733000000002 184.0 0
  245.76602200000002 88.0 0
  246.13046300000002 44.0 0
  246.16455100000002 36.0 0
  246.44880700000002 200.0 0
  246.547806 204.0 0
  247.243088 256.0 0
  247.260941 204.0 0
  248.862076 108.0 0
  249.069672 192.0 0
  249.47996500000002 60.0 0
  249.789917 28.75692 0
  250.035995 48717.0 14
  250.352417 30.085711 0
  250.95288100000002 140.0 0
  250.991712 315.0 0
  251.05976900000002 23162.890625 7
  251.105774 584.0 0
  251.36973600000002 44.0 0
  251.546783 268.0 0
  252.04426600000002 268.0 0
  252.074768 122.327599 0
  252.47316 212.0 0
  253.12127700000002 1436.0 0
  253.312332 108.0 0
  254.09343 156.0 0
  254.121948 248.0 0
  254.161819 272.0 0
  254.231705 9.339286 0
  254.323181 260.0 0
  254.555359 116.0 0
  255.07766700000002 6259.0 2
  255.08921800000002 160.0 0
  255.168518 140.0 0
  256.079559 212.0 0
  256.107941 492.0 0
  256.977112 144.0 0
  257.28244 80.0 0
  257.74258399999997 84.0 0
  259.14489699999996 124.0 0
  259.311584 108.0 0
  259.97866799999997 220.0 0
  261.06014999999996 140.0 0
  262.432098 92.0 0
  263.21786499999996 20.03274 0
  263.307343 144.0 0
  263.97189299999997 144.0 0
  264.197388 84.0 0
  264.519592 164.0 0
  264.687866 128.0 0
  265.128357 380.0 0
  265.429932 188.0 0
  265.564087 100.0 0
  265.889496 180.0 0
  265.90612799999997 104.0 0
  266.80749499999996 88.0 0
  267.083374 279.654388 0
  267.564514 128.0 0
  268.460327 140.0 0
  268.503784 32.0 0
  268.771729 168.0 0
  269.20226399999996 148.0 0
  269.50125099999997 156.0 0
  269.538055 48.0 0
  270.064209 104.0 0
  270.243774 188.0 0
  270.72875999999997 232.0 0
  271.02475 68.0 0
  271.10958899999997 872.0 0
  272.56539899999996 60.0 0
  272.99197399999997 404.0 0
  273.007294 156.0 0
  273.071625 112.0 0
  273.103973 359.954987 0
  273.212952 272.0 0
  273.56564299999997 112.0 0
  274.371582 152.0 0
  274.553528 132.0 0
  274.931061 184.0 0
  275.10247799999996 84973.0 24
  275.30801399999996 128.0 0
  275.676117 304.0 0
  276.04161999999997 232.0 0
  276.21795699999996 136.0 0
  279.166809 156.0 0
  279.43832399999997 56.0 0
  279.869537 28.0 0
  280.116333 524.0 0
  280.142761 100.0 0
  280.157623 92.0 0
  280.17855799999995 140.0 0
  281.044037 36.0 0
  281.09314 150.640106 0
  281.29547099999996 84.0 0
  281.42709399999995 68.0 0
  281.446808 5.875 0
  282.922913 8.818548 0
  283.30310099999997 152.0 0
  284.136505 6772.836914 2
  284.74215699999996 92.0 0
  285.082245 47.931969 0
  286.00787399999996 22.69231 0
  286.11407499999996 128.0 0
  286.779053 37.066582 0
  287.833282 60.0 0
  287.86871299999996 196.0 0
  289.16876199999996 172.0 0
  289.36227399999996 80.0 0
  290.085785 168.0 0
  290.422485 140.0 0
  290.97396899999995 144.0 0
  291.12255899999997 4160.0 1
  291.154144 180.0 0
  291.177728 544.0 0
  291.47326699999996 144.0 0
  291.656036 64.0 0
  292.016815 14.53289 0
  292.093506 124.0 0
  292.634186 36.0 0
  294.104156 144.453094 0
  294.21578999999997 8.213663 0
  294.420166 168.0 0
  295.087921 11609.0 3
  295.14755199999996 76.0 0
  296.129547 468.0 0
  297.44735699999995 112.0 0
  298.326996 108.0 0
  298.674805 304.0 0
  298.813477 152.0 0
  299.095917 118.919701 0
  299.247009 128.0 0
  299.693787 39.128132 0
  300.52655 48.0 0
  302.09860199999997 17.037359 0
  303.13109699999995 72.0 0
  303.440277 4.883184 0
  303.476166 36.0 0
  304.036774 672.0 0
  304.797516 116.0 0
  305.005707 120.0 0
  305.14822399999997 216.0 0
  305.31042499999995 88.0 0
  305.508606 15.27841 0
  308.136078 152.0 0
  309.088684 4219.0 1
  309.90686 152.0 0
  310.19168099999996 280.0 0
  310.197998 216.0 0
  311.298187 176.0 0
  311.395355 48.0 0
  314.14404299999995 3937.0 1
  314.720337 84.0 0
  314.93774399999995 76.0 0
  315.03448499999996 48.0 0
  315.555206 52.0 0
  316.13571199999996 144.0 0
  316.759308 128.0 0
  316.97824099999997 152.0 0
  318.98065199999996 216.0 0
  319.136261 100.0 0
  319.839661 152.0 0
  320.859711 33.97546 0
  321.06359899999995 148.0 0
  321.856018 29.963131 0
  321.869019 36.366402 0
  322.134735 44.065861 0
  323.164093 17891.910156 5
  326.162354 84.0 0
  327.623047 96.0 0
  328.18060299999996 912.0 0
//
