ACCESSION: CCMSLIB00000085697
RECORD_TITLE: decoy
DATE: 2015.11.20
AUTHORS: Administrator
LICENSE: CC BY-SA
CH$NAME: decoy
CH$COMPOUND_CLASS: Natural Product
CH$FORMULA: C29H44O6
CH$EXACT_MASS: 488.31378912799994
CH$SMILES: N/A
CH$IUPAC: decoy
CH$LINK: N/A
AC$INSTRUMENT: decoy
AC$INSTRUMENT_TYPE: decoy
AC$MASS_SPECTROMETRY: MS_TYPE MS2
AC$MASS_SPECTROMETRY: ION_MODE POSITIVE
AC$MASS_SPECTROMETRY: COLLISION_ENERGY 10 V
MS$FOCUSED_ION: PRECURSOR_M/Z 489
MS$FOCUSED_ION: PRECURSOR_TYPE [M+H]+
PK$NUM_PEAK: 2915
PK$PEAK: m/z int. rel.int.
  27.224836 144.0 0
  36.870191 172.0 0
  39.431436000000005 140.0 0
  44.939034 216.0 0
  45.047073000000005 184.0 0
  45.070076 204.0 0
  45.086342 140.0 0
  45.12352 148.0 0
  45.140778000000005 156.0 0
  45.183777 224.0 0
  45.269604 300.0 0
  45.554058000000005 188.0 0
  45.629871 124.0 0
  45.6661 148.0 0
  45.755665 164.0 0
  45.804619 160.0 0
  45.807842 172.0 0
  45.921318 336.0 0
  45.999825 196.0 0
  46.254311 168.0 0
  46.329521 160.0 0
  46.38657 92.0 0
  46.415844 128.0 0
  46.43486 212.0 0
  46.52544 120.0 0
  46.722187 216.0 0
  46.794922 124.0 0
  46.861336 180.0 0
  46.897667 124.0 0
  46.968430000000005 332.0 0
  47.012714 148.0 0
  47.020954 172.0 0
  47.114342 168.0 0
  47.158646000000005 136.0 0
  47.23011 128.0 0
  47.383923 176.0 0
  47.443062000000005 188.0 0
  47.484089000000004 152.0 0
  47.512672 168.0 0
  47.75639 120.0 0
  47.800686 180.0 0
  48.093239000000004 144.0 0
  48.127598 168.0 0
  48.193386000000004 56.0 0
  48.267658000000004 160.0 0
  48.503738 32.0 0
  48.890194 128.0 0
  48.975334000000004 220.0 0
  49.240383 352.0 0
  49.304516 184.0 0
  49.461246 156.0 0
  49.485222 136.0 0
  49.518085 220.0 0
  49.560249 88.0 0
  49.768784000000004 188.0 0
  49.986435 84.0 0
  50.028301 160.0 0
  50.284958 212.0 0
  50.332294000000005 180.0 0
  50.435402 220.0 0
  50.467537 128.0 0
  50.561729 200.0 0
  50.590576 176.0 0
  50.711018 180.0 0
  50.740604000000005 216.0 0
  50.861805000000004 168.0 0
  50.881176 96.0 0
  51.039997 184.0 0
  51.361000000000004 32.0 0
  51.397602 160.0 0
  51.510387 176.0 0
  51.533138 184.0 0
  51.542522 172.0 0
  51.647686 88.0 0
  52.049271000000005 200.0 0
  52.163643 160.0 0
  52.350368 132.0 0
  52.454113 192.0 0
  52.660389 128.0 0
  52.719944 144.0 0
  52.823452 196.0 0
  52.828602000000004 144.0 0
  52.948238 160.0 0
  53.009541 164.0 0
  53.094212 200.0 0
  53.300629 168.0 0
  53.436314 160.0 0
  53.458035 184.0 0
  53.620396 156.0 0
  53.759518 212.0 0
  54.378376 116.0 0
  54.398907 172.0 0
  54.414276 176.0 0
  54.495106 156.0 0
  54.619259 168.0 0
  54.627739 228.0 0
  54.797794 140.0 0
  54.892563 172.0 0
  54.955803 132.0 0
  55.082909 72.0 0
  55.138344000000004 128.0 0
  55.172592 60.0 0
  55.250275 128.0 0
  55.293518 208.0 0
  55.299194 80.0 0
  55.375423000000005 208.0 0
  55.406181000000004 168.0 0
  55.449242 176.0 0
  55.612209 168.0 0
  55.674524 212.0 0
  55.837711 128.0 0
  56.052433 136.0 0
  56.194008000000004 288.0 0
  56.322121 84.0 0
  56.433910000000004 192.0 0
  56.499741 152.0 0
  56.857525 192.0 0
  56.98077 88.0 0
  57.088123 156.0 0
  57.37299 176.0 0
  57.433556 376.0 0
  57.440987 92.0 0
  57.616093 160.0 0
  57.668934 148.0 0
  57.693535000000004 140.0 0
  57.738441 176.0 0
  58.135311 188.0 0
  58.157848 152.0 0
  58.293907000000004 68.0 0
  58.313442 220.0 0
  58.504314 212.0 0
  58.805943 168.0 0
  58.857647 28.0 0
  58.964314 148.0 0
  58.975 156.0 0
  59.49519 176.0 0
  59.621651 80.0 0
  59.718258 252.0 0
  59.953415 172.0 0
  60.087311 144.0 0
  60.249405 156.0 0
  60.422413 184.0 0
  60.44239 124.0 0
  60.532036 172.0 0
  60.660439000000004 232.0 0
  60.906742 184.0 0
  60.950401 152.0 0
  61.114918 100.0 0
  61.13163 156.0 0
  61.179932 144.0 0
  61.207638 160.0 0
  61.212723000000004 92.0 0
  61.354256 164.0 0
  61.490311 96.0 0
  61.710621 192.0 0
  61.736879 172.0 0
  61.750355 144.0 0
  61.887184000000005 176.0 0
  62.392338 196.0 0
  62.465744 160.0 0
  62.656689 196.0 0
  63.036751 116.0 0
  63.0396 192.0 0
  63.14875 248.0 0
  63.466606 208.0 0
  63.606853 152.0 0
  63.781654 156.0 0
  63.859188 164.0 0
  63.946774000000005 144.0 0
  64.11900299999999 108.0 0
  64.509636 152.0 0
  64.735428 148.0 0
  65.042885 180.0 0
  65.11074099999999 56.0 0
  65.220665 168.0 0
  65.402031 104.0 0
  65.44381 182.0 0
  65.45350599999999 176.0 0
  65.56830599999999 196.0 0
  65.859116 168.0 0
  66.09106399999999 180.0 0
  66.22354899999999 192.0 0
  66.294754 332.0 0
  66.34152999999999 228.0 0
  66.48480199999999 136.0 0
  66.56790199999999 144.0 0
  66.616631 180.0 0
  66.759659 140.0 0
  66.785309 200.0 0
  66.837189 152.0 0
  67.19092599999999 112.0 0
  67.278313 164.0 0
  67.412292 56.0 0
  67.55487799999999 144.0 0
  67.58313 216.0 0
  67.612617 208.0 0
  67.89623999999999 148.0 0
  67.935226 148.0 0
  67.971184 184.0 0
  68.081955 188.0 0
  68.44844099999999 144.0 0
  68.79098499999999 172.0 0
  68.844093 236.0 0
  68.966927 128.0 0
  69.12674 172.0 0
  69.22750099999999 128.0 0
  69.346138 196.0 0
  69.593643 168.0 0
  69.686714 132.0 0
  70.20200299999999 148.0 0
  70.449844 100.0 0
  70.462837 120.0 0
  70.64903299999999 160.0 0
  70.679634 164.0 0
  70.769646 148.0 0
  70.89905499999999 204.0 0
  70.90502199999999 156.0 0
  71.052864 192.0 0
  71.16465799999999 176.0 0
  71.235924 72.0 0
  71.23906699999999 144.0 0
  71.300804 156.0 0
  71.321182 224.0 0
  71.50701099999999 108.0 0
  71.805748 124.0 0
  71.94800599999999 212.0 0
  72.02237699999999 152.0 0
  72.07191499999999 204.0 0
  72.14093799999999 140.0 0
  72.336975 200.0 0
  72.35765099999999 148.0 0
  72.48030899999999 220.0 0
  72.59375 160.0 0
  72.858452 188.0 0
  72.936584 96.0 0
  72.955788 204.0 0
  72.983475 180.0 0
  73.112579 160.0 0
  73.137306 124.0 0
  73.166809 132.0 0
  73.197693 188.0 0
  73.21681199999999 208.0 0
  73.725853 196.0 0
  73.84773299999999 204.0 0
  73.951584 52.0 0
  74.01838699999999 156.0 0
  74.38967099999999 172.0 0
  74.40761599999999 136.0 0
  74.588928 180.0 0
  74.791328 148.0 0
  74.85678899999999 132.0 0
  74.95290399999999 172.0 0
  75.013077 96.0 0
  75.10574299999999 148.0 0
  75.39254799999999 208.0 0
  75.39994 200.0 0
  75.463455 156.0 0
  75.766273 160.0 0
  75.832466 236.0 0
  76.010521 176.0 0
  76.291237 160.0 0
  76.318985 152.0 0
  76.403481 156.0 0
  76.48586999999999 200.0 0
  76.489494 224.0 0
  76.62187999999999 224.0 0
  76.78982599999999 164.0 0
  76.89840699999999 184.0 0
  77.025612 160.0 0
  77.171585 160.0 0
  77.259041 220.0 0
  77.285507 108.0 0
  77.360069 212.0 0
  77.66167399999999 176.0 0
  77.804947 128.0 0
  77.808357 140.0 0
  77.81837499999999 100.0 0
  78.01115399999999 188.0 0
  78.169456 124.0 0
  78.179001 156.0 0
  78.29081699999999 140.0 0
  78.356552 192.0 0
  78.400452 116.0 0
  78.46971099999999 276.0 0
  78.662544 192.0 0
  78.71283 216.0 0
  78.90834799999999 144.0 0
  78.96296699999999 140.0 0
  79.16274999999999 164.0 0
  79.188644 200.0 0
  79.312469 40.520828 0
  79.910561 140.0 0
  79.952034 212.0 0
  79.97994999999999 180.0 0
  79.991508 160.0 0
  79.99976299999999 156.0 0
  80.339317 52.0 0
  80.600258 180.0 0
  80.643509 220.0 0
  80.755989 188.0 0
  80.82339499999999 204.0 0
  80.94020099999999 31.2663 0
  81.06942 132.0 0
  81.278168 232.0 0
  81.412537 164.0 0
  81.464226 188.0 0
  81.58650999999999 148.0 0
  81.67712399999999 224.0 0
  81.705902 208.0 0
  81.756531 212.0 0
  81.77450599999999 140.0 0
  81.846802 108.0 0
  81.91021699999999 208.0 0
  82.08348099999999 156.0 0
  82.121437 176.0 0
  82.13456 160.0 0
  82.31281299999999 52.0 0
  82.318596 160.0 0
  82.381248 164.0 0
  82.391182 248.0 0
  82.42330199999999 200.0 0
  82.551903 128.0 0
  82.628395 132.0 0
  82.65774499999999 152.0 0
  82.78783399999999 160.0 0
  82.825279 148.0 0
  83.014259 228.0 0
  83.03958899999999 164.0 0
  83.12554899999999 376.0 0
  83.38984699999999 176.0 0
  83.474854 272.0 0
  83.48584699999999 148.0 0
  83.677734 220.0 0
  83.81251499999999 148.0 0
  83.927612 168.0 0
  83.98196399999999 180.0 0
  84.179901 164.0 0
  84.352852 148.0 0
  84.507814 140.0 0
  84.52094299999999 140.0 0
  84.77081299999999 156.0 0
  84.830322 88.0 0
  84.850822 140.0 0
  85.148804 148.0 0
  85.240631 28.0 0
  85.250694 212.0 0
  85.276787 152.0 0
  85.433167 180.0 0
  85.471519 128.0 0
  85.75943799999999 164.0 0
  85.856934 284.0 0
  85.890419 204.0 0
  86.28482799999999 192.0 0
  86.35653699999999 248.0 0
  86.48042299999999 132.0 0
  86.71869699999999 108.0 0
  86.729637 232.0 0
  86.927216 260.0 0
  87.33054399999999 212.0 0
  87.353027 144.0 0
  87.46144899999999 144.0 0
  87.59223899999999 148.0 0
  87.753616 144.0 0
  87.76035399999999 216.0 0
  87.836114 44.0 0
  87.84454299999999 152.0 0
  88.027008 136.0 0
  88.16027799999999 160.0 0
  88.221756 148.0 0
  88.539711 176.0 0
  88.57492099999999 168.0 0
  88.61531799999999 164.0 0
  88.957809 204.0 0
  88.96884899999999 140.0 0
  89.010437 168.0 0
  89.577439 156.0 0
  89.806236 204.0 0
  90.13572699999999 156.0 0
  90.254807 260.0 0
  90.294449 152.0 0
  90.459305 152.0 0
  90.497551 140.0 0
  90.708084 160.0 0
  90.75950599999999 200.0 0
  90.787933 108.0 0
  90.80950899999999 84.0 0
  90.915207 148.0 0
  90.934456 212.0 0
  91.06238599999999 108.0 0
  91.077316 232.0 0
  91.20227799999999 208.0 0
  91.26928699999999 180.0 0
  91.47067299999999 45.166672 0
  91.54646299999999 160.0 0
  91.63046999999999 172.0 0
  91.726891 116.0 0
  91.986633 132.0 0
  92.02520799999999 172.0 0
  92.058342 220.0 0
  92.109444 160.0 0
  92.176834 164.0 0
  92.18392999999999 144.0 0
  92.211632 152.0 0
  92.22013899999999 72.0 0
  92.287758 364.0 0
  92.318367 132.0 0
  92.45942699999999 164.0 0
  92.486595 188.0 0
  92.59326899999999 172.0 0
  92.602043 180.0 0
  92.68798799999999 144.0 0
  92.83326 156.0 0
  92.89465299999999 152.0 0
  92.97299199999999 140.0 0
  93.01922599999999 96.0 0
  93.048767 140.0 0
  93.07462299999999 348.0 0
  93.32341 152.0 0
  93.446877 48.0 0
  93.55219299999999 160.0 0
  93.61353299999999 160.0 0
  93.807953 188.0 0
  93.81502499999999 120.0 0
  93.917915 156.0 0
  93.960518 196.0 0
  94.04173999999999 160.0 0
  94.082123 184.0 0
  94.10202 196.0 0
  94.155807 56.0 0
  94.78723099999999 96.0 0
  94.9468 168.0 0
  94.959999 168.0 0
  94.97654 256.0 0
  95.02184299999999 252.0 0
  95.030487 164.0 0
  95.08509799999999 340.0 0
  95.105049 116.0 0
  95.214417 168.0 0
  95.32985699999999 256.0 0
  95.520905 160.0 0
  95.573723 148.0 0
  95.609589 172.0 0
  95.659126 144.0 0
  95.728241 120.0 0
  95.749382 220.0 0
  95.81507099999999 136.0 0
  95.82775099999999 164.0 0
  95.84176599999999 176.0 0
  95.85368299999999 188.0 0
  95.963478 200.0 0
  96.01083399999999 116.0 0
  96.02484899999999 132.0 0
  96.073059 132.0 0
  96.251465 168.0 0
  96.345818 52.0 0
  96.429863 64.0 0
  96.450188 104.0 0
  96.4888 184.0 0
  96.507858 144.0 0
  96.567894 128.0 0
  96.59852599999999 144.0 0
  96.777008 172.0 0
  96.932442 160.0 0
  97.008606 188.0 0
  97.08747899999999 216.0 0
  97.358498 60.0 0
  97.420662 184.0 0
  97.48525199999999 56.0 0
  97.489212 160.0 0
  97.599243 156.0 0
  97.645592 208.0 0
  97.702309 236.0 0
  97.755692 180.0 0
  97.76406899999999 160.0 0
  97.814476 168.0 0
  97.82692 196.0 0
  97.881332 204.0 0
  97.97889699999999 52.0 0
  97.982979 172.0 0
  98.05980699999999 3048.0 4
  98.09582499999999 2152.0 3
  98.127388 116.0 0
  98.168076 156.0 0
  98.552185 196.0 0
  98.570892 64.0 0
  98.612572 160.0 0
  98.624664 200.0 0
  98.63312499999999 136.0 0
  98.682724 216.0 0
  98.743523 168.0 0
  98.971306 48.0 0
  98.98067499999999 152.0 0
  99.005333 184.0 0
  99.099335 276.0 0
  99.10189799999999 116.0 0
  99.152283 112.0 0
  99.15742499999999 160.0 0
  99.222984 264.0 0
  99.37333699999999 80.0 0
  99.383415 116.0 0
  99.391182 176.0 0
  99.39652299999999 200.0 0
  99.467278 272.0 0
  99.512047 148.0 0
  99.574135 80.0 0
  99.730003 168.0 0
  99.75807999999999 68.0 0
  99.88759599999999 176.0 0
  99.89645399999999 48.0 0
  99.89918499999999 144.0 0
  99.964081 196.0 0
  99.97140499999999 212.0 0
  100.00433299999999 168.0 0
  100.106506 104.0 0
  100.24938999999999 140.0 0
  100.28274499999999 228.0 0
  100.38398 172.0 0
  100.39241799999999 140.0 0
  100.417885 19.79431 0
  100.42272899999999 100.0 0
  100.48513 164.0 0
  100.578094 136.0 0
  100.61863699999999 160.0 0
  100.645523 228.0 0
  100.69652599999999 192.0 0
  100.751167 128.0 0
  100.766678 264.0 0
  100.81097399999999 168.0 0
  100.887222 3.375 0
  101.00574499999999 351.426788 0
  101.03317999999999 44.0 0
  101.03553799999999 168.0 0
  101.04213 184.0 0
  101.118179 676.0 1
  101.200745 164.0 0
  101.22222099999999 260.0 0
  101.25858299999999 96.0 0
  101.261375 252.0 0
  101.307327 164.0 0
  101.37874599999999 108.0 0
  101.4245 88.0 0
  101.463364 240.0 0
  101.559311 260.0 0
  101.652245 212.0 0
  101.83174899999999 148.0 0
  101.85278299999999 124.0 0
  101.865417 180.0 0
  101.895088 140.0 0
  101.95603899999999 168.0 0
  102.00495099999999 100.0 0
  102.034866 164.0 0
  102.045425 172.0 0
  102.04815699999999 148.0 0
  102.06191299999999 200.0 0
  102.106476 188.0 0
  102.238396 152.0 0
  102.393524 172.0 0
  102.431534 180.0 0
  102.449272 156.0 0
  102.511223 15.00298 0
  102.552155 128.0 0
  102.563499 14.04012 0
  102.57607999999999 224.0 0
  102.60797099999999 152.0 0
  102.68640099999999 148.0 0
  102.81829099999999 140.0 0
  102.921082 128.0 0
  102.94738799999999 220.0 0
  102.99731399999999 228.0 0
  102.999527 204.0 0
  103.051277 336.0 0
  103.05403899999999 264.0 0
  103.086861 224.0 0
  103.095901 172.0 0
  103.098 133196.0 162
  103.142876 23.936609 0
  103.215919 128.0 0
  103.31495699999999 156.0 0
  103.340813 220.0 0
  103.39169299999999 148.0 0
  103.502831 124.0 0
  103.506142 296.0 0
  103.57958199999999 156.0 0
  103.61129799999999 220.0 0
  103.750557 120.0 0
  103.76193199999999 176.0 0
  103.873154 100.0 0
  103.885025 164.0 0
  103.925636 36.0 0
  104.05704499999999 360.0 0
  104.061005 92.0 0
  104.070213 90.875282 0
  104.115845 192.0 0
  104.18792699999999 136.0 0
  104.218193 116.0 0
  104.25074 168.0 0
  104.266731 188.0 0
  104.28302 168.0 0
  104.309006 104.0 0
  104.34619099999999 132.0 0
  104.45414699999999 188.0 0
  104.552505 56.0 0
  104.581116 200.0 0
  104.608429 92.0 0
  104.650055 116.0 0
  104.68060299999999 40.0 0
  104.805466 132.0 0
  104.874855 180.0 0
  104.88628399999999 176.0 0
  105.03017399999999 204.0 0
  105.03259999999999 300.0 0
  105.046661 220.0 0
  105.061455 308.0 0
  105.1091 104.0 0
  105.122238 168.0 0
  105.21140299999999 140.0 0
  105.25104499999999 140.0 0
  105.25869 192.0 0
  105.28570599999999 6.777778 0
  105.30983699999999 204.0 0
  105.504539 44.0 0
  105.529282 208.0 0
  105.74634599999999 144.0 0
  105.841248 176.0 0
  105.909088 200.253662 0
  105.959465 164.0 0
  105.981743 268.0 0
  106.024025 168.0 0
  106.05624399999999 228.0 0
  106.06545299999999 1620.0 2
  106.06884799999999 96.0 0
  106.071411 452.0 1
  106.10921499999999 44.0 0
  106.171257 76.0 0
  106.227234 5.666667 0
  106.257927 100.0 0
  106.473557 44.0 0
  106.620117 264.0 0
  106.70369 168.0 0
  106.726776 144.0 0
  106.72975199999999 144.0 0
  106.83811999999999 104.0 0
  107.037987 68.0 0
  107.05380199999999 144.0 0
  107.08045999999999 71.027023 0
  107.142822 8.177083 0
  107.18338 68.0 0
  107.196434 128.0 0
  107.218559 64.0 0
  107.287971 60.0 0
  107.290123 164.0 0
  107.508377 184.0 0
  107.518524 144.0 0
  107.606697 80.0 0
  107.66167399999999 146.0 0
  107.71655299999999 148.0 0
  107.796967 144.0 0
  107.85054 164.0 0
  107.89797999999999 152.0 0
  107.93285399999999 188.0 0
  108.082223 104.0 0
  108.094803 200.0 0
  108.131165 112.0 0
  108.259056 176.0 0
  108.29261799999999 148.0 0
  108.520569 204.0 0
  108.59609999999999 112.0 0
  108.66231499999999 164.0 0
  108.692894 196.0 0
  108.841141 104.0 0
  109.01059 172.0 0
  109.01568599999999 212.0 0
  109.026016 196.0 0
  109.028252 316.0 0
  109.051132 840.0 1
  109.064629 184.0 0
  109.17723099999999 112.0 0
  109.19715099999999 172.0 0
  109.31103499999999 116.0 0
  109.407654 8.008333 0
  109.439568 160.0 0
  109.62147499999999 196.0 0
  109.723213 48.0 0
  109.76104699999999 3.907738 0
  109.97036 120.0 0
  110.02574899999999 240.0 0
  110.03577399999999 232.0 0
  110.09532899999999 3596.0 4
  110.097466 140.0 0
  110.115585 252.0 0
  110.11941499999999 180.0 0
  110.19013199999999 160.0 0
  110.28935999999999 180.0 0
  110.33281699999999 128.0 0
  110.432846 192.0 0
  110.539993 184.0 0
  110.554138 168.0 0
  110.581291 172.0 0
  110.598976 128.0 0
  110.616982 176.0 0
  110.643715 200.0 0
  110.88578 188.0 0
  110.89904 68.0 0
  110.911003 136.0 0
  110.944649 160.0 0
  111.04072599999999 176.0 0
  111.04465599999999 179.0 0
  111.058174 66.058189 0
  111.077339 144.0 0
  111.119148 116.0 0
  111.14948299999999 144.0 0
  111.227966 180.0 0
  111.236206 204.0 0
  111.375389 33.799679 0
  111.44680799999999 204.0 0
  111.53504199999999 100.0 0
  111.544968 196.0 0
  111.571663 116.0 0
  111.64626299999999 76.0 0
  111.857109 164.0 0
  111.90246599999999 96.0 0
  112.075386 148.0 0
  112.10453799999999 36.0 0
  112.30596899999999 84.0 0
  112.35958099999999 120.0 0
  112.37752499999999 148.0 0
  112.50752299999999 7.185417 0
  112.589745 216.0 0
  112.659218 68.0 0
  112.75898 180.0 0
  112.80638099999999 184.0 0
  112.81082199999999 20.0 0
  112.82869 140.0 0
  112.940636 64.0 0
  112.95092799999999 76.0 0
  113.07083899999999 153.234299 0
  113.076195 188.0 0
  113.078285 3704.0 5
  113.10902399999999 44.0 0
  113.470795 148.0 0
  113.48960899999999 232.0 0
  113.688835 44.0 0
  113.815468 232.0 0
  113.98615299999999 152.0 0
  114.00003099999999 140.0 0
  114.009796 1704.0 2
  114.056885 208.0 0
  114.203598 48.0 0
  114.20876299999999 224.0 0
  114.29525 192.0 0
  114.399254 212.0 0
  114.41367299999999 52.0 0
  114.500862 156.0 0
  114.5448 188.0 0
  114.54925499999999 68.0 0
  114.81069199999999 180.0 0
  114.813728 83.321091 0
  115.01643399999999 144.0 0
  115.04708099999999 37285.0 45
  115.05178799999999 63.111851 0
  115.07331099999999 30.8939 0
  115.1035 14.33018 0
  115.1614 152.0 0
  115.320831 176.0 0
  115.32504999999999 56.0 0
  115.36224399999999 196.0 0
  115.413231 160.0 0
  115.4841 192.0 0
  115.498795 136.0 0
  115.71503399999999 124.0 0
  115.85537699999999 192.0 0
  115.86451699999999 180.0 0
  115.97541 160.0 0
  116.050781 1112.0 1
  116.056404 200.0 0
  116.220001 144.0 0
  116.327286 188.0 0
  116.333351 132.0 0
  116.45330799999999 2.457071 0
  116.51250499999999 176.0 0
  116.535934 41.88763 0
  116.577202 8.351191 0
  116.83414499999999 172.0 0
  116.946777 168.0 0
  116.97425799999999 244.0 0
  117.03125 135.0 0
  117.06489599999999 104.0 0
  117.09709199999999 240.0 0
  117.34554299999999 160.0 0
  117.402695 192.0 0
  117.49288899999999 324.0 0
  117.562485 160.0 0
  117.599983 68.0 0
  117.788483 144.0 0
  118.057907 180.0 0
  118.06573499999999 11432.0 14
  118.07367699999999 440.0 1
  118.08601399999999 184.0 0
  118.166664 2.909805 0
  118.34388 116.0 0
  118.402695 172.0 0
  118.492516 180.0 0
  118.60649099999999 164.0 0
  118.631142 144.0 0
  118.68318199999999 124.0 0
  118.72127599999999 48.0 0
  118.774002 216.0 0
  118.784843 132.0 0
  118.80174299999999 28.956499 0
  118.90322099999999 144.0 0
  118.934479 184.0 0
  119.032235 281.0 0
  119.04858399999999 176.0 0
  119.06459 168.0 0
  119.07959 302.0 0
  119.084244 232.0 0
  119.106483 13.91901 0
  119.132584 176.0 0
  119.14343299999999 64.0 0
  119.157173 112.0 0
  119.17813899999999 164.0 0
  119.219856 224.0 0
  119.290329 96.0 0
  119.31050099999999 160.0 0
  119.526703 136.0 0
  119.645653 124.0 0
  119.68331099999999 164.0 0
  119.68811799999999 17.66667 0
  119.72132099999999 42.96983 0
  119.724678 204.0 0
  119.772911 3.258333 0
  119.971733 140.0 0
  120.02658799999999 204.0 0
  120.057289 180.0 0
  120.081032 176.0 0
  120.10363799999999 6.011364 0
  120.13954899999999 16.156389 0
  120.29028299999999 116.0 0
  120.344353 104.0 0
  120.66096499999999 176.0 0
  120.67081499999999 228.0 0
  120.779854 220.0 0
  120.92205 156.0 0
  120.934395 104.0 0
  120.962509 80.0 0
  120.990028 51.845058 0
  120.99640699999999 156.0 0
  121.02931199999999 4276.0 5
  121.046341 67.03167 0
  121.055595 8.842709 0
  121.059158 172.0 0
  121.061562 102.0 0
  121.06620799999999 204.0 0
  121.085411 648.0 1
  121.11333499999999 29.71875 0
  121.158524 72.0 0
  121.244934 68.0 0
  121.24958799999999 224.0 0
  121.35405 224.0 0
  121.379784 160.0 0
  121.439911 84.0 0
  121.637451 10.35527 0
  121.673943 124.0 0
  121.76808899999999 144.0 0
  121.78892499999999 180.0 0
  121.94809699999999 128.0 0
  121.966248 312.0 0
  122.03871199999999 168.0 0
  122.058937 160.0 0
  122.069588 31.004999 0
  122.091476 176.0 0
  122.09445199999999 156.0 0
  122.10110499999999 156.0 0
  122.24377399999999 48.0 0
  122.274963 100.0 0
  122.43959799999999 256.0 0
  122.45491 164.0 0
  122.511398 132.0 0
  122.671402 148.0 0
  122.691856 224.0 0
  122.88252999999999 176.0 0
  122.96071599999999 52.0 0
  123.01282499999999 176.0 0
  123.04027599999999 324.0 0
  123.05633499999999 218.682693 0
  123.08135999999999 55.660519 0
  123.180016 80.0 0
  123.39310499999999 164.0 0
  123.39900999999999 12.17406 0
  123.556129 204.0 0
  123.56131699999999 188.0 0
  123.6278 196.0 0
  123.67991599999999 180.0 0
  123.732422 224.0 0
  123.746613 100.0 0
  123.762283 76.0 0
  123.87900499999999 144.0 0
  123.902138 124.0 0
  123.952141 152.0 0
  124.12158199999999 136.0 0
  124.137138 140.0 0
  124.184601 184.0 0
  124.27817499999999 48.0 0
  124.283676 228.0 0
  124.514305 112.0 0
  124.55721299999999 192.0 0
  124.589233 136.0 0
  124.599716 156.0 0
  124.637642 184.0 0
  124.673058 160.0 0
  124.753357 184.0 0
  124.78487399999999 64.0 0
  124.950104 84.0 0
  124.99046299999999 172.0 0
  124.994125 152.0 0
  125.030632 76.0 0
  125.04673799999999 4220.0 5
  125.054054 204.0 0
  125.100883 88.0 0
  125.149559 44.0 0
  125.266937 52.0 0
  125.38971699999999 188.0 0
  125.459595 108.0 0
  125.512924 10.00463 0
  125.59279599999999 160.0 0
  125.598389 100.0 0
  125.829124 8.446428 0
  125.92411 124.0 0
  125.98421499999999 492.0 1
  126.041992 380.0 0
  126.07865899999999 701.512817 1
  126.12340499999999 788.0 1
  126.153847 124.0 0
  126.18450899999999 40.12479 0
  126.263527 40.0 0
  126.444679 68.0 0
  126.739792 176.0 0
  126.745903 68.0 0
  126.79025299999999 52.0 0
  126.918205 208.0 0
  126.944435 44.0 0
  126.952789 176.0 0
  126.99494899999999 216.0 0
  127.027458 7880.0 10
  127.050201 52.0 0
  127.056587 244.0 0
  127.063019 340.0 0
  127.26812 168.0 0
  127.375664 48.0 0
  127.566284 140.0 0
  127.672203 104.0 0
  127.71007499999999 100.0 0
  127.77561999999999 80.0 0
  127.80524399999999 60.0 0
  127.901688 52.0 0
  127.97039799999999 3.6125 0
  127.986336 156.0 0
  127.999725 172.0 0
  128.055603 196.0 0
  128.059647 784.0 1
  128.134094 164.0 0
  128.154526 104.0 0
  128.25 136.0 0
  128.398514 196.0 0
  128.471741 72.0 0
  128.502838 152.0 0
  128.554657 112.0 0
  128.583435 84.0 0
  128.594803 216.0 0
  128.638718 220.0 0
  128.727798 144.0 0
  128.934708 136.0 0
  128.950638 168.0 0
  128.989822 148.0 0
  129.013031 292.0 0
  129.047867 176.0 0
  129.056213 1840.0 2
  129.068893 372.0 0
  129.07251000000002 228.0 0
  129.16214000000002 144.0 0
  129.28022800000002 212.0 0
  129.366394 43.993698 0
  129.381439 120.0 0
  129.444931 64.0 0
  129.566757 232.0 0
  129.61033600000002 3.413691 0
  129.638336 108.0 0
  129.777039 152.0 0
  129.94278 260.0 0
  130.064346 1044.0 1
  130.086411 1223.583008 1
  130.14769 68.0 0
  130.202805 52.0 0
  130.3125 40.0 0
  130.33398400000002 25.840281 0
  130.454025 176.0 0
  130.48297100000002 148.0 0
  130.53225700000002 36.0 0
  130.602509 136.0 0
  130.64212 180.0 0
  130.762283 56.0 0
  130.94528200000002 204.0 0
  130.998825 196.0 0
  131.00366200000002 152.0 0
  131.045059 6119.0 7
  131.060898 4360.0 5
  131.06835900000002 1496.0 2
  131.0746 148.0 0
  131.079956 6468.0 8
  131.083282 244.0 0
  131.11050400000002 164.0 0
  131.218781 124.0 0
  131.288376 64.0 0
  131.374664 148.0 0
  131.538422 108.0 0
  131.581497 168.0 0
  131.691156 156.0 0
  131.80255100000002 148.0 0
  131.819458 184.0 0
  131.924652 212.0 0
  131.977814 220.0 0
  131.98666400000002 96.0 0
  132.01947 164.0 0
  132.051559 228.0 0
  132.066956 196.0 0
  132.076614 764.0 1
  132.088333 596.0 1
  132.137573 60.0 0
  132.175125 120.0 0
  132.219437 6.136111 0
  132.252533 4.115741 0
  132.25465400000002 112.0 0
  132.313278 244.0 0
  132.623413 180.0 0
  132.62612900000002 176.0 0
  132.656723 44.0 0
  132.91835 32.0 0
  132.971619 11.2608 0
  133.04895000000002 136.0 0
  133.053528 344.0 0
  133.056793 164.0 0
  133.06504800000002 144.0 0
  133.07359300000002 296.0 0
  133.12025500000001 164.0 0
  133.132202 112.0 0
  133.136658 68.0 0
  133.198196 36.0 0
  133.278656 152.0 0
  133.297806 160.0 0
  133.469513 132.0 0
  133.571167 192.0 0
  133.670959 140.0 0
  133.761292 100.0 0
  133.87394700000002 140.0 0
  133.92425500000002 68.0 0
  133.975693 2.836111 0
  134.025528 196.0 0
  134.031723 460.0 1
  134.054092 140.0 0
  134.06109600000002 872.0 1
  134.06625400000001 164.0 0
  134.09011800000002 320.0 0
  134.096161 116.0 0
  134.1138 232.0 0
  134.193939 144.0 0
  134.199051 8.45 0
  134.27847300000002 68.0 0
  134.49232500000002 148.0 0
  134.519836 5.721491 0
  134.62901300000001 160.0 0
  134.719116 184.0 0
  134.862961 144.0 0
  134.866837 204.0 0
  135.005783 208.0 0
  135.031403 274.0 0
  135.04620400000002 188.0 0
  135.063004 144.0 0
  135.295197 180.0 0
  135.322464 204.0 0
  135.330688 80.0 0
  135.372406 116.0 0
  135.386765 100.0 0
  135.415482 176.0 0
  135.68692000000001 144.0 0
  135.700378 156.0 0
  135.98086500000002 120.0 0
  136.087479 344.0 0
  136.095169 108.0 0
  136.121689 652.0 1
  136.20790100000002 144.0 0
  136.275452 152.0 0
  136.438217 120.0 0
  136.51568600000002 152.0 0
  136.528275 96.0 0
  136.572372 104.0 0
  136.61235000000002 112.0 0
  136.723114 128.0 0
  137.000473 144.0 0
  137.00898700000002 5819.0 7
  137.05792200000002 4.033333 0
  137.068542 77.753433 0
  137.07830800000002 288.0 0
  137.13092 45.89172 0
  137.17442300000002 180.0 0
  137.179413 156.0 0
  137.201279 172.0 0
  137.219101 152.0 0
  137.320724 180.0 0
  137.529007 188.0 0
  137.53474400000002 172.0 0
  137.62262 180.0 0
  137.768097 200.0 0
  137.88235500000002 180.0 0
  137.908081 164.0 0
  137.965576 152.0 0
  138.07092300000002 18283.0 22
  138.14672900000002 92.0 0
  138.200928 200.0 0
  138.236908 25.225 0
  138.305069 140.0 0
  138.421524 28.84915 0
  138.436691 88.0 0
  138.448013 168.0 0
  138.658447 176.0 0
  138.870667 224.0 0
  138.944519 132.0 0
  138.990631 180.0 0
  139.03299 80.0 0
  139.07638500000002 16076.0 20
  139.09166000000002 68.0 0
  139.118088 260.0 0
  139.147363 122.0 0
  139.15126 116.0 0
  139.267761 112.0 0
  139.299484 27.65176 0
  139.306564 3.356771 0
  139.549667 196.0 0
  139.759027 172.0 0
  139.802109 216.0 0
  139.812851 252.0 0
  139.834854 144.0 0
  140.042404 144.0 0
  140.044586 172.0 0
  140.068283 180.0 0
  140.103714 46.730412 0
  140.30015600000002 128.0 0
  140.33699000000001 168.0 0
  140.374222 189.449295 0
  140.381607 92.0 0
  140.515671 144.0 0
  140.627411 164.0 0
  140.718994 232.0 0
  140.743179 140.0 0
  140.992432 136.0 0
  141.020325 164.0 0
  141.03881800000002 188.0 0
  141.052704 37.17775 0
  141.064896 1597.0 2
  141.071976 100.0 0
  141.094482 176.0 0
  141.124603 88.0 0
  141.18924 208.0 0
  141.27594000000002 6.336538 0
  141.28718600000002 124.0 0
  141.293228 216.0 0
  141.35879500000001 144.0 0
  141.43893500000001 180.0 0
  141.519791 176.0 0
  141.582581 136.0 0
  141.799271 48.0 0
  141.866974 236.0 0
  141.878372 196.0 0
  142.072922 172.0 0
  142.08621200000002 96.0 0
  142.094589 104.0 0
  142.109375 24.066179 0
  142.11218300000002 400.0 0
  142.34719800000002 92.0 0
  142.576172 240.0 0
  142.65605200000002 160.0 0
  142.75882000000001 164.0 0
  142.794473 180.0 0
  142.970718 91.893387 0
  142.97615100000002 128.0 0
  142.980804 52.0 0
  143.070389 348.0 0
  143.07423400000002 340.0 0
  143.080215 184.0 0
  143.086777 120.0 0
  143.130997 44.0 0
  143.168274 52.0 0
  143.231232 120.0 0
  143.28093 108.0 0
  143.315811 172.0 0
  143.36552400000002 156.0 0
  143.48962400000002 152.0 0
  143.630783 164.0 0
  143.686508 176.0 0
  143.784409 228.0 0
  143.869629 56.0 0
  143.948914 156.0 0
  143.95700100000002 136.0 0
  144.041275 152.0 0
  144.04454 205.938202 0
  144.054718 37.84903 0
  144.05806 316.0 0
  144.074203 144.0 0
  144.078415 152.0 0
  144.09085100000001 200.0 0
  144.116882 60.0 0
  144.15931700000002 84.0 0
  144.20957900000002 252.0 0
  144.292709 108.0 0
  144.320435 168.0 0
  144.535233 6.022223 0
  144.62184100000002 156.0 0
  144.719177 156.0 0
  144.72683700000002 248.0 0
  144.74151600000002 152.0 0
  144.921265 152.0 0
  145.003128 164.0 0
  145.007202 252.0 0
  145.047714 546.0 1
  145.05934100000002 200.0 0
  145.061584 416.0 1
  145.06398000000002 418.137299 1
  145.074936 128.0 0
  145.07724000000002 216.0 0
  145.10115100000002 1568.0 2
  145.21373 88.0 0
  145.249268 136.0 0
  145.361771 140.0 0
  145.411484 60.0 0
  145.517517 220.0 0
  145.610748 100.0 0
  145.63372800000002 152.0 0
  145.854126 68.0 0
  145.99980200000002 124.0 0
  146.027985 268.0 0
  146.034637 2628.0 3
  146.07659900000002 208.0 0
  146.10032700000002 252.0 0
  146.114609 176.0 0
  146.229721 184.0 0
  146.470032 128.0 0
  146.57345600000002 168.0 0
  146.772064 136.0 0
  146.88237 120.0 0
  146.92385900000002 132.0 0
  146.929504 152.0 0
  146.993866 204.0 0
  147.02122500000002 723.244873 1
  147.03808600000002 2208.0 3
  147.043854 992.0 1
  147.064636 1360.0 2
  147.070908 144.0 0
  147.09239200000002 228.0 0
  147.157837 68.0 0
  147.212982 7.19853 0
  147.233978 160.0 0
  147.325897 32.0 0
  147.366379 44.0 0
  147.370026 168.0 0
  147.547653 104.0 0
  147.62912 212.0 0
  147.712143 144.0 0
  147.83900500000001 44.0 0
  147.873199 192.0 0
  147.931824 180.0 0
  147.94665500000002 76.0 0
  147.98938 176.0 0
  148.086868 2828.0 3
  148.111557 38.833328 0
  148.139679 144.0 0
  148.253433 200.0 0
  148.278076 140.0 0
  148.304932 92.0 0
  148.401474 9.375 0
  148.580231 148.0 0
  148.58604400000002 112.0 0
  148.59710700000002 96.0 0
  148.644531 164.0 0
  148.64712500000002 128.0 0
  148.661224 64.0 0
  148.724808 196.0 0
  149.02160600000002 1256.0 2
  149.033401 112.0 0
  149.05629000000002 25.990511 0
  149.06044 59.448151 0
  149.082672 204.0 0
  149.098352 212.0 0
  149.116486 144.0 0
  149.166672 232.0 0
  149.208145 132.0 0
  149.413406 176.0 0
  149.456299 84.0 0
  149.525787 48.0 0
  149.671051 152.0 0
  149.68811 232.0 0
  149.69986 136.0 0
  149.753891 156.0 0
  149.76619 168.0 0
  149.80685400000002 200.0 0
  149.908142 76.0 0
  150.000549 132.0 0
  150.00924700000002 8688.0 11
  150.05983 172.0 0
  150.068192 137.643295 0
  150.09549800000002 216.0 0
  150.167053 160.0 0
  150.191833 136.0 0
  150.425125 160.0 0
  150.59526100000002 136.0 0
  150.621033 124.0 0
  150.83406100000002 92.0 0
  150.960327 132.0 0
  151.01786800000002 140.0 0
  151.033173 148.0 0
  151.048615 688.0 1
  151.051834 164.0 0
  151.05474900000002 304.0 0
  151.062759 140.0 0
  151.08599900000002 180.0 0
  151.098565 1281.0 2
  151.124619 164.0 0
  151.127151 216.0 0
  151.15329 176.0 0
  151.176804 144.0 0
  151.457443 8.967105 0
  151.638657 144.0 0
  151.738327 120.0 0
  151.75546300000002 248.0 0
  151.867615 104.0 0
  151.924133 10.75 0
  151.971359 180.0 0
  152.052139 196.0 0
  152.066132 80.0 0
  152.071289 184.0 0
  152.080185 200.0 0
  152.10839800000002 80.0 0
  152.113327 260.0 0
  152.118652 164.0 0
  152.320908 48.0 0
  152.373657 164.0 0
  152.647568 128.0 0
  152.690506 148.0 0
  152.839111 104.0 0
  152.850143 192.0 0
  152.86492900000002 200.0 0
  152.93898000000002 9.388889 0
  152.968613 168.0 0
  153.01301600000002 22238.0 27
  153.02829 196.0 0
  153.031967 248.0 0
  153.034286 156.0 0
  153.051086 245.0 0
  153.05489500000002 430.0 1
  153.10582000000002 48.0 0
  153.128311 1140.0 1
  153.31401100000002 144.0 0
  153.339233 64.0 0
  153.39347800000002 12.15 0
  153.405258 14.71902 0
  153.497971 296.0 0
  153.54852300000002 176.0 0
  153.645523 192.0 0
  153.687439 52.0 0
  153.73024 192.0 0
  153.752106 196.0 0
  154.015717 116.0 0
  154.024902 180.0 0
  154.053101 564.0 1
  154.058273 48.0 0
  154.06246900000002 1396.0 2
  154.073441 336.0 0
  154.084381 172.0 0
  154.103104 128.0 0
  154.12265000000002 164.0 0
  154.134659 592.0 1
  154.160706 740.0 1
  154.498672 64.0 0
  154.58097800000002 92.0 0
  154.82212800000002 196.0 0
  154.94596900000002 44.0 0
  154.989014 160.0 0
  155.018539 456.0 1
  155.02298000000002 144.0 0
  155.044006 29370.0 36
  155.04791300000002 1923.0 2
  155.060608 8308.0 10
  155.104126 60.0 0
  155.117706 136.0 0
  155.27641300000002 108.0 0
  155.40621900000002 72.0 0
  155.413208 184.0 0
  155.579651 140.0 0
  155.89418 132.0 0
  155.898376 164.0 0
  155.924911 176.0 0
  155.931473 124.0 0
  156.011581 26902.0 33
  156.02392600000002 132.0 0
  156.055634 855.0 1
  156.073792 132.0 0
  156.080429 196.0 0
  156.102188 184.0 0
  156.18884300000002 152.0 0
  156.279755 32.0 0
  156.487427 61.807529 0
  156.590897 160.0 0
  156.83050500000002 100.0 0
  156.89296000000002 64.0 0
  157.01232900000002 740.0 1
  157.063385 72.873253 0
  157.073853 14.16667 0
  157.092255 228.0 0
  157.09848 460.0 1
  157.101761 756.0 1
  157.10797100000002 228.0 0
  157.16282700000002 164.0 0
  157.180496 72.0 0
  157.379745 11.26706 0
  157.56239300000001 56.0 0
  157.57650800000002 152.0 0
  157.880844 104.0 0
  158.01284800000002 340.0 0
  158.05500800000002 44.0 0
  158.05728100000002 104.0 0
  158.08187900000001 11.33542 0
  158.11917100000002 2096.0 3
  158.17300400000002 180.0 0
  158.208572 6.422222 0
  158.30714400000002 240.0 0
  158.345108 212.0 0
  158.38725300000002 88.0 0
  158.46331800000002 7.925926 0
  158.59930400000002 164.0 0
  158.68043500000002 140.0 0
  158.79161100000002 188.0 0
  158.81124200000002 256.0 0
  158.94523600000002 216.0 0
  158.970718 7.272727 0
  158.997086 180.0 0
  159.01516700000002 371.0 0
  159.02594000000002 184.0 0
  159.045105 288.0 0
  159.07290600000002 172.0 0
  159.080643 435.84671 1
  159.11595200000002 1251.185059 2
  159.119202 3673.0 4
  159.174698 80.0 0
  159.239655 168.0 0
  159.257156 44.0 0
  159.35015900000002 188.0 0
  159.37750200000002 76.0 0
  159.475311 136.0 0
  159.588837 148.0 0
  159.641998 224.0 0
  159.693237 200.0 0
  159.901917 184.0 0
  160.004379 40.0 0
  160.047638 164.0 0
  160.049713 131.0 0
  160.17334 204.0 0
  160.388931 136.0 0
  160.42124900000002 88.0 0
  160.67665100000002 100.0 0
  160.91246 372.0 0
  160.94854700000002 112.0 0
  161.015085 176.0 0
  161.023865 164.0 0
  161.03022800000002 124.0 0
  161.040787 148.0 0
  161.045807 245.0 0
  161.06131000000002 804.0 1
  161.08204700000002 332.0 0
  161.098602 156.0 0
  161.339737 96.0 0
  161.34454300000002 68.0 0
  161.353104 40.0 0
  161.363693 64.0 0
  161.37738000000002 148.0 0
  161.900742 1.6875 0
  162.00190700000002 216.0 0
  162.013184 1096.0 1
  162.067734 684.0 1
  162.21978800000002 140.0 0
  162.389771 140.0 0
  162.42227200000002 268.0 0
  162.521255 21.684959 0
  162.548401 44.0 0
  162.636383 76.0 0
  162.679214 136.0 0
  162.70311 7.526042 0
  162.71864300000001 108.0 0
  162.790588 224.0 0
  162.89357 216.0 0
  163.019562 35.53146 0
  163.033997 30564.0 37
  163.04324300000002 192.0 0
  163.062225 228.0 0
  163.073669 1520.0 2
  163.082596 184.0 0
  163.100006 360.0 0
  163.193497 100.0 0
  163.303299 188.0 0
  163.364136 172.0 0
  163.435043 20.0 0
  163.64669800000001 208.0 0
  163.812851 152.0 0
  163.951431 96.0 0
  163.976639 144.0 0
  163.998795 52.0 0
  164.034173 144.0 0
  164.05001800000002 192.0 0
  164.06045500000002 604.0 1
  164.07522600000001 196.0 0
  164.255783 200.0 0
  164.4189 312.0 0
  164.429245 136.0 0
  164.551132 152.0 0
  164.684875 84.0 0
  164.790848 96.0 0
  164.83667 140.0 0
  164.84346000000002 152.0 0
  164.96933 316.0 0
  164.97967500000001 160.0 0
  165.038116 144.0 0
  165.04925500000002 1288.0 2
  165.075027 148.0 0
  165.105896 88.0 0
  165.115555 212.0 0
  165.123993 64.0 0
  165.17738300000002 148.0 0
  165.63351400000002 7.226851 0
  165.63832100000002 56.0 0
  165.68893400000002 56.0 0
  165.720764 48.0 0
  165.770523 68.0 0
  165.95752000000002 156.0 0
  166.087128 5848.0 7
  166.10969500000002 32.0 0
  166.139633 144.0 0
  166.15593 84.0 0
  166.181488 216.0 0
  166.439224 172.0 0
  166.664154 6.505682 0
  167.01628100000002 204.898605 0
  167.021759 596.0 1
  167.032837 1288.0 2
  167.080545 207.0 0
  167.146683 212.0 0
  167.156845 135.347794 0
  167.39506500000002 84.0 0
  167.573563 240.0 0
  167.62454200000002 52.0 0
  167.637009 84.0 0
  167.705139 148.0 0
  167.765884 148.0 0
  167.77662 236.0 0
  167.975067 3160.0 4
  168.036224 10.54688 0
  168.05479400000002 243.0 0
  168.089417 168.0 0
  168.10067700000002 140.0 0
  168.42034900000002 188.0 0
  168.48713700000002 96.0 0
  168.517303 160.0 0
  168.862534 12.14405 0
  168.930191 152.0 0
  168.93544 152.0 0
  168.946671 168.0 0
  169.006958 108.0 0
  169.010232 338.0 0
  169.02449000000001 180.0 0
  169.026779 172.0 0
  169.070999 1287.0 2
  169.142349 37.69445 0
  169.158661 112.0 0
  169.169495 52.0 0
  169.196557 144.0 0
  169.756989 248.0 0
  169.80806 12.695249 0
  169.92266800000002 216.0 0
  169.95188900000002 148.0 0
  169.98793 180.0 0
  170.06218 84.0 0
  170.080826 168.0 0
  170.09466600000002 196.0 0
  170.117547 1248.0 2
  170.20446800000002 48.0 0
  170.28949 68.0 0
  170.498657 172.0 0
  170.567505 11.77885 0
  170.842148 112.0 0
  170.85394300000002 176.0 0
  170.90643300000002 100.0 0
  170.955963 168.0 0
  171.01796000000002 180.0 0
  171.04444900000001 240.0 0
  171.074356 168.0 0
  171.078293 164.0 0
  171.127274 132.0 0
  171.22348 208.0 0
  171.286255 152.0 0
  171.303574 136.0 0
  171.561584 124.0 0
  171.56912200000002 132.0 0
  171.599197 104.0 0
  171.613571 11.13782 0
  171.659042 148.0 0
  171.798706 172.0 0
  171.826172 88.0 0
  171.971634 216.0 0
  172.085983 5500.0 7
  172.146103 12.90552 0
  172.19223 196.0 0
  172.210114 76.0 0
  172.302673 112.0 0
  172.329803 56.0 0
  172.36264 184.0 0
  172.377274 148.0 0
  172.409409 120.0 0
  172.474289 180.0 0
  172.569397 32.0 0
  172.700546 248.0 0
  172.801575 104.0 0
  173.00529500000002 200.0 0
  173.030212 384.0 0
  173.04298400000002 23742.0 29
  173.056061 184.0 0
  173.06282000000002 168.0 0
  173.084854 29628.0 36
  173.09466600000002 592.0 1
  173.108078 268.0 0
  173.16095 56.0 0
  173.236221 68.0 0
  173.27508500000002 68.0 0
  173.27920500000002 144.0 0
  173.367096 6.020833 0
  173.371307 160.0 0
  173.6604 104.0 0
  173.69992100000002 156.0 0
  173.70378100000002 152.0 0
  173.85685700000002 116.0 0
  173.911255 184.0 0
  173.988068 2344.0 3
  174.029541 484.0 1
  174.063095 104.0 0
  174.078934 144.0 0
  174.087128 172.0 0
  174.094116 212.0 0
  174.22558600000002 68.0 0
  174.26199300000002 56.0 0
  174.33166500000002 32.0 0
  174.454483 88.0 0
  174.622131 264.0 0
  174.981277 80.0 0
  175.03405800000002 200.0 0
  175.05908200000002 886.0 1
  175.087814 6105.0 7
  175.09874000000002 9.198529 0
  175.106461 124.0 0
  175.14965800000002 288.0 0
  175.172028 168.0 0
  175.227753 76.0 0
  175.423843 156.0 0
  175.568207 180.0 0
  175.952637 79.917557 0
  176.04156500000002 7355.0 9
  176.045746 3260.0 4
  176.17193600000002 80.0 0
  176.18566900000002 16.37126 0
  176.398956 132.0 0
  176.62982200000002 100.0 0
  176.69523600000002 36.0 0
  176.764618 84.0 0
  176.863327 148.0 0
  177.04217500000001 252.0 0
  177.05020100000002 552.0 1
  177.054718 1680.0 2
  177.071198 192.0 0
  177.131866 112.0 0
  177.172501 156.0 0
  177.24546800000002 68.0 0
  177.64376800000002 228.0 0
  177.85022 144.0 0
  177.92768900000002 132.0 0
  177.994583 208.0 0
  178.003976 183.0 0
  178.023315 22435.0 27
  178.030243 141.754898 0
  178.037027 56.0 0
  178.078537 1084.0 1
  178.14248700000002 116.0 0
  178.168274 168.0 0
  178.214996 200.0 0
  178.473846 176.0 0
  178.500565 33.27887 0
  178.506439 172.0 0
  178.549789 132.0 0
  178.566559 60.0 0
  178.601852 164.0 0
  178.71962000000002 72.0 0
  178.772583 152.0 0
  178.874146 68.0 0
  178.948776 124.0 0
  179.001282 45.60458 0
  179.029153 180.0 0
  179.033936 144.0 0
  179.048798 241.9077 0
  179.051926 144.0 0
  179.082657 152.0 0
  179.084885 116.0 0
  179.087723 140.0 0
  179.138443 130.0 0
  179.1763 19.426689 0
  179.193918 192.0 0
  179.223389 216.0 0
  179.32431 28.0 0
  179.36586 24.003969 0
  179.44056700000002 152.0 0
  179.47872900000002 88.0 0
  179.494766 112.0 0
  179.528885 56.0 0
  179.652725 184.0 0
  179.70105 152.0 0
  179.92321800000002 256.0 0
  179.993515 200.0 0
  180.033997 224.0 0
  180.18934000000002 197.0 0
  180.362167 52.0 0
  180.45056200000002 144.0 0
  180.473801 124.0 0
  180.52397200000001 88.0 0
  180.55027800000002 96.0 0
  180.55967700000002 188.0 0
  180.587692 144.0 0
  180.665649 172.0 0
  180.779495 148.0 0
  180.798538 204.0 0
  180.942093 160.0 0
  181.042404 173.756393 0
  181.049774 776.0 1
  181.078003 312.0 0
  181.09906 208.0 0
  181.105042 168.0 0
  181.115585 112.0 0
  181.11952200000002 148.0 0
  181.166153 216.0 0
  181.74229400000002 144.0 0
  181.754898 144.0 0
  181.990845 188.0 0
  182.010422 68.0 0
  182.06445300000001 57.239491 0
  182.07843 188.0 0
  182.09651200000002 17212.050781 21
  182.110306 2784.0 3
  182.18391400000002 212.0 0
  182.199417 156.0 0
  182.26547200000002 200.0 0
  182.360001 148.0 0
  182.471161 48.0 0
  182.573853 132.0 0
  182.80053700000002 144.0 0
  182.961624 172.0 0
  183.012405 246.0 0
  183.077271 8752.0 11
  183.09487900000002 200.0 0
  183.125 48.0 0
  183.129944 140.0 0
  183.154663 48.0 0
  183.17266800000002 88.0 0
  183.19696000000002 156.0 0
  183.37844800000002 40.0 0
  183.383331 184.0 0
  183.469568 244.0 0
  183.530807 120.0 0
  183.60080000000002 212.0 0
  183.65776100000002 152.0 0
  183.68399000000002 532.0 1
  183.730621 148.0 0
  183.81050100000002 244.0 0
  183.917755 56.0 0
  184.057083 148.0 0
  184.084091 140.0 0
  184.090408 160.0 0
  184.155457 11804.0 14
  184.29092400000002 188.0 0
  184.365082 140.0 0
  184.368301 40.0 0
  184.534042 60.0 0
  184.60704 92.0 0
  184.699142 188.0 0
  184.926666 200.0 0
  184.98635900000002 136.0 0
  185.00117500000002 64374.0 78
  185.052826 156.0 0
  185.23443600000002 160.0 0
  185.599243 168.0 0
  185.8862 10.37255 0
  186.03746 33464.0 41
  186.061035 60.0 0
  186.129425 428.0 1
  186.13591 204.0 0
  186.20039400000002 140.0 0
  186.347809 140.0 0
  186.412674 116.0 0
  186.43866 108.0 0
  186.572235 452.0 1
  186.580185 64.0 0
  186.914474 108.0 0
  187.013947 212.0 0
  187.052612 194.0 0
  187.06195100000002 348.0 0
  187.082291 90.730156 0
  187.09320100000002 102.0 0
  187.210373 152.0 0
  187.22584500000002 16.825979 0
  187.41883900000002 196.0 0
  187.92543 68.0 0
  188.040253 184.0 0
  188.06741300000002 164.0 0
  188.08981300000002 120.0 0
  188.112808 336.0 0
  188.25267 140.0 0
  188.448364 48.0 0
  188.599579 132.0 0
  189.05484 352.0 0
  189.06842 160.0 0
  189.073517 332.0 0
  189.08264200000002 184.0 0
  189.10209700000001 144.0 0
  189.11016800000002 148.0 0
  189.148156 263.0 0
  189.37506100000002 176.0 0
  189.38179 104.0 0
  189.48992900000002 144.0 0
  189.56028700000002 124.0 0
  189.720154 160.0 0
  189.95941200000001 180.0 0
  190.00444000000002 180.0 0
  190.050781 108.0 0
  190.170914 56.0 0
  190.381119 108.0 0
  190.542099 116.0 0
  190.562851 188.0 0
  190.77607700000002 276.0 0
  190.967102 124.0 0
  191.053864 96.0 0
  191.06163 156.0 0
  191.07023600000002 548.0 1
  191.09758000000002 128.0 0
  191.106064 29482.0 36
  191.14270000000002 812.0 1
  191.16777000000002 3.028846 0
  191.18898000000002 68.0 0
  191.300735 56.0 0
  191.323181 148.0 0
  191.499527 112.0 0
  191.50491300000002 96.0 0
  191.595886 168.0 0
  191.68815600000002 216.0 0
  191.704544 156.0 0
  191.850906 148.0 0
  191.881943 160.0 0
  191.953171 56.0 0
  191.99691800000002 132.0 0
  192.038513 80.0 0
  192.106461 608.0 1
  192.62484700000002 88.0 0
  192.63853500000002 60.0 0
  192.64982600000002 76.0 0
  192.881271 220.0 0
  193.034967 326.0 0
  193.046975 152.0 0
  193.064514 1512.0 2
  193.07019 208.0 0
  193.07338000000001 240.0 0
  193.077957 528.0 1
  193.08380100000002 98.295853 0
  193.12432900000002 76.0 0
  193.134018 72.0 0
  193.16897600000001 112.0 0
  193.210983 144.0 0
  193.371811 88.0 0
  193.409988 84.0 0
  193.41725200000002 248.0 0
  193.638336 8.20119 0
  193.80586200000002 200.0 0
  193.904999 204.0 0
  193.949005 116.0 0
  194.04357900000002 120.0 0
  194.073196 196.0 0
  194.078735 180.0 0
  194.087418 3769.0 5
  194.157394 60.0 0
  194.194778 17.870371 0
  194.23434400000002 100.0 0
  194.450241 124.0 0
  194.509354 7.333333 0
  194.563171 144.0 0
  194.637665 156.0 0
  194.68687400000002 116.0 0
  194.974838 132.0 0
  195.017761 1538.0 2
  195.066818 500.0 1
  195.072571 316.0 0
  195.07522600000001 240.0 0
  195.169137 146.0 0
  195.23318500000002 112.0 0
  195.23550400000002 76.0 0
  195.595901 40.0 0
  195.871506 196.0 0
  195.875046 192.0 0
  195.883972 52.0 0
  196.05264300000002 1083.0 1
  196.06225600000002 585.0 1
  196.068726 328.0 0
  196.079758 196.0 0
  196.08865400000002 432.0 1
  196.513229 176.0 0
  196.53009 60.0 0
  196.534424 160.0 0
  196.682632 132.0 0
  196.71687300000002 84.0 0
  197.05380200000002 364.0 0
  197.068512 156.0 0
  197.09414700000002 3060.0 4
  197.565125 156.0 0
  197.590302 56.0 0
  197.610428 160.0 0
  197.630478 184.0 0
  197.75936900000002 124.0 0
  197.995087 256.0 0
  198.058502 761.0 1
  198.50370800000002 136.0 0
  198.61348 52.0 0
  198.80864 192.0 0
  198.861435 5.104167 0
  198.866531 88.0 0
  198.968018 124.0 0
  198.989471 164.0 0
  199.05548100000001 19582.0 24
  199.080307 160.0 0
  199.085168 4494.0 5
  199.095627 508.0 1
  199.099915 180.0 0
  199.474243 168.0 0
  199.851868 184.0 0
  200.05001800000002 66.30378 0
  200.07904100000002 144.0 0
  200.506775 132.0 0
  200.847534 172.0 0
  200.895996 2811.0 3
  200.913834 176.0 0
  201.04852300000002 168.0 0
  201.05302400000002 208.0 0
  201.089615 6.840517 0
  201.10376000000002 316.0 0
  201.127991 152.0 0
  201.155563 168.0 0
  201.253647 11.83929 0
  201.29925500000002 52.0 0
  201.305954 76.0 0
  201.408051 168.0 0
  201.529449 244.0 0
  201.658829 120.0 0
  202.058197 136.0 0
  202.06393400000002 340.0 0
  202.067947 204.0 0
  202.12463400000001 676.0 1
  202.30538900000002 80.0 0
  202.371902 96.0 0
  202.444244 124.0 0
  202.53221100000002 196.0 0
  202.568619 96.0 0
  203.05058300000002 48.0 0
  203.071609 10404.0 13
  203.07638500000002 152.0 0
  203.082123 412.0 1
  203.12153600000002 144.0 0
  203.145676 11.16754 0
  203.1819 60.0 0
  203.24485800000002 50.43372 0
  203.344131 252.0 0
  203.393997 140.0 0
  203.453156 164.0 0
  203.538452 80.0 0
  203.704361 92.0 0
  203.74615500000002 124.0 0
  203.794006 52572.0 64
  203.832535 152.0 0
  203.87381000000002 192.0 0
  204.044373 192.0 0
  204.08389300000002 2399.376953 3
  204.185867 36.0 0
  204.219705 44.0 0
  204.238708 208.0 0
  204.24774200000002 164.0 0
  204.288971 112.0 0
  204.47113000000002 76.0 0
  204.53924600000002 272.0 0
  204.591049 168.0 0
  204.645859 188.0 0
  204.745316 132.0 0
  205.035675 2093.0 3
  205.04220600000002 175.692703 0
  205.12606200000002 132.0 0
  205.15879800000002 12.82372 0
  205.170227 348.0 0
  205.182816 188.0 0
  205.239136 136.0 0
  205.695724 120.0 0
  205.908508 36.0 0
  205.922714 152.0 0
  205.932312 144.0 0
  206.05659500000002 50205.0 61
  206.07710300000002 840.0 1
  206.092743 20.55238 0
  206.171066 48.0 0
  206.50885 52.0 0
  206.609756 148.0 0
  206.729507 148.0 0
  206.885376 176.0 0
  206.96382200000002 212.0 0
  207.047775 172.0 0
  207.09761 164.0 0
  207.104095 1771.255981 2
  207.116669 276.0 0
  207.162994 148.0 0
  207.320099 212.0 0
  207.371735 88.0 0
  207.38055400000002 25.34627 0
  207.465942 60.0 0
  207.58668500000002 92.0 0
  207.880707 364.0 0
  207.905823 16.155689 0
  207.91720600000002 48.0 0
  207.970688 164.0 0
  208.029175 240.0 0
  208.033615 164.0 0
  208.097 1.0 0
  208.140015 168.0 0
  208.382965 136.0 0
  208.393738 132.0 0
  208.420502 104.0 0
  208.53907800000002 152.0 0
  208.638123 136.0 0
  208.860229 116.0 0
  209.009659 84.0 0
  209.04435700000002 1176.0 1
  209.058578 188.0 0
  209.07904100000002 192.0 0
  209.240021 51.688419 0
  209.248108 340.0 0
  209.251205 148.0 0
  209.661682 40.0 0
  209.973328 168.0 0
  210.068253 508.0 1
  210.074417 203.0 0
  210.206604 44.0 0
  210.251785 140.0 0
  210.42411800000002 144.0 0
  210.58239700000001 148.0 0
  210.83461 60.0 0
  210.906876 16.55611 0
  210.996948 136.0 0
  211.056473 7514.0 9
  211.14395100000002 585.121582 1
  211.421188 176.0 0
  211.443207 76.0 0
  211.55912800000002 176.0 0
  211.79345700000002 192.0 0
  211.97061200000002 12.90675 0
  212.057083 48.0 0
  212.115936 180.0 0
  212.260895 120.0 0
  212.37381000000002 12.45605 0
  212.74035600000002 100.0 0
  212.894348 156.0 0
  213.021072 168.0 0
  213.049652 2134.0 3
  213.054214 108.0 0
  213.071854 168.0 0
  213.120834 897.0 1
  213.154739 128.0 0
  213.207367 196.0 0
  213.296951 29.286961 0
  213.33264200000002 308.0 0
  213.40329 144.0 0
  213.51945500000002 136.0 0
  213.948776 140.0 0
  214.126541 3162.0 4
  214.375549 168.0 0
  214.40094000000002 164.0 0
  214.50662200000002 144.0 0
  214.515137 212.0 0
  214.626846 124.0 0
  214.842407 164.0 0
  215.019623 3968.0 5
  215.10665600000002 1.0 0
  215.11483800000002 153.272705 0
  215.38562000000002 108.0 0
  215.51666300000002 76.0 0
  215.632492 100.0 0
  215.78396600000002 196.0 0
  215.932343 160.0 0
  215.987686 172.0 0
  216.00984200000002 56.0 0
  216.032455 252.0 0
  216.108887 156215.0 190
  216.141647 152.0 0
  216.32771300000002 168.0 0
  216.44664 40.0 0
  216.742096 116.0 0
  216.804123 184.0 0
  217.045197 272.0 0
  217.05053700000002 2814.0 3
  217.05380200000002 124.0 0
  217.128693 39.73373 0
  217.314804 20.344049 0
  217.39265400000002 80.0 0
  217.40515100000002 11.27273 0
  217.420166 84.0 0
  218.009537 112.0 0
  218.06405600000002 1776.0 2
  218.098602 40200.0 49
  218.19120800000002 3548.090088 4
  218.217529 36.0 0
  218.793106 80.0 0
  218.89279200000001 184.0 0
  218.963684 136.0 0
  219.107895 820175.0 999
  219.119165 184.0 0
  219.13102700000002 164.0 0
  219.55474900000002 136.0 0
  219.627914 52.0 0
  219.672455 88.0 0
  219.706757 68.0 0
  219.710159 156.0 0
  219.836304 96.0 0
  220.015915 140.0 0
  220.040726 576.0 1
  220.042923 216.0 0
  220.120239 5080.0 6
  220.339478 2.8125 0
  220.62716700000001 108.0 0
  220.687241 240.0 0
  221.04129 144.0 0
  221.09513900000002 176.0 0
  221.11270100000002 152.0 0
  221.173721 1036.0 1
  221.37570200000002 48.0 0
  221.384811 36.0 0
  221.456543 56.0 0
  221.52546700000002 120.0 0
  221.70716900000002 32.0 0
  221.793335 116.0 0
  221.83384700000002 48.0 0
  221.89454700000002 60.0 0
  221.967377 10.37255 0
  222.183884 176.0 0
  222.205917 64.0 0
  222.30032300000002 144.0 0
  222.530258 112.0 0
  222.542587 184.0 0
  222.579483 140.0 0
  222.599487 24.0 0
  222.861206 184.0 0
  222.967377 104.0 0
  223.04454 360.0 0
  223.07212800000002 12.0 0
  223.144882 168.0 0
  223.596069 116.0 0
  223.69809 120.0 0
  224.031464 184.0 0
  224.288681 196.0 0
  224.32333400000002 208.0 0
  224.406586 176.0 0
  224.640884 116.0 0
  224.656403 44.0 0
  225.063644 685.0 1
  225.068451 48.0 0
  225.099289 64.0 0
  225.103561 55.51466 0
  225.142984 140.0 0
  225.309448 1928.0 2
  225.38235500000002 120.0 0
  225.966476 216.0 0
  226.035751 200.0 0
  226.069839 136.0 0
  226.090134 2608.0 3
  226.09400000000002 1.0 0
  226.098923 176.0 0
  226.19447300000002 184.0 0
  226.254028 160.0 0
  226.39119 132.0 0
  226.442764 104.0 0
  226.69068900000002 184.0 0
  227.107315 108.0 0
  227.143997 436.0 1
  227.189713 479.091187 1
  227.22302200000001 56.0 0
  227.35072300000002 128.0 0
  227.457718 68.0 0
  227.55474900000002 184.0 0
  227.713989 23.493891 0
  227.74644500000002 21.01786 0
  227.76358000000002 156.0 0
  227.839462 84.0 0
  227.845764 56.0 0
  228.038589 400.0 0
  228.090912 3.167587 0
  228.112015 136.0 0
  228.193634 164.0 0
  228.79191600000001 204.0 0
  229.019913 15.21365 0
  229.061646 224.0 0
  229.083908 120.0 0
  229.100754 64.0 0
  229.12468 156.0 0
  229.17944300000002 100.0 0
  229.190292 68.0 0
  229.19549600000002 124.0 0
  229.45721400000002 164.0 0
  229.922394 48.0 0
  230.054138 176.0 0
  230.089661 1716.0 2
  230.096924 148.0 0
  230.180283 148.0 0
  230.230087 236.0 0
  230.40901200000002 100.0 0
  230.46653700000002 168.0 0
  230.49028 112.0 0
  230.598495 144.0 0
  230.905609 132.0 0
  231.08699000000001 195.0 0
  231.098236 264.0 0
  231.1082 20.347219 0
  231.150757 1044.0 1
  231.167786 64.0 0
  231.174286 47.202591 0
  231.28585800000002 60.0 0
  231.300507 148.0 0
  231.45365900000002 148.0 0
  231.683426 32.0 0
  231.783142 132.0 0
  232.07063300000002 47.155231 0
  232.076645 252.0 0
  232.106323 5923.0 7
  232.316437 112.0 0
  232.456284 12.26833 0
  232.503128 172.0 0
  232.56195100000002 176.0 0
  232.913162 180.0 0
  233.025406 56.0 0
  233.048187 44.0 0
  233.063477 48.0 0
  233.095108 352.0 0
  233.240753 136.0 0
  233.53443900000002 116.0 0
  233.62243700000002 68.0 0
  233.821381 116.0 0
  234.124176 176.0 0
  234.13578800000002 112.0 0
  234.14450100000002 140.0 0
  234.69548 148.0 0
  235.05860900000002 284.0 0
  235.075745 308.0 0
  235.086609 6380.0 8
  235.123672 14.344311 0
  235.14411900000002 132.0 0
  235.192352 44.0 0
  235.32663 144.0 0
  235.416245 232.0 0
  235.938446 3.791667 0
  236.04599000000002 192.0 0
  236.05806 10.62703 0
  236.08187900000001 136.0 0
  236.49383500000002 80.0 0
  236.857834 124.0 0
  237.06817600000002 14.525 0
  237.147995 204.0 0
  237.159021 168.0 0
  237.213928 212.0 0
  237.75302100000002 180.0 0
  238.027634 64.0 0
  238.07440200000002 14.18702 0
  238.184753 52.0 0
  238.39115900000002 84.0 0
  238.56329300000002 176.0 0
  238.81315600000002 292.0 0
  239.017624 128.0 0
  239.04551700000002 160.0 0
  239.062332 9609.0 12
  239.066559 340.0 0
  239.507538 128.0 0
  239.63237 132.0 0
  239.940964 88.0 0
  240.06401100000002 72.0 0
  240.16935700000002 100.0 0
  240.685638 164.0 0
  240.765182 108.0 0
  240.987381 140.0 0
  241.023209 216.0 0
  241.052673 212.0 0
  241.443939 128.0 0
  241.538788 100.0 0
  241.599243 84.0 0
  241.642517 184.0 0
  241.657913 148.0 0
  241.797211 156.0 0
  241.884476 56.0 0
  241.92305000000002 64.0 0
  242.42746 148.0 0
  242.537292 80.0 0
  242.761292 228.0 0
  242.80358900000002 8.415 0
  242.93420400000002 92.0 0
  243.107346 172.0 0
  243.45387300000002 15.00893 0
  243.88385 68.0 0
  244.07934600000002 144.0 0
  244.091095 96.0 0
  244.711136 64.0 0
  244.92591900000002 116.0 0
  245.04736300000002 92.944473 0
  245.09859600000001 168.0 0
  245.19580100000002 92.0 0
  245.29087800000002 316.0 0
  245.39639300000002 172.0 0
  245.500046 44.0 0
  245.795197 140.0 0
  245.906464 196.0 0
  245.995956 184.0 0
  246.10754400000002 139549.0 170
  246.179474 120.0 0
  246.28237900000002 172.0 0
  246.51469400000002 56.0 0
  246.97189300000002 40.0 0
  247.01448100000002 160.0 0
  247.037994 4462.0 5
  247.085892 140.0 0
  247.09942 144.0 0
  247.212448 100.0 0
  247.370385 152.0 0
  247.572046 200.0 0
  248.059174 2900.0 4
  248.09002700000002 84.0 0
  248.097305 360.0 0
  248.440506 140.0 0
  249.100266 188.0 0
  249.126785 720.0 1
  249.164841 4160.0 5
  249.22670000000002 152.0 0
  249.61724900000002 38.03685 0
  249.653183 224.0 0
  249.86547900000002 268.0 0
  249.892593 68.0 0
  249.978149 128.0 0
  250.10247800000002 160.0 0
  250.155609 10304.0 13
  250.209091 176.0 0
  250.543213 32.0 0
  250.555191 108.0 0
  250.699783 152.0 0
  250.985352 96.0 0
  251.05722 3024.0 4
  251.20721400000002 236.0 0
  251.44364900000002 52.0 0
  252.03976400000002 264.0 0
  252.104218 256.0 0
  252.13642900000002 212.0 0
  252.558548 96.0 0
  253.046906 484.0 1
  253.39537 192.0 0
  253.641205 40.0 0
  253.711502 164.0 0
  254.029907 96.0 0
  254.074631 593462.0 723
  254.247513 36.0 0
  254.42085300000002 100.0 0
  254.520859 156.0 0
  254.584732 176.0 0
  254.598175 72.0 0
  255.117273 893.0 1
  255.491501 4.347222 0
  256.059814 146071.296875 178
  256.093506 140.0 0
  256.40835599999997 132.0 0
  256.640625 176.0 0
  257.003784 701.0 1
  257.045166 364.0 0
  257.151978 492.0 1
  257.277832 136.0 0
  257.40588399999996 112.0 0
  257.42208899999997 220.0 0
  257.687317 188.0 0
  258.10488899999996 176.0 0
  258.16223099999996 873.856384 1
  258.793701 76.0 0
  258.94082599999996 128.0 0
  258.98529099999996 136.0 0
  259.062317 200.0 0
  259.173187 204.0 0
  259.628601 172.0 0
  259.872772 232.0 0
  260.091461 332.0 0
  260.10214199999996 10.75788 0
  260.601501 156.0 0
  260.77002 136.0 0
  260.99470299999996 35082.0 43
  261.04425 156.0 0
  261.123047 132.0 0
  261.18789699999996 152.0 0
  261.750122 236.0 0
  261.83016999999995 132.0 0
  262.022095 44.0 0
  262.03198199999997 148.0 0
  262.090302 132.0 0
  262.16393999999997 48.0 0
  262.28381299999995 88.0 0
  262.29376199999996 160.0 0
  262.82104499999997 9.208333 0
  262.87463399999996 180.0 0
  262.987244 36.0 0
  263.06842 484.0 1
  263.07430999999997 196.0 0
  263.102844 104.0 0
  263.10675 50.942009 0
  263.966858 112.0 0
  263.99816899999996 284.0 0
  264.05053699999996 56128.0 68
  264.133881 984.0 1
  264.21520999999996 1397.0 2
  264.32135 172.0 0
  264.42208899999997 44.0 0
  264.512878 72.0 0
  264.79617299999995 120.0 0
  265.064911 108.0 0
  265.082581 164.0 0
  265.154022 63.04076 0
  265.22216799999995 244.0 0
  265.42382799999996 148.0 0
  265.63235499999996 196.0 0
  265.93429599999996 108.0 0
  266.12548799999996 304.0 0
  266.149414 396.0 0
  266.160034 116.0 0
  266.31829799999997 192.0 0
  266.437286 232.0 0
  267.13879399999996 369.984711 0
  267.176361 304.0 0
  267.31424 192.0 0
  268.096069 188.0 0
  268.106537 184.0 0
  268.249908 48.0 0
  268.84295699999996 100.0 0
  268.982819 48.0 0
  269.042419 272.0 0
  269.13266 168.0 0
  269.136627 12.60379 0
  269.261688 104.0 0
  269.28268399999996 112.0 0
  269.412201 160.0 0
  269.58844 34.003052 0
  269.80407099999996 216.0 0
  270.15588399999996 180.0 0
  270.562927 2.408333 0
  270.950745 236.0 0
  271.115753 216.0 0
  271.142792 156.0 0
  271.156769 128.0 0
  271.25412 56.0 0
  271.44809 52.0 0
  271.871429 148.0 0
  271.979675 152.0 0
  272.08755499999995 152.0 0
  272.24118 128.0 0
  272.347809 132.0 0
  272.452209 88.0 0
  272.75830099999996 48.0 0
  272.89624 32.0 0
  272.995483 292.0 0
  273.029449 184.0 0
  273.079498 228.0 0
  273.214386 180.0 0
  273.36264 168.0 0
  273.82037399999996 76.0 0
  273.85961899999995 244.0 0
  274.032745 50.082851 0
  274.062164 188.0 0
  274.07018999999997 353.036102 0
  274.084229 204.0 0
  274.173615 184.0 0
  274.277679 72.0 0
  274.825836 152.0 0
  274.951263 80.0 0
  275.09802199999996 164.0 0
  275.114044 308.0 0
  275.135406 47.351719 0
  275.141388 144.0 0
  275.15820299999996 1400.0 2
  275.183075 132.0 0
  275.30157499999996 164.0 0
  275.40914899999996 76.0 0
  276.01620499999996 172.0 0
  276.06012 132.0 0
  276.081659 184.0 0
  276.32372999999995 140.0 0
  277.01971399999996 168.0 0
  277.104431 3139.0 4
  277.109985 22815.0 28
  277.16790799999995 26.79693 0
  277.25527999999997 200.0 0
  277.264893 156.0 0
  277.659546 132.0 0
  278.07604999999995 188.0 0
  278.546204 68.0 0
  278.580292 76.0 0
  278.838898 176.0 0
  278.98220799999996 108.0 0
  279.00039699999996 5.054487 0
  279.023865 224.088806 0
  279.462677 132.0 0
  279.47112999999996 14.55147 0
  279.60015899999996 164.0 0
  279.78765899999996 72.0 0
  279.79968299999996 36.898819 0
  279.819794 132.0 0
  280.07125199999996 475.0 1
  280.43600499999997 164.0 0
  280.566956 52.0 0
  280.801849 112.0 0
  281.126282 100.0 0
  281.164246 160.0 0
  281.744751 148.0 0
  282.221008 200.0 0
  283.044556 160.0 0
  283.117828 756.0 1
  283.590149 152.0 0
  283.845673 200.0 0
  284.24612399999995 100.0 0
  284.602112 268.0 0
  284.848633 108.0 0
  284.936737 172.0 0
  285.031769 424.0 1
  285.074005 4.0 0
  285.32553099999996 176.0 0
  285.32879599999995 144.0 0
  286.061554 2700.0 3
  286.144135 1020.0 1
  286.64624 64.534569 0
  286.84036299999997 152.0 0
  287.152039 244.0 0
  287.392029 204.0 0
  287.821289 76.0 0
  287.842377 168.0 0
  288.11630199999996 256.0 0
  288.382568 224.0 0
  289.07962 200.0 0
  289.179596 19.67738 0
  289.836578 7.266666 0
  290.00219699999997 140.0 0
  290.02539099999996 132.0 0
  290.058319 148.0 0
  290.20077499999996 152.0 0
  290.33111599999995 5.338889 0
  290.72911999999997 72.0 0
  291.16549 208.0 0
  291.181244 308.0 0
  291.749573 116.0 0
  292.131775 148.0 0
  292.152771 283.169495 0
  292.187347 152.0 0
  292.90295399999997 172.0 0
  293.019592 224.0 0
  293.095337 544.0 1
  293.110565 140.0 0
  293.65408299999996 5.052632 0
  293.735779 24.624371 0
  293.81402599999996 84.0 0
  293.898621 128.0 0
  294.011322 224.0 0
  294.122033 192.0 0
  294.476318 24.92561 0
  294.581635 136.0 0
  294.99118 64.0 0
  295.164917 300.0 0
  295.176697 300.0 0
  295.194275 84.0 0
  296.036835 128.0 0
  296.14068599999996 112.0 0
  296.46871899999996 76.0 0
  296.539703 176.0 0
  296.65338099999997 64.0 0
  296.794739 12.986691 0
  297.115662 176.0 0
  298.12619 660.0 1
  298.345886 144.0 0
  298.48529099999996 40.0 0
  298.584656 100.0 0
  298.654785 44.0 0
  299.251489 144.0 0
  300.161346 128.0 0
  300.16445899999997 272.0 0
  300.313568 56.0 0
  300.704437 168.0 0
  301.20501099999996 196.0 0
  301.685974 52.0 0
  301.71936 40.0 0
  302.03851299999997 224.0 0
  302.05404699999997 380.0 0
  302.076752 92.0 0
  302.20584099999996 1257.359985 2
  302.29736299999996 18.3382 0
  302.492981 164.0 0
  302.69101 68.0 0
  303.025513 132.0 0
  303.84405499999997 14.02778 0
  304.46340899999996 29.22364 0
  304.58505199999996 120.0 0
  305.09494 212.0 0
  305.53799399999997 19.70833 0
  305.75708 96.0 0
  305.816132 216.0 0
  306.093842 420.0 1
  306.115814 196.0 0
  306.48562599999997 148.0 0
  306.782745 36.0 0
  306.99603299999995 136.0 0
  307.34930399999996 84.0 0
  307.41272 156.0 0
  307.516937 188.0 0
  307.625977 52.0 0
  308.00469999999996 2936.0 4
  308.133575 160.0 0
  308.17510999999996 488.0 1
  308.70611599999995 224.0 0
  308.944702 148.0 0
  309.03869599999996 188.0 0
  309.05899 152.0 0
  309.13031 476.0 1
  309.18936199999996 48.935139 0
  309.256805 108.0 0
  309.83212299999997 244.0 0
  310.245789 164.0 0
  310.48580899999996 132.0 0
  311.052979 108.0 0
  311.153625 188.0 0
  311.157043 156.0 0
  312.01980599999996 172.0 0
  312.15152 264.0 0
  313.143372 96.0 0
  313.271667 380.0 0
  313.52804599999996 76.0 0
  314.457794 72.0 0
  315.068512 798.0 1
  315.555542 144.0 0
  315.72817999999995 172.0 0
  315.85495 132.0 0
  316.02786299999997 124.0 0
  316.073822 180.0 0
  316.140564 31749.0 39
  316.382568 176.0 0
  316.65655499999997 68.0 0
  316.762543 72.0 0
  316.80508399999997 11.00463 0
  317.025024 96.0 0
  317.11791999999997 804.0 1
  317.312195 2.875 0
  317.822296 112.0 0
  318.154999 332.0 0
  318.98587 184.0 0
  319.171021 28.65341 0
  319.393219 3.90625 0
  319.59783899999996 11.09167 0
  319.74508699999996 200.0 0
  319.88079799999997 22.04018 0
  320.06762699999996 1144.0 1
  320.114105 148.0 0
  320.43685899999997 80.0 0
  320.50082399999997 1.801923 0
  320.82183799999996 200.0 0
  321.01971399999996 104.0 0
  321.11303699999996 148.0 0
  321.152161 108.0 0
  321.17709399999995 143.275894 0
  321.215607 160.0 0
  321.721008 48.023769 0
  323.08959999999996 376.0 0
  323.582336 256.0 0
  323.896545 308.0 0
  324.311249 140.0 0
  324.510132 184.0 0
  325.060998 1881.0 2
  325.295929 136.0 0
  325.626465 128.0 0
  325.65408299999996 88.0 0
  326.145935 264.0 0
  326.27340699999996 132.0 0
  326.381622 116.0 0
  326.951447 172.0 0
  327.00143399999996 152.0 0
  327.269012 152.0 0
  328.170892 344.0 0
  328.629578 64.0 0
  328.975396 100.0 0
  329.121026 296.0 0
  329.15924099999995 96.0 0
  329.28418 180.0 0
  329.78524799999997 60.0 0
  330.394348 184.0 0
  331.55224599999997 216.0 0
  331.763916 84.0 0
  332.42269899999997 116.0 0
  332.83334399999995 2.151691 0
  334.056061 136.0 0
  334.094537 220.0 0
  334.781586 144.0 0
  334.966553 44.0 0
  336.109283 12661.0 15
  336.25531 148.0 0
  336.737671 60.0 0
  337.127075 120.0 0
  337.204071 144.0 0
  337.22387699999996 148.0 0
  337.725128 14.51148 0
  337.96230399999996 132.0 0
  338.29834 148.0 0
  338.957153 104.0 0
  339.07165499999996 100.0 0
  340.926361 192.0 0
  340.9552 152.0 0
  341.06130299999995 188.0 0
  341.14746099999996 176.0 0
  341.244415 112.0 0
  341.544586 16.68421 0
  341.651215 8.888888 0
  342.56289699999996 64.0 0
  342.617432 132.0 0
  343.83181099999996 152.0 0
  344.56143199999997 176.0 0
  344.600128 412.0 1
  344.63339199999996 48.0 0
  344.659454 100.0 0
  346.516998 4.349638 0
  346.744965 48.0 0
  347.081299 370.330902 0
  347.14608799999996 176.0 0
  347.320129 52.0 0
  348.256012 212.0 0
  349.91156 128.0 0
  350.085022 144.0 0
  350.42501799999997 48.0 0
  350.993635 658.0 1
  351.043793 725.0 1
  351.534454 112.0 0
  352.11724899999996 132.0 0
  353.05810499999995 44.06377 0
  353.154229 992.0 1
  353.394531 156.0 0
  353.407471 40.0 0
  353.585785 40.0 0
  354.23233 136.0 0
  354.892792 164.0 0
  355.3302 60.0 0
  356.11236599999995 152.0 0
  356.124268 392.0 0
  356.234924 136.0 0
  357.55895999999996 212.0 0
  357.575745 128.0 0
  358.127136 3750.88208 5
  359.492279 64.0 0
  360.22860699999995 180.0 0
  360.852631 124.0 0
  361.026825 140.0 0
  361.48172 9.563636 0
  361.858948 76.0 0
  362.326691 64.0 0
  362.497253 64.0 0
  363.068848 164.0 0
  363.451965 236.0 0
  364.00109899999995 92.0 0
  364.16009499999996 566452.0 690
  364.815704 128.0 0
  364.989349 112.0 0
  365.50067099999995 132.0 0
  366.14266999999995 176.0 0
  366.60787999999997 148.0 0
  367.67880199999996 88.0 0
  368.168396 160.0 0
  369.126404 124.0 0
  369.704437 92.0 0
  369.73770099999996 34.870468 0
  369.827606 48.0 0
  370.126923 1004.908997 1
  371.23193399999997 100.0 0
  371.512268 96.0 0
  373.68756099999996 144.0 0
  374.011213 120.0 0
  375.82543899999996 132.0 0
  376.712921 16.4401 0
  376.823578 140.0 0
  377.17650699999996 168.0 0
  378.612396 188.0 0
  378.939752 224.0 0
  380.123291 152.0 0
  380.387146 124.0 0
  381.08959999999996 17126.0 21
  382.44574 108.0 0
  382.94342 252.0 0
  383.177399 1931.0 2
  383.44708299999996 6.469231 0
  384.001825 160.0 0
  385.154199 115.0 0
  385.24215699999996 188.0 0
  386.652581 184.0 0
  387.88586399999997 252.0 0
  388.136841 57.14959 0
  389.467072 144.0 0
  390.261444 112.0 0
  392.430481 40.0 0
  393.787262 192.0 0
  394.87404799999996 168.0 0
  395.073608 596.0 1
  395.558228 156.0 0
  395.76138299999997 196.0 0
  396.043091 21315.439453 26
  397.126373 2684.0 3
  397.49404899999996 48.0 0
  398.136261 36.066669 0
  399.25170299999996 136.0 0
  399.37161299999997 60.0 0
  400.56280499999997 108.0 0
  401.208954 14932.0 18
  402.015961 120.0 0
  402.256775 68.0 0
  403.680664 116.0 0
  403.71630899999997 128.0 0
  403.790344 100.0 0
  406.197815 172.0 0
  408.354126 160.0 0
  410.922729 324.0 0
  411.106042 276.0 0
  411.537622 132.0 0
  412.09063699999996 204.0 0
  413.098846 7467.0 9
  413.156586 164.0 0
  414.53186 140.0 0
  414.936981 4005.90918 5
  416.19699099999997 1060.0 1
  418.632202 64.734947 0
  419.90033 36.0 0
  420.368591 136.0 0
  421.166718 1656.0 2
  421.219391 1752.0 2
  423.187012 140.0 0
  423.316284 8.05 0
  423.834595 64.0 0
  423.89764399999996 20.93631 0
  426.052185 88.0 0
  426.63122599999997 268.0 0
  426.75256299999995 8.008333 0
  427.270807 152.0 0
  428.15047599999997 3277.0 4
  429.140533 260.0 0
  429.301697 16.9 0
  429.89743 3.829762 0
  430.060303 180.0 0
  430.73938 1557.944092 2
  431.288544 88.0 0
  431.812073 248.0 0
  432.20467499999995 144.0 0
  432.297424 160.0 0
  434.816406 160.0 0
  435.16326899999996 100.0 0
  435.231384 144.0 0
  437.129883 148.0 0
  438.96675999999997 48.0 0
  439.090912 0.74489 0
  439.248718 168.0 0
  440.88037099999997 4346.0 5
  441.20327799999995 148.0 0
  441.92522599999995 152.0 0
  443.042175 120.0 0
  443.1633 35.560181 0
  445.066034 284.0 0
  445.40786699999995 140.0 0
  446.66909799999996 164.0 0
  448.216248 160.0 0
  449.72226 88.0 0
  449.83248899999995 156.0 0
  451.82156399999997 184.0 0
  451.864984 44.0 0
  457.08608999999996 688.0 1
  457.63638299999997 6.277315 0
  458.182617 9.602448 0
  458.472534 2248.0 3
  458.483459 40.084461 0
  460.142944 16.2505 0
  461.98684699999995 13.26726 0
  462.93447899999995 22.240789 0
  469.031525 188.0 0
  469.133698 924.0 1
  470.717224 152.0 0
  476.596497 10.01293 0
  478.686127 100.0 0
  478.73510699999997 144.0 0
  481.629913 88.0 0
  483.14464699999996 100.0 0
  485.407227 236.0 0
  487.56206599999996 428.0 1
  489.32080099999996 436.0 1
//
