ACCESSION: CCMSLIB00000004858
RECORD_TITLE: decoy
DATE: 2015.11.20
AUTHORS: Administrator
LICENSE: CC BY-SA
CH$NAME: decoy
CH$COMPOUND_CLASS: Natural Product
CH$FORMULA: C25H28N6O7S3
CH$EXACT_MASS: 620.118160236
CH$SMILES: N/A
CH$IUPAC: decoy
CH$LINK: N/A
AC$INSTRUMENT: decoy
AC$INSTRUMENT_TYPE: decoy
AC$MASS_SPECTROMETRY: MS_TYPE MS2
AC$MASS_SPECTROMETRY: ION_MODE POSITIVE
AC$MASS_SPECTROMETRY: COLLISION_ENERGY 10 V
MS$FOCUSED_ION: PRECURSOR_M/Z 621
MS$FOCUSED_ION: PRECURSOR_TYPE [M+H]+
PK$NUM_PEAK: 2372
PK$PEAK: m/z int. rel.int.
  44.987549 124.0 0
  45.104752000000005 136.0 0
  45.249676 184.0 0
  45.404758 132.0 0
  45.457058 136.0 0
  45.514912 204.0 0
  45.997299 156.0 0
  46.059235 228.0 0
  46.355965000000005 156.0 0
  46.521969 156.0 0
  46.529596 160.0 0
  46.668919 152.0 0
  46.747799 212.0 0
  46.798256 196.0 0
  47.137791 208.0 0
  47.284248 180.0 0
  47.287487 156.0 0
  47.31163 164.0 0
  47.329987 136.0 0
  47.629673000000004 52.0 0
  47.724438 184.0 0
  47.758228 124.0 0
  47.770084000000004 80.0 0
  47.845692 160.0 0
  47.855492 168.0 0
  48.08704 164.0 0
  48.150173 172.0 0
  48.387833 152.0 0
  48.531563 84.0 0
  48.69722 148.0 0
  48.879665 96.0 0
  49.279877 184.0 0
  49.659576 196.0 0
  49.863621 180.0 0
  49.926392 136.0 0
  50.455166 204.0 0
  51.287827 188.0 0
  51.4174 152.0 0
  51.45924 180.0 0
  51.651283 216.0 0
  51.654022000000005 156.0 0
  51.965992 164.0 0
  51.991169 220.0 0
  52.1717 116.0 0
  52.29668 40.0 0
  52.377182000000005 112.0 0
  52.853218 164.0 0
  52.873306 248.0 0
  52.915295 196.0 0
  53.047623 168.0 0
  53.85577 236.0 0
  54.054901 192.0 0
  54.308048 52.0 0
  54.355091 112.0 0
  54.460426 108.0 0
  54.467041 220.0 0
  54.86771 148.0 0
  54.913208000000004 156.0 0
  55.042004 224.0 0
  55.145763 204.0 0
  55.205429 168.0 0
  55.392349 212.0 0
  55.714046 196.0 0
  55.995987 152.0 0
  56.028084 152.0 0
  56.208679000000004 152.0 0
  56.370045000000005 148.0 0
  56.601971 184.0 0
  56.626331 156.0 0
  56.890026 192.0 0
  56.893223 180.0 0
  56.917282 148.0 0
  57.080318 188.0 0
  57.141449 172.0 0
  57.288746 112.0 0
  57.480705 156.0 0
  57.647564 224.0 0
  57.683918 140.0 0
  57.716419 92.0 0
  58.262123 232.0 0
  58.281754 180.0 0
  58.326881 180.0 0
  58.34267 204.0 0
  58.561462 176.0 0
  58.683346 192.0 0
  58.715160000000004 164.0 0
  59.072247000000004 172.0 0
  59.25386 212.0 0
  59.371777 196.0 0
  59.577419 212.0 0
  59.989838 140.0 0
  60.017109000000005 148.0 0
  60.327362 148.0 0
  60.403008 184.0 0
  60.699654 64.0 0
  60.725693 172.0 0
  60.974243 232.0 0
  61.004562 208.0 0
  61.159737 192.0 0
  61.256935 180.0 0
  61.725758 168.0 0
  61.961365 148.0 0
  62.153076 104.0 0
  62.441975 116.0 0
  62.499058 120.0 0
  62.650967 116.0 0
  62.832111000000005 212.0 0
  62.84502 108.0 0
  63.018368 68.0 0
  63.357517 184.0 0
  63.543976 192.0 0
  63.598377 224.0 0
  63.715408000000004 180.0 0
  63.797245000000004 160.0 0
  64.01018499999999 152.0 0
  64.13810699999999 56.0 0
  64.233955 132.0 0
  64.384193 184.0 0
  64.525627 176.0 0
  65.143875 56.0 0
  65.256332 160.0 0
  65.82067099999999 228.0 0
  65.88448299999999 184.0 0
  65.924797 128.0 0
  66.137924 132.0 0
  66.165146 176.0 0
  66.291794 144.0 0
  66.93534899999999 128.0 0
  67.011269 48.0 0
  67.08712 320.0 1
  67.44676199999999 180.0 0
  67.561607 168.0 0
  67.77027899999999 128.0 0
  67.90392299999999 236.0 0
  68.24653599999999 120.0 0
  68.67510999999999 156.0 0
  68.701332 148.0 0
  68.780113 76.0 0
  68.795959 192.0 0
  68.931946 192.0 0
  69.15175599999999 212.0 0
  69.190125 148.0 0
  69.217896 152.0 0
  69.23938 308.0 1
  69.34915199999999 152.0 0
  69.38924399999999 104.0 0
  69.43989599999999 68.0 0
  69.49531599999999 176.0 0
  69.61039699999999 164.0 0
  69.809013 200.0 0
  69.826286 200.0 0
  70.000084 126.824203 0
  70.018761 76.0 0
  70.07159399999999 300.0 1
  70.249451 140.0 0
  70.293144 156.0 0
  70.39160199999999 208.0 0
  70.481377 212.0 0
  71.07871999999999 112.0 0
  71.469398 160.0 0
  71.86801899999999 196.0 0
  72.05246 144.0 0
  72.87630499999999 188.0 0
  73.03508799999999 76.0 0
  73.120308 128.0 0
  73.12997399999999 152.0 0
  73.183319 204.0 0
  73.620491 140.0 0
  73.816277 176.0 0
  73.87913499999999 176.0 0
  73.934242 200.0 0
  74.672485 192.0 0
  74.690224 116.0 0
  74.756508 124.0 0
  75.02825899999999 296.0 1
  75.326996 96.0 0
  75.56983199999999 88.0 0
  75.61701199999999 176.0 0
  75.722839 52.0 0
  75.881036 180.0 0
  76.341606 204.0 0
  77.09028599999999 172.0 0
  77.14406699999999 180.0 0
  77.24583399999999 152.0 0
  77.47138199999999 124.0 0
  77.679001 52.0 0
  77.718239 172.0 0
  77.771576 204.0 0
  77.83120699999999 224.0 0
  77.89561499999999 168.0 0
  77.932549 200.0 0
  78.117668 112.0 0
  78.212181 164.0 0
  78.33202399999999 180.0 0
  78.526688 204.0 0
  78.67549899999999 124.0 0
  78.758438 156.0 0
  78.904007 132.0 0
  78.952011 120.0 0
  79.004875 184.0 0
  79.269234 180.0 0
  79.341691 140.0 0
  79.431747 160.0 0
  79.56871 156.0 0
  79.734726 240.0 0
  79.931542 168.0 0
  80.04431899999999 192.0 0
  80.408829 140.0 0
  80.46134199999999 196.0 0
  80.783119 168.0 0
  81.068298 195.334595 0
  81.198166 156.0 0
  81.273117 204.0 0
  81.50201399999999 52.0 0
  81.77784 132.0 0
  81.946457 168.0 0
  82.13705499999999 216.0 0
  82.152412 152.0 0
  82.513977 168.0 0
  82.93734699999999 148.0 0
  83.28067 176.0 0
  83.512299 204.0 0
  83.833687 132.0 0
  83.87957 148.0 0
  84.01396899999999 224.0 0
  84.141525 124.0 0
  84.25292999999999 56.0 0
  84.42514 224.0 0
  84.63063 220.0 0
  84.790459 236.0 0
  84.863602 180.0 0
  85.08299299999999 208.0 0
  85.355446 156.0 0
  85.370049 188.0 0
  85.565781 204.0 0
  85.57749199999999 136.0 0
  85.58753999999999 208.0 0
  85.882019 184.0 0
  86.104958 248.0 0
  86.237991 220.0 0
  86.28422499999999 212.0 0
  86.34110299999999 192.0 0
  86.589401 136.0 0
  86.591461 88.0 0
  86.818619 140.0 0
  87.02207899999999 160.0 0
  87.171577 144.0 0
  87.179459 100.0 0
  87.196838 240.0 0
  87.40356399999999 152.0 0
  87.489075 208.0 0
  87.65251199999999 140.0 0
  88.04601299999999 124.0 0
  88.165955 152.0 0
  88.65164899999999 144.0 0
  88.868591 180.0 0
  88.88145399999999 172.0 0
  89.03903199999999 196.0 0
  89.08547999999999 228.0 0
  89.606422 188.0 0
  89.71258499999999 260.0 1
  90.06951099999999 236.0 0
  90.40126799999999 164.0 0
  90.431404 200.0 0
  90.650719 156.0 0
  90.807526 180.0 0
  90.82185399999999 128.0 0
  90.83554799999999 176.0 0
  90.860062 144.0 0
  91.043053 304.0 1
  91.288254 68.0 0
  91.47361 436.0 1
  91.590874 160.0 0
  91.76778399999999 212.0 0
  91.888702 180.0 0
  91.90209999999999 92.0 0
  92.02418499999999 140.0 0
  92.057762 148.0 0
  92.061256 220.0 0
  92.09307899999999 168.0 0
  92.286659 168.0 0
  92.35230999999999 84.0 0
  92.412712 144.0 0
  92.629204 172.0 0
  92.681618 148.0 0
  92.72043599999999 76.0 0
  92.75157899999999 304.0 1
  92.942841 116.0 0
  93.006897 160.0 0
  93.075897 132.0 0
  93.08824899999999 156.0 0
  93.24121099999999 176.0 0
  93.27181999999999 68.0 0
  93.352081 224.0 0
  93.417259 184.0 0
  93.770821 192.0 0
  93.843391 32.0 0
  94.06027999999999 136.0 0
  94.063858 172.0 0
  94.193253 140.0 0
  94.22627299999999 208.0 0
  94.382172 144.0 0
  94.558189 52.0 0
  94.651794 252.0 0
  94.89229599999999 156.0 0
  94.939751 248.0 0
  94.969551 220.0 0
  94.971931 152.0 0
  95.013252 172.0 0
  95.03562199999999 164.0 0
  95.043053 180.0 0
  95.084435 1696.0 3
  95.29304499999999 184.0 0
  95.374161 216.0 0
  95.40975999999999 228.0 0
  95.62333699999999 152.0 0
  95.716095 36.0 0
  95.778145 140.0 0
  95.799866 76.0 0
  95.97097799999999 76.0 0
  96.044502 140.0 0
  96.104958 180.0 0
  96.14634699999999 184.0 0
  96.17165399999999 120.0 0
  96.180336 188.0 0
  96.195488 244.0 0
  96.299606 140.0 0
  96.31459799999999 140.0 0
  96.412605 60.0 0
  96.46144899999999 152.0 0
  96.498077 252.0 0
  96.532005 184.0 0
  96.61484499999999 196.0 0
  96.88967099999999 152.0 0
  96.942482 168.0 0
  97.017799 48.0 0
  97.09267399999999 212.0 0
  97.101051 3212.0 6
  97.234421 184.0 0
  97.265228 140.0 0
  97.487556 160.0 0
  97.56856499999999 52.0 0
  98.18639399999999 44.0 0
  98.438667 140.0 0
  98.49544499999999 104.0 0
  98.54744699999999 152.0 0
  98.624489 176.0 0
  98.78255499999999 140.0 0
  98.821602 188.0 0
  98.839912 152.0 0
  98.88899199999999 180.0 0
  98.928726 228.0 0
  99.098068 552.0 1
  99.281776 172.0 0
  99.475922 184.0 0
  99.501122 160.0 0
  99.578667 168.0 0
  99.61836199999999 168.0 0
  99.846092 116.0 0
  99.858284 240.0 0
  100.06034899999999 152.0 0
  100.40469399999999 60.0 0
  100.536919 192.0 0
  100.624496 136.0 0
  100.644104 272.0 1
  100.66620599999999 124.0 0
  100.691284 8.291667 0
  100.94229899999999 136.0 0
  100.970192 228.0 0
  101.001122 368.0 1
  101.01454899999999 19.968349 0
  101.036858 324.0 1
  101.10784899999999 123.166702 0
  101.14563 204.0 0
  101.17751299999999 156.0 0
  101.447525 148.0 0
  101.49323299999999 164.0 0
  101.551628 104.0 0
  101.59941099999999 108.0 0
  101.640343 96.0 0
  101.83676899999999 164.0 0
  101.964249 244.0 0
  102.03852099999999 35.712059 0
  102.04576899999999 164.0 0
  102.10763499999999 228.0 0
  102.192848 56.0 0
  102.221817 200.0 0
  102.226395 220.0 0
  102.369354 180.0 0
  102.43817899999999 11.66786 0
  102.47449499999999 192.0 0
  102.61881299999999 18.29167 0
  102.719917 112.0 0
  102.850197 180.0 0
  102.931001 160.0 0
  103.03920699999999 248.0 0
  103.049652 220.0 0
  103.05442 224.0 0
  103.058357 128.0 0
  103.37104799999999 72.0 0
  103.393227 60.0 0
  103.42629199999999 60.0 0
  103.572701 140.0 0
  103.701729 148.0 0
  103.93569199999999 168.0 0
  103.990929 164.0 0
  104.02767899999999 220.0 0
  104.047394 22.687599 0
  104.05858599999999 176.0 0
  104.070618 746.720215 1
  104.08002499999999 188.0 0
  104.14807099999999 25.29933 0
  104.223244 184.0 0
  104.35831499999999 80.0 0
  104.466591 140.0 0
  104.532539 160.0 0
  104.565918 228.0 0
  104.684311 160.0 0
  104.717323 156.0 0
  104.75153399999999 140.0 0
  104.81311799999999 192.0 0
  104.90589899999999 140.0 0
  105.011444 180.0 0
  105.02278899999999 204.0 0
  105.04098499999999 220.0 0
  105.04444099999999 180.0 0
  105.070297 1456.0 3
  105.15470099999999 204.0 0
  105.169411 240.0 0
  105.25190699999999 80.0 0
  105.296455 120.0 0
  105.30289499999999 176.0 0
  105.34460399999999 6.011364 0
  105.38542199999999 22.967899 0
  105.43025999999999 10.41667 0
  105.470734 188.0 0
  105.751915 144.0 0
  105.78813199999999 144.0 0
  105.794258 36.0 0
  105.915337 136.504303 0
  105.951698 240.0 0
  105.969849 168.0 0
  105.983154 188.0 0
  106.040527 276.0 1
  106.063828 1208.0 2
  106.12390099999999 104.0 0
  106.18532599999999 172.0 0
  106.43734699999999 212.0 0
  106.534065 216.0 0
  106.553596 212.0 0
  106.569847 156.0 0
  106.608459 224.0 0
  106.62467199999999 128.0 0
  106.65727199999999 204.0 0
  106.77655 100.0 0
  106.80414599999999 104.0 0
  106.88581099999999 112.0 0
  106.906517 112.0 0
  107.035286 368.0 1
  107.04761599999999 104.0 0
  107.05098699999999 156.0 0
  107.170082 1.777778 0
  107.184387 116.0 0
  107.240524 31.11574 0
  107.281807 188.0 0
  107.324226 56.0 0
  107.335915 260.0 1
  107.44840199999999 4.125 0
  107.46041899999999 164.0 0
  107.478302 160.0 0
  107.60426299999999 108.0 0
  107.63269799999999 184.0 0
  107.679474 80.0 0
  107.87116999999999 168.0 0
  107.94393199999999 240.0 0
  107.95414 160.0 0
  108.04038999999999 124.0 0
  108.043983 2805.253906 6
  108.055115 136.0 0
  108.157822 144.0 0
  108.31047099999999 148.0 0
  108.326698 232.0 0
  108.47346499999999 16.008329 0
  108.50148 100.0 0
  108.694077 104.0 0
  108.791428 152.0 0
  108.797699 172.0 0
  108.82495899999999 188.0 0
  108.974342 168.0 0
  108.99050299999999 3639.0 7
  109.02696999999999 100.0 0
  109.056198 24.008329 0
  109.060417 188.0 0
  109.083794 160.0 0
  109.098213 72.397217 0
  109.23281899999999 164.0 0
  109.317719 12.01688 0
  109.331909 228.0 0
  109.436584 120.0 0
  109.61344899999999 28.0 0
  109.70947299999999 68.0 0
  109.787354 88.0 0
  109.81236299999999 152.0 0
  109.823601 136.0 0
  110.032455 160.0 0
  110.03800199999999 172.0 0
  110.06590999999999 168.0 0
  110.09234599999999 40.0 0
  110.09635899999999 1080.0 2
  110.275421 140.0 0
  110.29326599999999 56.0 0
  110.356293 148.0 0
  110.626373 200.0 0
  110.67352299999999 180.0 0
  110.710197 156.0 0
  110.72225999999999 140.0 0
  110.898956 76.0 0
  111.013588 3039.974121 6
  111.107597 156.0 0
  111.143487 192.0 0
  111.195229 64.0 0
  111.21205099999999 88.0 0
  111.32820099999999 164.0 0
  111.37082699999999 100.0 0
  111.41648099999999 112.0 0
  111.496033 11.75763 0
  111.63915999999999 200.0 0
  111.796516 156.0 0
  111.84369699999999 172.0 0
  111.854095 176.0 0
  112.002037 184.0 0
  112.059372 164.0 0
  112.089096 16.429001 0
  112.09912899999999 168.0 0
  112.10415599999999 160.0 0
  112.11102299999999 200.0 0
  112.18321999999999 108.0 0
  112.325966 108.0 0
  112.369987 132.0 0
  112.392395 148.0 0
  112.40105399999999 28.0 0
  112.43959 80.0 0
  112.77671099999999 144.0 0
  112.885284 184.0 0
  113.122429 168.0 0
  113.16265899999999 128.0 0
  113.167801 184.0 0
  113.433678 184.0 0
  113.61679099999999 224.0 0
  113.671112 128.0 0
  113.70217099999999 128.0 0
  114.016556 180.0 0
  114.052025 164.0 0
  114.07504999999999 156.0 0
  114.14169299999999 36.0 0
  114.166725 160.0 0
  114.36318999999999 268.0 1
  114.380348 92.0 0
  114.396851 156.0 0
  114.48582499999999 108.0 0
  114.62836499999999 160.0 0
  114.684395 4.507576 0
  114.79776 172.0 0
  114.946134 401.0 1
  114.99958799999999 152.0 0
  115.04920999999999 99124.0 195
  115.05506899999999 360.0 1
  115.16561899999999 24.399019 0
  115.23889199999999 148.0 0
  115.26242099999999 80.0 0
  115.29313699999999 208.0 0
  115.366867 196.0 0
  115.384232 48.0 0
  115.418381 2.669444 0
  115.56189699999999 164.0 0
  115.569649 56.0 0
  115.88233899999999 140.0 0
  116.014313 164.0 0
  116.016937 72.0 0
  116.04995 680.0 1
  116.19092599999999 18.6056 0
  116.28493499999999 168.0 0
  116.301735 248.0 0
  116.521339 208.0 0
  116.54807299999999 128.0 0
  116.596825 164.0 0
  116.630455 124.0 0
  116.676071 140.0 0
  116.713753 164.0 0
  116.72435 160.0 0
  116.85678899999999 104.0 0
  116.85990899999999 108.0 0
  116.870255 144.0 0
  116.94912 136.0 0
  116.978828 44.0 0
  117.013657 140.0 0
  117.031967 412.0 1
  117.03620099999999 100.0 0
  117.04573099999999 84.0 0
  117.05676299999999 352.0 1
  117.05895199999999 172.0 0
  117.06592599999999 160.0 0
  117.069893 820.0 2
  117.12699099999999 100.0 0
  117.26789099999999 64.0 0
  117.300766 184.0 0
  117.543419 23.322371 0
  117.673851 144.0 0
  117.772644 156.0 0
  117.91429099999999 180.0 0
  117.952911 216.0 0
  118.07367699999999 440.0 1
  118.246826 244.0 0
  118.279327 168.0 0
  118.428947 172.0 0
  118.669907 196.0 0
  118.75050399999999 12.52898 0
  118.807884 184.0 0
  118.815208 252.0 0
  118.87818899999999 132.0 0
  118.93672199999999 176.0 0
  119.006119 116.0 0
  119.036217 32.33987 0
  119.03907799999999 589.0 1
  119.05075799999999 192.0 0
  119.08197 152.0 0
  119.127388 172.0 0
  119.160461 136.0 0
  119.209915 8.235826 0
  119.25696599999999 84.0 0
  119.349312 144.0 0
  119.42324099999999 152.0 0
  119.69674699999999 8.041667 0
  119.715797 156.0 0
  119.73900599999999 164.0 0
  119.802917 128.0 0
  119.938789 232.0 0
  119.99844399999999 32.0 0
  120.073555 184.0 0
  120.086845 204.0 0
  120.20395699999999 56.0 0
  120.222794 96.0 0
  120.231781 756.0 1
  120.27267499999999 124.0 0
  120.39808699999999 13.32237 0
  120.580643 1.223485 0
  120.614227 164.0 0
  120.626289 180.0 0
  120.703148 84.0 0
  120.75402799999999 136.0 0
  120.84288799999999 196.0 0
  120.889473 168.0 0
  120.90042899999999 156.0 0
  120.98469499999999 228.0 0
  121.02559699999999 3779.0 7
  121.027931 144.0 0
  121.043449 220.0 0
  121.05055999999999 1419.0 3
  121.061325 156.0 0
  121.06584199999999 5052.0 10
  121.089806 2132.0 4
  121.097214 84.0 0
  121.101135 312.0 1
  121.139107 156.0 0
  121.15373199999999 96.0 0
  121.17407999999999 2.336539 0
  121.17815499999999 180.0 0
  121.194153 24.14015 0
  121.234016 76.0 0
  121.27495599999999 124.0 0
  121.43334999999999 116.0 0
  121.51399199999999 264.0 1
  121.561295 120.0 0
  121.59517699999999 112.0 0
  121.60305 176.0 0
  121.610176 13.52447 0
  121.669693 60.0 0
  121.883949 6.186531 0
  122.04688999999999 104.0 0
  122.18822499999999 144.0 0
  122.23848 192.0 0
  122.29601299999999 284.0 1
  122.310188 24.000589 0
  122.394196 64.0 0
  122.543594 144.0 0
  122.550652 140.0 0
  122.62294 128.0 0
  122.70118 172.0 0
  122.70393399999999 104.0 0
  122.74505599999999 12.53057 0
  122.828369 124.0 0
  122.933922 164.0 0
  122.97428099999999 116.0 0
  123.012001 16859.0 33
  123.026215 6535.346191 13
  123.041428 828.0 2
  123.08005499999999 1284.0 3
  123.24767299999999 144.0 0
  123.25074 112.0 0
  123.27523 140.0 0
  123.33856999999999 204.0 0
  123.34058399999999 13.12821 0
  123.495567 68.0 0
  123.616722 80.0 0
  123.66667899999999 144.0 0
  123.902649 132.0 0
  124.020866 156.0 0
  124.037346 220.0 0
  124.04673799999999 176.0 0
  124.106873 100.0 0
  124.11275499999999 176.0 0
  124.12527499999999 14.48333 0
  124.150032 40.0 0
  124.42127199999999 300.0 1
  124.548119 200.0 0
  124.638657 216.0 0
  124.691513 40.0 0
  124.698853 72.0 0
  124.791916 236.0 0
  124.83931 92.0 0
  124.864189 144.0 0
  124.96723899999999 1662.0 3
  125.052177 144.0 0
  125.059242 268.0 1
  125.09552 148.0 0
  125.120865 3.875 0
  125.285736 56.0 0
  125.40686799999999 212.0 0
  125.50943799999999 3.202778 0
  125.64974199999999 30.235701 0
  125.764732 40.0 0
  125.825058 2.0 0
  125.861054 64.0 0
  125.915352 148.0 0
  125.967331 140.0 0
  125.98829699999999 88.0 0
  126.026314 224.0 0
  126.04154199999999 168.0 0
  126.06339299999999 12.08654 0
  126.066261 4185.421875 8
  126.076439 144.0 0
  126.11363999999999 220.0 0
  126.138954 192.0 0
  126.288292 152.0 0
  126.334091 192.0 0
  126.47170999999999 108.0 0
  126.57244899999999 42.281979 0
  126.623573 152.0 0
  126.62925 176.0 0
  126.65180199999999 268.0 1
  126.72506 108.0 0
  126.798508 5.849537 0
  127.04444099999999 172.0 0
  127.05386399999999 176.0 0
  127.268425 28.0 0
  127.52477999999999 144.0 0
  127.79311399999999 172.0 0
  128.044342 376.0 1
  128.047043 168.0 0
  128.116043 160.0 0
  128.342819 268.0 1
  128.387527 68.0 0
  128.428879 152.0 0
  128.533752 144.0 0
  128.540863 168.0 0
  128.54834 196.0 0
  128.599442 108.0 0
  128.627335 152.0 0
  128.636215 180.0 0
  128.708633 156.0 0
  128.812897 164.0 0
  128.82707200000002 168.0 0
  128.842331 112.0 0
  128.875427 168.0 0
  128.901093 140.0 0
  128.944427 180.0 0
  129.011444 236.0 0
  129.05032300000002 48.0 0
  129.059402 328.0 1
  129.067657 876.0 2
  129.069916 1604.0 3
  129.114746 10.5125 0
  129.199554 192.0 0
  129.242081 100.0 0
  129.673935 164.0 0
  129.79791300000002 116.0 0
  129.866547 168.0 0
  129.90068100000002 188.0 0
  129.90831 204.0 0
  129.94455000000002 156.0 0
  129.991791 56.0 0
  130.075409 152.0 0
  130.11994900000002 160.0 0
  130.12745700000002 112.0 0
  130.243896 204.0 0
  130.269562 17.23737 0
  130.371735 4.335784 0
  130.416367 144.0 0
  130.44253500000002 148.0 0
  130.464157 128.0 0
  130.497238 228.0 0
  130.615967 120.0 0
  130.650497 164.0 0
  130.652908 172.0 0
  130.685822 48.0 0
  130.75285300000002 176.0 0
  130.851868 136.0 0
  130.932785 184.0 0
  130.98516800000002 248.0 0
  130.99578200000002 184.0 0
  131.004425 380.0 1
  131.032562 408.0 1
  131.06015000000002 1052.0 2
  131.073181 708.0 1
  131.075806 124.0 0
  131.166473 40.0 0
  131.305832 176.0 0
  131.317505 17.148211 0
  131.60058600000002 160.0 0
  131.65411400000002 144.0 0
  131.680405 128.0 0
  131.717102 172.0 0
  131.758163 4.508333 0
  131.96112100000002 220.0 0
  132.010605 274.761597 1
  132.045502 160.0 0
  132.054733 308.0 1
  132.06633000000002 112.092903 0
  132.117645 84.0 0
  132.13298 164.0 0
  132.28195200000002 152.0 0
  132.287201 176.0 0
  132.371658 21.680161 0
  132.380005 13.44004 0
  132.39093 88.0 0
  132.401489 88.0 0
  132.416672 1.83E-4 0
  132.476379 72.0 0
  132.606445 8.731884 0
  132.862625 168.0 0
  133.03212000000002 28.0 0
  133.052795 216.0 0
  133.060089 12.33772 0
  133.07637 13243.0 26
  133.09999100000002 4300.0 8
  133.20314000000002 56.0 0
  133.263504 184.0 0
  133.484055 156.0 0
  133.792007 132.0 0
  133.94902000000002 168.0 0
  134.03375200000002 3131.0 6
  134.037949 593.0 1
  134.089828 176.0 0
  134.12402300000002 48.0 0
  134.12702900000002 100.0 0
  134.176468 120.0 0
  134.20588700000002 124.0 0
  134.225525 156.0 0
  134.28656 92.0 0
  134.30470300000002 60.0 0
  134.33725 144.0 0
  134.398911 208.0 0
  134.58908100000002 148.0 0
  134.883759 140.0 0
  134.917603 204.0 0
  134.93829300000002 180.0 0
  135.026855 232.581604 0
  135.029816 77115.0 152
  135.057098 148.0 0
  135.08017 508.0 1
  135.102859 152.0 0
  135.116409 140.0 0
  135.258575 128.0 0
  135.334213 164.0 0
  135.44992100000002 144.0 0
  135.654739 108.0 0
  135.746613 212.0 0
  135.760071 164.0 0
  135.78114300000001 224.0 0
  136.007339 232.0 0
  136.02269 164.0 0
  136.07548500000001 160.0 0
  136.07775900000001 148.0 0
  136.117126 144.0 0
  136.284927 27.587959 0
  136.350128 24.00662 0
  136.39587400000002 12.5411 0
  136.56642200000002 152.0 0
  136.743683 168.0 0
  136.76542700000002 176.0 0
  136.90969800000002 256.0 1
  137.02375800000002 1368.0 3
  137.049957 160.0 0
  137.06456 368.0 1
  137.09187300000002 6.054487 0
  137.11526500000002 340.0 1
  137.20962500000002 88.0 0
  137.36831700000002 220.0 0
  137.40042100000002 192.0 0
  137.47821000000002 200.0 0
  137.558716 68.0 0
  137.587723 88.0 0
  137.640411 112.0 0
  137.64823900000002 11.84073 0
  137.68176300000002 128.0 0
  137.756516 260.0 1
  137.777176 172.0 0
  137.793594 168.0 0
  137.810989 144.0 0
  137.82063300000002 168.0 0
  138.023254 200.0 0
  138.054047 168.0 0
  138.060547 192.0 0
  138.230133 228.0 0
  138.583786 140.0 0
  139.034897 396.0 1
  139.076218 916.0 2
  139.088028 216.0 0
  139.196777 240.0 0
  139.218628 180.0 0
  139.27217100000001 172.0 0
  139.287689 160.0 0
  139.35162400000002 15.125 0
  139.448776 108.0 0
  139.507233 132.0 0
  139.511017 160.0 0
  139.528656 180.0 0
  139.58955400000002 216.0 0
  139.645905 188.0 0
  139.78743 140.0 0
  139.937912 116.0 0
  139.985153 124.0 0
  140.040588 386.0 1
  140.053192 188.0 0
  140.05993700000002 164.0 0
  140.10737600000002 1116.0 2
  140.217636 64.0 0
  140.244629 204.0 0
  140.412643 240.0 0
  140.416122 144.0 0
  140.442505 316.0 1
  140.912521 164.0 0
  141.00555400000002 172.0 0
  141.06388900000002 104.0 0
  141.105453 140.0 0
  141.138336 70868.0 140
  141.181824 260.0 1
  141.24115 48.0 0
  141.358047 220.0 0
  141.439301 68.0 0
  141.44558700000002 164.0 0
  141.542419 160.0 0
  141.584595 188.0 0
  141.95588700000002 444.0 1
  142.01680000000002 224.0 0
  142.024261 144.0 0
  142.048325 468.0 1
  142.070786 2088.0 4
  142.07302900000002 160.0 0
  142.206207 160.0 0
  142.307938 52.0 0
  142.37146 96.0 0
  142.647736 208.0 0
  142.76225300000002 116.0 0
  142.806366 204.0 0
  142.812027 52.0 0
  142.822617 40.0 0
  142.890244 180.0 0
  142.93446400000002 256.0 1
  143.047256 2465.0 5
  143.052139 2.003788 0
  143.05809000000002 43238.0 85
  143.073898 3540.0 7
  143.076172 172.0 0
  143.085495 588.0 1
  143.136581 21.40904 0
  143.211502 180.0 0
  143.284988 68.0 0
  143.512909 32.0 0
  143.82225 148.0 0
  143.84269700000002 112.0 0
  143.860657 120.0 0
  143.91923500000001 152.0 0
  144.052505 473.0 1
  144.057266 507.0 1
  144.073196 184.0 0
  144.07878100000002 88.0 0
  144.082962 196.0 0
  144.088257 196.0 0
  144.17030300000002 244.0 0
  144.240753 152.0 0
  144.252945 56.0 0
  144.309784 124.0 0
  144.41450500000002 68.0 0
  144.422546 164.0 0
  144.512772 136.0 0
  144.733521 68.0 0
  144.797806 80.0 0
  145.05122400000002 216.0 0
  145.070999 249.0 0
  145.102921 464.0 1
  145.14918500000002 164.0 0
  145.187149 180.0 0
  145.228989 140.0 0
  145.248779 224.0 0
  145.436966 56.0 0
  145.641571 92.0 0
  145.698532 36.0 0
  145.706894 80.0 0
  145.77482600000002 96.0 0
  145.81234700000002 80.0 0
  145.84433 160.0 0
  145.973907 144.0 0
  146.37913500000002 5.453432 0
  146.39643900000002 104.0 0
  146.435699 40.0 0
  146.504944 48.0 0
  146.633102 112.0 0
  146.69223 68.0 0
  146.721619 160.0 0
  146.735153 44.0 0
  146.88128700000001 96.0 0
  146.92575100000002 220.0 0
  147.030457 16555.0 33
  147.03967300000002 148.0 0
  147.04364 380.0 1
  147.047806 284.0 1
  147.05273400000002 176.0 0
  147.11402900000002 28.0 0
  147.116592 1696.0 3
  147.377396 52.0 0
  147.42686500000002 72.0 0
  147.48396300000002 56.0 0
  147.54293800000002 160.0 0
  147.60295100000002 168.0 0
  147.688599 208.0 0
  147.770081 112.0 0
  147.82887300000002 216.0 0
  147.995529 44.0 0
  148.036453 153.0 0
  148.04199200000002 148.0 0
  148.05165100000002 796.0 2
  148.055618 44.0 0
  148.07955900000002 368.0 1
  148.111313 588.0 1
  148.31097400000002 144.0 0
  148.316391 92.0 0
  148.339493 80.0 0
  148.347733 52.0 0
  148.382538 272.0 1
  148.43699600000002 156.0 0
  148.58200100000002 80.0 0
  148.83706700000002 168.0 0
  148.90316800000002 108.0 0
  149.013916 192.0 0
  149.031778 9360.0 18
  149.054901 39.860001 0
  149.059326 1244.0 2
  149.066345 252.0 0
  149.239059 184.0 0
  149.259811 120.0 0
  149.29367100000002 100.0 0
  149.308426 128.0 0
  149.363632 0.0 0
  149.635254 72.0 0
  149.714462 56.0 0
  149.787567 32.0 0
  149.80809000000002 172.0 0
  149.86308300000002 276.0 1
  149.988113 156.0 0
  150.02301 3007.0 6
  150.09549 180.0 0
  150.11041300000002 2.35 0
  150.13308700000002 108.0 0
  150.16867100000002 116.0 0
  150.33429 180.0 0
  150.472443 144.0 0
  150.51680000000002 60.0 0
  150.648651 84.0 0
  150.89930700000002 168.0 0
  151.03447 1062.0 2
  151.04959100000002 292.0 1
  151.056152 400.0 1
  151.078644 96.0 0
  151.088196 304.0 1
  151.121262 192.0 0
  151.202225 111.439697 0
  151.43656900000002 116.0 0
  151.468277 160.0 0
  151.54414400000002 13.03897 0
  151.609283 48.0 0
  151.636353 212.0 0
  151.776001 48.0 0
  152.06732200000002 268.0 1
  152.30543500000002 152.0 0
  152.31611600000002 160.0 0
  152.699478 160.0 0
  152.726334 4.669117 0
  152.729813 132.0 0
  152.78401200000002 100.0 0
  152.925095 68.0 0
  153.004501 2331.0 5
  153.021805 172.0 0
  153.06410200000002 347.958405 1
  153.070679 608.0 1
  153.074997 41935.0 83
  153.083969 2712.0 5
  153.09251400000002 144.544601 0
  153.583954 160.0 0
  154.011414 304.0 1
  154.01538100000002 240.0 0
  154.032486 80.0 0
  154.04414400000002 176.0 0
  154.077652 9021.989258 18
  154.184219 228.0 0
  154.24821500000002 100.0 0
  154.394058 6.001344 0
  154.439987 152.0 0
  154.58313 84.0 0
  154.619537 17.29348 0
  154.657486 176.0 0
  154.70369 156.0 0
  154.80946400000002 188.0 0
  154.89004500000001 80.0 0
  154.98912 3368.0 7
  155.015839 3168.0 6
  155.023788 208.0 0
  155.047256 1069.0 2
  155.080994 4594.0 9
  155.117706 136.0 0
  155.134537 2.0125 0
  155.139328 48.0 0
  155.141983 176.0 0
  155.24864200000002 144.0 0
  155.251053 64.0 0
  155.43635600000002 180.0 0
  155.447418 172.0 0
  155.530457 12.94833 0
  155.53598 160.0 0
  155.646683 120.0 0
  155.75044300000002 4.814815 0
  155.78537 136.0 0
  156.025314 176.0 0
  156.037256 152.0 0
  156.056091 164.0 0
  156.08062700000002 144.0 0
  156.117318 156.0 0
  156.165512 132.0 0
  156.183456 148.0 0
  156.209213 220.0 0
  156.243805 26.044701 0
  156.936371 144.0 0
  156.957443 104.0 0
  157.056137 216.0 0
  157.06572 10028.0 20
  157.36320500000002 48.0 0
  157.417313 212.0 0
  157.42515600000002 180.0 0
  157.72699 120.0 0
  157.75 3.009651 0
  158.004929 400.0 1
  158.077271 232.0 0
  158.11698900000002 12182.339844 24
  158.2603 32.0 0
  158.385941 76.0 0
  158.44975300000002 4.516204 0
  158.485779 41.484348 0
  158.536987 156.0 0
  158.554199 21.4879 0
  158.706543 180.0 0
  158.88969400000002 140.0 0
  159.031067 36.0 0
  159.039612 288.0 1
  159.069489 280.0 1
  159.074936 4884.0 10
  159.080963 1720.0 3
  159.09381100000002 14.66667 0
  159.175476 12.03327 0
  159.242172 76.0 0
  159.29130600000002 184.0 0
  159.51683 60.0 0
  159.546539 216.0 0
  159.56526200000002 84.0 0
  159.60325600000002 36.0 0
  159.693329 117.0 0
  159.878723 184.0 0
  159.97348 116.0 0
  160.133224 348.0 1
  160.199554 76.0 0
  160.206848 80.0 0
  160.33754000000002 3.080128 0
  160.54843100000002 188.0 0
  160.57745400000002 176.0 0
  160.631119 136.0 0
  160.65678400000002 128.0 0
  160.84045400000002 56.0 0
  160.92558300000002 144.0 0
  160.954071 160.0 0
  160.988358 140.0 0
  161.04573100000002 176.0 0
  161.05152900000002 172.0 0
  161.28898600000002 52.0 0
  161.427414 56.0 0
  161.51786800000002 136.0 0
  161.624207 76.0 0
  161.793655 180.0 0
  161.912033 132.0 0
  161.950104 200.0 0
  161.975662 2696.452148 5
  162.054092 2584.0 5
  162.074799 48.0 0
  162.090439 136.0 0
  162.128647 156.0 0
  162.16568 172.0 0
  162.192169 140.0 0
  162.225922 48.0 0
  162.520935 160.0 0
  162.536407 32.0 0
  162.593231 180.0 0
  162.806732 120.0 0
  162.86114500000002 260.0 1
  162.915787 68.0 0
  162.958496 200.0 0
  162.971359 144.0 0
  162.975769 140.0 0
  163.019067 688.0 1
  163.03392 272.0 1
  163.03862 184.0 0
  163.059006 383.0 1
  163.07475300000002 2060.0 4
  163.07692 688.0 1
  163.08078 144.0 0
  163.09307900000002 160.0 0
  163.097336 23700.0 47
  163.32302900000002 140.0 0
  163.354828 204.0 0
  163.742538 132.0 0
  163.93132 160.0 0
  164.04184 18814.0 37
  164.055542 156.0 0
  164.062149 168.0 0
  164.152496 252.0 0
  164.22485400000002 76.0 0
  164.291626 176.0 0
  164.315674 124.0 0
  164.357391 452.0 1
  164.37818900000002 36.0 0
  164.48408500000002 120.0 0
  164.613052 124.0 0
  164.915604 168.0 0
  164.949326 208.0 0
  164.96701000000002 360.0 1
  164.991959 156.0 0
  165.054047 804.0 2
  165.068512 1096.0 2
  165.072037 1376.0 3
  165.145782 156.0 0
  165.154144 28.0 0
  165.241867 108.0 0
  165.40678400000002 120.0 0
  165.50856000000002 76.0 0
  165.965729 192.0 0
  165.990723 140.0 0
  166.00614900000002 632.0 1
  166.047333 164.0 0
  166.078751 160.0 0
  166.127579 40.0 0
  166.188278 3.926282 0
  166.24752800000002 52.0 0
  166.27735900000002 52.0 0
  166.336563 92.0 0
  166.701447 9.1875 0
  166.745087 100.0 0
  166.941406 128.0 0
  166.961304 140.0 0
  167.087128 156.0 0
  167.09930400000002 191.0 0
  167.10427900000002 148.0 0
  167.370239 28.0 0
  167.42034900000002 172.0 0
  167.52259800000002 7.019608 0
  167.53627 272.0 1
  167.568665 240.0 0
  167.69906600000002 60.0 0
  167.707825 25.029949 0
  167.775284 60.0 0
  167.785706 84.0 0
  168.039658 172.0 0
  168.05882300000002 964.0 2
  168.087936 796.0 2
  168.19279500000002 116.0 0
  168.378906 12.77394 0
  169.02397200000001 244.0 0
  169.065399 140.0 0
  169.09111000000001 89.640152 0
  169.18403600000002 92.0 0
  169.483429 112.0 0
  169.48571800000002 192.0 0
  169.53598 208.0 0
  169.95874 88.0 0
  170.07449300000002 144.0 0
  170.095764 140.0 0
  170.10749800000002 128.0 0
  170.244492 164.0 0
  170.24791000000002 108.0 0
  170.3134 100.0 0
  170.360962 72.0 0
  170.408722 4.584795 0
  170.951859 184.0 0
  171.00370800000002 152.0 0
  171.043381 128.0 0
  171.055939 160.0 0
  171.058426 144.0 0
  171.07856800000002 12770.0 25
  171.47293100000002 200.0 0
  171.501709 212.0 0
  171.504898 80.0 0
  171.709137 168.0 0
  171.95018000000002 132.0 0
  171.96263100000002 136.0 0
  171.965836 128.0 0
  172.08607500000002 271.336914 1
  172.100067 304.0 1
  172.444397 176.0 0
  172.52092000000002 144.0 0
  172.621719 188.0 0
  172.83363300000002 72.0 0
  172.894012 212.0 0
  173.033691 200.0 0
  173.05612200000002 9382.0 18
  173.059479 8276.0 16
  173.09161400000002 5393.0 11
  173.103561 176.0 0
  173.12956200000002 532.0 1
  173.37196400000002 10.59379 0
  173.511246 120.0 0
  173.56320200000002 192.0 0
  173.71580500000002 224.0 0
  173.87011700000002 192.0 0
  173.965042 160.0 0
  174.03923 38.650211 0
  174.04582200000002 1946.0 4
  174.13342300000002 184.0 0
  174.13868100000002 168.0 0
  174.14707900000002 49.597149 0
  174.155121 140.0 0
  174.20188900000002 124.0 0
  174.37591600000002 152.0 0
  174.696411 132.0 0
  174.89454700000002 184.0 0
  174.98024 72.0 0
  175.023331 92.0 0
  175.095169 364.0 1
  175.289688 184.0 0
  175.299622 212.0 0
  175.577377 340.0 1
  175.628769 156.0 0
  175.72996500000002 180.0 0
  175.87735 32.0 0
  175.979004 233112.0 459
  176.057098 196.0 0
  176.074173 168.0 0
  176.084 1324.0 3
  176.106415 39.77158 0
  176.168991 188.0 0
  176.175507 34.201191 0
  176.17894 152.0 0
  176.28457600000002 136.0 0
  176.317383 244.0 0
  176.319656 100.0 0
  176.547211 21.674999 0
  176.73490900000002 160.0 0
  176.742279 84.0 0
  177.014511 104.0 0
  177.02124 116.0 0
  177.055099 928.0 2
  177.06474300000002 168.0 0
  177.39016700000002 164.0 0
  177.397156 6.160088 0
  177.550308 184.0 0
  177.55397000000002 84.0 0
  177.65188600000002 192.0 0
  177.66905200000002 188.0 0
  177.6819 60.0 0
  177.79361 132.0 0
  177.79963700000002 180.0 0
  177.81582600000002 284.0 1
  177.83290100000002 220.0 0
  178.0504 9019.0 18
  178.058792 3502.0 7
  178.087189 168.0 0
  178.09923700000002 164.0 0
  178.182724 84.0 0
  178.648376 76.0 0
  178.709045 80.0 0
  179.03010600000002 14531.0 29
  179.051422 80.0 0
  179.08046000000002 156.0 0
  179.084335 68.0 0
  179.090966 135.0 0
  179.100388 144.0 0
  179.109055 580.0 1
  179.973282 60.0 0
  180.010208 420.0 1
  180.194962 47.37632 0
  180.257477 156.0 0
  180.376465 48.0 0
  180.56015000000002 52.0 0
  180.60067700000002 4.0 0
  180.709641 216.0 0
  181.06959500000002 176.0 0
  181.085846 116.035004 0
  181.09535200000002 160.0 0
  181.102249 928.0 2
  181.237625 52.0 0
  181.359207 20.66721 0
  181.522308 176.0 0
  181.745453 104.0 0
  182.10737600000002 440.0 1
  182.241669 36.0 0
  182.40184000000002 116.0 0
  182.411789 3.266667 0
  182.558258 176.0 0
  182.68171700000002 192.0 0
  182.913742 136.0 0
  182.960114 152.0 0
  183.077271 8752.0 17
  183.08239700000001 14.3734 0
  183.085327 188.0 0
  183.095437 172.0 0
  183.379379 216.0 0
  183.45764200000002 176.0 0
  183.72949200000002 192.0 0
  183.741272 36.0 0
  183.988144 40.0 0
  184.30358900000002 52.0 0
  184.320099 72.0 0
  184.366501 120.0 0
  184.544113 18.71196 0
  184.58169600000002 128.0 0
  184.59259 132.0 0
  184.643753 20.0 0
  184.680496 168.0 0
  184.81134 268.0 1
  184.982895 168.0 0
  185.057724 470.0 1
  185.072998 176.0 0
  185.075729 200.0 0
  185.078247 580.0 1
  185.080917 15049.0 30
  185.107681 196.0 0
  185.209641 196.0 0
  185.21997100000002 156.0 0
  185.274628 112.0 0
  185.280777 204.0 0
  185.48381 64.0 0
  185.843567 152.0 0
  185.95266700000002 164.0 0
  186.01348900000002 200.0 0
  186.01898200000002 52.0 0
  186.23526 72.0 0
  186.28727700000002 140.0 0
  186.319763 164.0 0
  186.35432400000002 13.8179 0
  186.371353 64.0 0
  186.537888 160.0 0
  186.66420000000002 208.0 0
  186.712173 156.0 0
  186.894226 144.0 0
  187.08557100000002 160.0 0
  187.140762 153.0 0
  187.177719 64.0 0
  187.395889 136.0 0
  187.74710100000001 168.0 0
  187.89205900000002 148.0 0
  188.00592 148.0 0
  188.012436 5734.655762 11
  188.01739500000002 156.0 0
  188.030136 180.0 0
  188.03886400000002 151679.0 299
  188.201859 196.0 0
  188.218445 192.0 0
  188.313873 32.173611 0
  188.534592 140.0 0
  188.573395 172.0 0
  188.637833 184.0 0
  188.649475 84.0 0
  188.83226000000002 144.0 0
  188.835236 60.0 0
  188.850235 176.0 0
  189.05323800000002 25.8675 0
  189.094391 364.0 1
  189.103439 282.0 1
  189.456024 56.0 0
  189.71893300000002 164.0 0
  189.914795 48.0 0
  190.04461700000002 120.0 0
  190.05297900000002 1152.0 2
  190.25645400000002 29.02009 0
  190.268066 48.0 0
  190.280945 84.0 0
  190.328201 13.42014 0
  190.34251400000002 220.0 0
  190.47799700000002 44.0 0
  190.535141 168.0 0
  190.692291 252.0 0
  190.94528200000002 64.0 0
  191.050598 92.0 0
  191.106873 968.0 2
  191.259476 188.0 0
  191.51341200000002 200.0 0
  191.62612900000002 112.0 0
  191.745819 40.0 0
  191.864319 192.0 0
  192.56958 172.0 0
  193.068405 172.0 0
  193.076569 152.0 0
  193.132706 236.0 0
  193.163803 6.333333 0
  193.290359 88.0 0
  193.416534 80.0 0
  193.457596 72.0 0
  193.73022500000002 148.0 0
  194.269257 52.0 0
  194.30920400000002 128.0 0
  194.53334 180.0 0
  194.743561 152.0 0
  194.89122 152.0 0
  194.972595 140.0 0
  195.111481 144.0 0
  195.140717 196.0 0
  195.205765 124.0 0
  195.25233500000002 92.0 0
  195.43386800000002 4.711957 0
  195.460281 56.0 0
  195.886871 92.0 0
  196.094742 692.0 1
  196.104745 121.0 0
  196.171997 52.0 0
  196.523529 148.0 0
  196.651428 120.0 0
  196.924133 280.0 1
  196.98479600000002 830.0 2
  197.03062400000002 148.0 0
  197.05162 24.0 0
  197.099503 26228.0 52
  197.10269200000002 41.796749 0
  197.133026 140.0 0
  197.285141 204.0 0
  197.318756 240.0 0
  197.347229 164.0 0
  197.35226400000002 236.0 0
  197.561371 84.0 0
  197.893112 164.0 0
  198.03753700000001 156.0 0
  198.134308 180.0 0
  198.164871 204.0 0
  198.651474 156.0 0
  199.02738300000001 268.0 1
  199.03869600000002 300.0 1
  199.04942300000002 557.0 1
  199.067703 76.0 0
  199.09191900000002 11200.0 22
  199.11244200000002 148.0 0
  199.21516400000002 11.10417 0
  199.928253 36.0 0
  200.02589400000002 4.172715 0
  200.033524 172.0 0
  200.054001 208.0 0
  200.06758100000002 308.0 1
  200.078171 156.0 0
  200.08157300000002 1160.0 2
  200.09265100000002 168.0 0
  200.100143 180.0 0
  201.000427 148.0 0
  201.052017 3237.0 6
  201.12963200000002 580.0 1
  201.274902 28.64085 0
  201.281982 56.0 0
  201.43045 112.0 0
  201.78511 80.0 0
  201.96933 60.0 0
  202.044159 3112.0 6
  202.05354300000002 144.0 0
  202.084396 444.0 1
  202.176086 43.520061 0
  202.344629 681.0 1
  202.473343 192.0 0
  202.507721 84.0 0
  202.612381 156.0 0
  202.736306 681.0 1
  203.030237 5199.0 10
  203.05117800000002 220.0 0
  203.057266 173504.0 342
  203.093781 240.0 0
  203.103958 188.0 0
  203.704239 140.0 0
  204.04104600000002 5219.0 10
  204.047592 152.0 0
  204.443451 180.0 0
  204.97287 152.0 0
  205.054504 91.735977 0
  205.096 1.0 0
  205.116074 10885.0 21
  205.14570600000002 156.0 0
  205.293549 76.0 0
  205.374557 39.268749 0
  205.37809800000002 188.0 0
  205.432724 5.656034 0
  205.452423 172.0 0
  205.75022900000002 156.0 0
  206.02418500000002 296.0 1
  206.052536 144.0 0
  206.15863000000002 116.0 0
  206.963882 140.0 0
  207.02250700000002 430.811493 1
  207.051285 359.0 1
  207.057419 208.0 0
  207.088388 168.0 0
  207.105804 140.0 0
  207.220383 7.833333 0
  207.228104 200.0 0
  207.572144 148.0 0
  207.65126 164.0 0
  208.12011700000002 508.0 1
  208.319107 152.0 0
  208.52816800000002 132.0 0
  208.568069 5.729592 0
  208.77446 124.0 0
  209.008926 240.095703 0
  209.036301 140.0 0
  209.057266 116.0 0
  209.06826800000002 188.0 0
  209.083344 256.0 1
  209.099289 176.0 0
  209.174561 184.0 0
  209.94691500000002 10.01333 0
  210.078629 240.0 0
  210.110825 104.0 0
  210.117645 144.0 0
  210.145004 164.0 0
  210.282135 100.0 0
  210.49868800000002 228.0 0
  210.69790600000002 144.0 0
  210.711029 160.0 0
  211.04155 132.0 0
  211.133798 272.0 1
  211.205872 96.0 0
  211.213882 180.0 0
  211.897018 48.0 0
  211.90107700000002 144.0 0
  212.08638000000002 168.0 0
  212.57077 120.0 0
  213.124344 164.0 0
  213.142853 156.0 0
  213.199768 108.0 0
  213.975976 152.0 0
  213.994919 148.0 0
  214.15991200000002 124.5485 0
  214.298126 88.0 0
  214.702057 144.0 0
  214.74769600000002 232.0 0
  214.76812700000002 44.0 0
  214.796539 128.0 0
  214.886765 112.0 0
  214.973236 140.0 0
  214.999512 152.0 0
  215.121972 9675.0 19
  215.33194 64.0 0
  215.345764 5.401515 0
  215.46194500000001 192.0 0
  215.533951 156.0 0
  215.985001 195752.0 386
  216.17363 124.0 0
  216.419128 204.0 0
  216.690964 168.0 0
  216.904755 144.0 0
  216.932953 132.0 0
  217.046402 500.0 1
  217.082016 3681.0 7
  217.17236300000002 108.0 0
  217.500336 288.0 1
  217.661316 25.09074 0
  217.77937300000002 176.0 0
  217.94833400000002 184.0 0
  217.958145 152.0 0
  218.075928 160.0 0
  218.11544800000001 164.0 0
  218.13826 156.0 0
  218.14212 208.0 0
  218.155991 116.0 0
  219.06691 6.666667 0
  219.084778 144.0 0
  219.101257 172.0 0
  219.138443 460.0 1
  219.227341 96.0 0
  219.393677 68.0 0
  219.53611800000002 204.0 0
  219.82576 4.844298 0
  220.03500400000001 491610.0 969
  220.09407000000002 144.0 0
  220.109207 65152.0 128
  220.119873 340.0 1
  220.128769 120.0 0
  220.37709 69.583641 0
  220.790359 76.0 0
  220.80775500000001 144.0 0
  220.918518 120.0 0
  221.07482900000002 228.0 0
  221.116623 164.0 0
  221.165009 160.0 0
  221.23323100000002 56.0 0
  221.249359 56.0 0
  221.25834700000001 116.0 0
  221.35112 72.0 0
  221.593063 64.0 0
  221.695816 40.0 0
  221.725601 76.0 0
  221.74617 228.0 0
  221.799744 27.23241 0
  221.82740800000002 112.0 0
  221.996811 92.0 0
  222.075623 136.0 0
  222.45254500000001 164.0 0
  222.58062700000002 176.0 0
  222.81178300000002 8.774457 0
  223.16455100000002 108.0 0
  223.283676 86.524239 0
  223.406509 44.0 0
  223.41272 184.0 0
  224.069504 280.0 1
  224.316605 144.0 0
  224.80650300000002 160.0 0
  225.048752 4541.0 9
  225.08345 132.0 0
  225.162476 18.994949 0
  225.37712100000002 152.0 0
  225.489258 5.001667 0
  225.556839 68.0 0
  225.639938 144.0 0
  225.74923700000002 104.0 0
  225.853088 164.0 0
  225.910919 39.189499 0
  225.91720600000002 96.0 0
  226.02847300000002 14793.0 29
  226.049622 140.0 0
  226.06221000000002 784.0 2
  226.065842 120.0 0
  226.10882600000002 176.0 0
  226.123917 240.0 0
  226.305679 148.0 0
  226.526382 148.0 0
  226.53486600000002 172.0 0
  226.69281 9.008333 0
  226.891174 114.0 0
  227.068497 34142.0 67
  227.07136500000001 320.0 1
  227.104599 55665.0 110
  227.125336 208.0 0
  227.179367 288.0 1
  227.390839 220.0 0
  227.590622 12.00253 0
  227.70165400000002 240.0 0
  227.88832100000002 128.0 0
  228.038589 400.0 1
  228.057465 172.0 0
  228.25254800000002 76.0 0
  229.022232 188.0 0
  229.045105 1543.0 3
  229.08616600000002 86.236992 0
  229.099014 144.0 0
  229.124863 232.0 0
  229.153381 1444.0 3
  229.46315 19.778851 0
  229.508911 156.0 0
  229.77546700000002 11.35833 0
  229.805756 14.89647 0
  230.05044600000002 256.0 1
  230.07217400000002 204.0 0
  230.087265 212.0 0
  230.252991 156.0 0
  230.30929600000002 28.0 0
  230.53775000000002 188.0 0
  231.07371500000002 144.0 0
  231.13810700000002 144.0 0
  231.366547 23.353861 0
  231.46339400000002 100.0 0
  231.46833800000002 152.0 0
  231.506302 23.273491 0
  231.525192 188.0 0
  231.668182 148.0 0
  231.858978 76.0 0
  232.071289 84.0 0
  232.093048 168.0 0
  232.116165 160.0 0
  232.402435 224.0 0
  232.82991 18.207951 0
  232.90036 184.0 0
  233.06601 38666.0 76
  233.07882700000002 58.257931 0
  233.232208 248.0 0
  233.694351 32.0 0
  233.988785 12.00536 0
  234.01327500000002 244.0 0
  234.08902 3624.0 7
  234.17442300000002 18.69853 0
  234.47880600000002 1.52381 0
  234.589951 5.333333 0
  234.660538 200.0 0
  235.0 128.03537 0
  235.087524 212.0 0
  235.090363 112.0 0
  235.096497 456.0 1
  235.107193 41.03894 0
  235.765579 64.0 0
  235.82674500000002 180.0 0
  235.941315 108.0 0
  236.081558 820.0 2
  236.408173 40.0 0
  236.99305700000002 124.0 0
  237.112122 368.0 1
  237.130402 26.736839 0
  237.14837 184.0 0
  237.18869 104.0 0
  237.20488 236.0 0
  237.36322 160.0 0
  237.965149 4.41804 0
  237.98756400000002 120.0 0
  238.083557 140.0 0
  238.087463 68.0 0
  238.428513 48.0 0
  238.810867 184.0 0
  239.00228900000002 176.0 0
  239.14317300000002 8728.0 17
  239.14814800000002 136.0 0
  239.71597300000002 156.0 0
  239.90789800000002 164.0 0
  240.087082 148.0 0
  240.275024 68.0 0
  240.421127 140.0 0
  240.874664 124.0 0
  241.05896 144.0 0
  241.100067 164.0 0
  241.12832600000002 180.0 0
  241.136673 148.0 0
  241.180206 160.0 0
  241.41069000000002 180.0 0
  241.78405800000002 6.770454 0
  241.9375 132.0 0
  241.9608 144.0 0
  242.03727700000002 128.0 0
  242.085495 1151.0 2
  242.131866 136.0 0
  242.319107 176.0 0
  242.62892200000002 176.0 0
  242.752151 108.0 0
  243.000366 1120.0 2
  243.055542 164.0 0
  243.06066900000002 1299.0 3
  243.094437 76.0 0
  243.097275 140.0 0
  243.585876 140.0 0
  243.738831 152.0 0
  243.74632300000002 168.0 0
  243.817123 124.0 0
  243.920105 148.0 0
  244.128296 92.0 0
  244.206253 72.0 0
  244.390793 148.0 0
  244.92494200000002 124.0 0
  245.043655 2488.0 5
  245.093872 208.0 0
  245.157394 116.0 0
  245.281448 228.0 0
  245.811722 60.0 0
  245.905594 156.0 0
  246.06384300000002 172.0 0
  246.07530200000002 148.0 0
  246.11355600000002 180.0 0
  246.61999500000002 128.0 0
  246.723938 112.0 0
  246.920273 184.0 0
  247.10968 172.0 0
  247.298279 280.0 1
  247.522888 92.0 0
  247.604462 124.0 0
  247.75335700000002 88.0 0
  247.772354 12.92014 0
  247.996292 396.0 1
  248.022156 196.0 0
  248.160547 136.0 0
  248.317139 56.0 0
  248.33363300000002 72.0 0
  248.356888 160.0 0
  248.680756 100.0 0
  248.931 31.586809 0
  249.114319 192.0 0
  249.181747 116.0 0
  249.28855900000002 104.0 0
  249.90150500000001 144.0 0
  250.034073 60.0 0
  250.210297 52.0 0
  250.67987100000002 64.0 0
  250.97232100000002 164.0 0
  251.01190200000002 256.0 1
  251.08725 188.0 0
  251.136169 13347.0 26
  251.39802600000002 204.0 0
  251.493469 148.0 0
  251.668259 9.490196 0
  251.736816 204.0 0
  251.79293800000002 76.0 0
  251.922287 48.0 0
  252.06102 136.0 0
  252.06904600000001 12148.0 24
  252.078171 724.0 1
  252.103607 112.0 0
  252.29577600000002 80.0 0
  252.794586 68.0 0
  252.954788 180.0 0
  253.078698 148.0 0
  253.097992 116.0 0
  253.22232100000002 152.0 0
  253.438736 108.0 0
  253.799911 88.0 0
  254.18367 216.0 0
  254.291245 200.0 0
  254.366409 116.0 0
  254.509277 36.0 0
  254.94987500000002 128.0 0
  254.99542200000002 184.0 0
  255.136459 568.0 1
  255.169388 252.0 0
  255.429352 164.0 0
  255.498672 168.0 0
  255.603699 2.674167 0
  256.088074 524.0 1
  256.334961 200.0 0
  256.94162 208.0 0
  257.036407 2466.0 5
  257.06955 172.0 0
  257.729309 196.0 0
  257.77032499999996 108.0 0
  257.99011199999995 212.0 0
  258.082703 120.0 0
  258.149414 108.0 0
  258.543945 140.0 0
  259.00460799999996 312.0 1
  259.51236 56.0 0
  259.734467 188.0 0
  259.879761 172.0 0
  259.988403 72.0 0
  260.062286 204.0 0
  260.416901 164.0 0
  260.47772199999997 1.541667 0
  260.49429299999997 120.0 0
  260.545502 152.0 0
  260.691895 188.0 0
  260.87521399999997 140.0 0
  261.07473799999997 288.0 1
  261.255249 116.0 0
  261.777405 52.0 0
  262.046783 116.0 0
  262.115387 1840.0 4
  263.522278 212.0 0
  263.526978 104.0 0
  263.984985 108.0 0
  264.052124 6357.0 13
  264.100616 212.0 0
  264.24258399999997 60.0 0
  264.31195099999997 236.0 0
  264.98504599999995 28.0 0
  264.993744 204.0 0
  265.18960599999997 3316.0 7
  265.819733 96.0 0
  266.02713 168.0 0
  266.20070799999996 52.0 0
  266.21948199999997 184.0 0
  266.449768 48.0 0
  266.873871 156.0 0
  267.06823699999995 140.0 0
  267.188721 172.0 0
  267.474335 92.0 0
  267.914276 72.0 0
  267.91848799999997 152.0 0
  267.925659 48.0 0
  267.946014 1.002315 0
  267.99929799999995 180.0 0
  268.18051099999997 132.0 0
  268.368652 52.0 0
  268.455109 11.57407 0
  269.03952 1409.0 3
  269.42141699999996 8.255208 0
  269.77590899999996 100.0 0
  269.884552 64.0 0
  269.89318799999995 20.26408 0
  270.046448 184.0 0
  270.98031599999996 124.0 0
  271.08856199999997 1456.0 3
  271.15270999999996 144.0 0
  271.727264 0.0 0
  272.097534 260.0 1
  272.30087299999997 168.0 0
  272.486389 72.0 0
  272.804382 188.0 0
  273.05773899999997 184.0 0
  273.074707 388.0 1
  273.12699999999995 1.0 0
  273.18893399999996 140.0 0
  273.364807 140.0 0
  273.893311 208.0 0
  274.34115599999996 156.0 0
  275.14324999999997 2576.0 5
  275.149414 196.0 0
  275.174316 176.0 0
  275.803528 60.0 0
  275.94104 120.0 0
  276.05328399999996 72.0 0
  276.683502 184.0 0
  276.817657 168.0 0
  276.856445 164.0 0
  277.07074 132.0 0
  277.09603899999996 172.0 0
  277.33432 112.0 0
  277.969635 64.0 0
  278.401733 48.0 0
  278.998291 23.21335 0
  279.19158899999996 104.0 0
  279.246246 52.0 0
  280.005402 220.0 0
  280.049042 9205.0 18
  280.34036299999997 22.11842 0
  280.50897199999997 192.0 0
  280.972992 224.0 0
  281.07901 506835.0 999
  281.116791 504.0 1
  281.15032299999996 396.0 1
  281.31014999999996 176.0 0
  281.49267599999996 228.0 0
  281.558044 172.0 0
  281.57016 196.0 0
  281.84561199999996 52.0 0
  282.09139999999996 120.0 0
  282.110016 112.0 0
  283.013336 200.0 0
  283.056244 180.0 0
  283.20223999999996 300.0 1
  283.36880499999995 300.0 1
  283.40011599999997 120.0 0
  283.465851 304.0 1
  283.67807 56.0 0
  283.68911699999995 180.0 0
  284.368256 120.0 0
  284.516754 62.20681 0
  285.051605 140.0 0
  285.134308 164.0 0
  285.203827 1800.968994 4
  285.25451699999996 52.0 0
  286.039337 1305.0 3
  286.045776 28.374029 0
  286.10403399999996 296.0 1
  286.183716 204.0 0
  286.383362 124.0 0
  286.56195099999997 184.0 0
  286.797394 42.403568 0
  286.91247599999997 72.0 0
  287.46478299999995 16.272511 0
  287.489197 64.0 0
  287.571198 128.0 0
  288.18631 148.0 0
  288.375519 140.0 0
  288.62695299999996 248.0 0
  288.632324 72.0 0
  288.669495 128.0 0
  288.720215 104.0 0
  289.181 168.0 0
  289.390961 52.0 0
  289.398956 11.25962 0
  289.635162 124.0 0
  289.891907 64.0 0
  290.00485199999997 168.0 0
  291.14935299999996 476.0 1
  291.564301 136.0 0
  291.897827 39.113979 0
  292.02383399999997 7.964461 0
  292.669678 168.0 0
  293.098993 312.0 1
  294.120392 60.0 0
  294.227203 124.0 0
  294.73996 19.93297 0
  295.035156 140.0 0
  295.132812 148.0 0
  295.152588 3.694444 0
  295.16567999999995 1204.33606 2
  295.522095 264.0 1
  295.65048199999995 160.0 0
  296.05233799999996 132.0 0
  296.067566 244.0 0
  296.105072 216.0 0
  296.17337 136.0 0
  296.42690999999996 244.0 0
  297.068115 11870.0 23
  297.254639 30.05862 0
  297.57354699999996 136.0 0
  297.583649 5.963141 0
  298.050568 188.0 0
  298.155243 280.0 1
  298.18823199999997 304.0 1
  298.213715 15.38095 0
  298.23159799999996 84.0 0
  298.763153 152.0 0
  298.956329 148.0 0
  299.557709 252.0 0
  299.69006299999995 168.0 0
  300.3909 184.0 0
  300.467194 164.0 0
  300.938477 88.0 0
  301.064423 164.0 0
  301.09115599999996 288.0 1
  301.113953 36368.0 72
  301.34320099999997 212.0 0
  302.108856 80.0 0
  302.25 4.929641 0
  303.062195 144.0 0
  303.091003 36.0 0
  303.119873 72.0 0
  303.91516099999996 168.0 0
  304.095551 8.0 0
  304.117737 180.0 0
  305.08187899999996 504.0 1
  305.580109 76.0 0
  306.084778 148.0 0
  306.09494 164.0 0
  307.37463399999996 44.0 0
  308.089905 96.0 0
  308.80294799999996 40.0 0
  309.072641 509.0 1
  309.282715 196.0 0
  310.336395 96.0 0
  311.12979099999995 3304.0 7
  312.144928 180.0 0
  312.149811 164.0 0
  312.68801199999996 160.0 0
  313.041589 315.0 1
  313.308899 148.0 0
  313.575409 67.29837 0
  314.069397 76.0 0
  314.46950699999996 144.0 0
  315.03344699999997 140.0 0
  315.112213 160.0 0
  315.178223 608.0 1
  315.81424 208.0 0
  315.85961899999995 156.0 0
  316.033569 2420.0 5
  317.458801 88.0 0
  317.84612999999996 212.0 0
  318.101929 284.0 1
  318.10611 148.0 0
  318.669922 144.0 0
  319.378357 164.0 0
  319.55105599999996 152.0 0
  319.932953 184.0 0
  320.037201 112.0 0
  320.086365 304.0 1
  320.145654 6663.0 13
  320.20404099999996 156.0 0
  320.266907 232.0 0
  321.067596 164.0 0
  321.077087 132.0 0
  321.099762 1327.657959 3
  321.143555 152.0 0
  321.248749 140.0 0
  321.456512 55.39468 0
  321.61492899999996 240.0 0
  321.82074 152.0 0
  322.70129399999996 1715.134399 3
  323.100739 3932.0 8
  323.73254399999996 164.0 0
  324.15063499999997 148.0 0
  325.353271 152.0 0
  325.71090699999996 60.0 0
  325.976898 260.0 1
  326.12231499999996 20551.0 41
  326.145746 112.0 0
  326.17334 152.0 0
  329.121026 296.0 1
  329.981964 156.0 0
  330.850037 132.0 0
  331.271118 204.0 0
  331.58273299999996 164.0 0
  331.93353299999995 152.0 0
  332.62350499999997 76.0 0
  332.92312599999997 152.0 0
  333.15328999999997 196.0 0
  335.388336 204.0 0
  335.745575 272.0 1
  336.102844 232.0 0
  336.13259899999997 7144.0 14
  336.209137 26121.689453 51
  337.032104 200.0 0
  337.04058799999996 16012.0 32
  337.112756 144.0 0
  337.13708499999996 18096.0 36
  337.30920399999997 763.841187 2
  337.43695099999997 103.207603 0
  338.28973399999995 56.385422 0
  338.979584 140.0 0
  339.59002699999996 64.0 0
  340.67028799999997 144.0 0
  340.85281399999997 152.0 0
  342.1362 52.0 0
  342.22293099999996 32.0 0
  342.89953599999996 64.0 0
  343.478729 6.469444 0
  344.026459 92.0 0
  344.093079 228.0 0
  344.154144 3.802778 0
  344.82913199999996 184.0 0
  345.05584699999997 568.0 1
  345.338379 72.0 0
  347.0224 96.0 0
  347.30413799999997 176.0 0
  349.17596399999996 3818.993896 8
  350.114349 164.0 0
  350.174988 1.28254 0
  351.06857299999996 26.686359 0
  352.163544 2899.0 6
  352.34277299999997 132.0 0
  352.67819199999997 224.0 0
  352.71673599999997 148.0 0
  353.09218699999997 106.0 0
  355.90032299999996 144.0 0
  357.19409199999996 124.0 0
  358.187347 167363.0 330
  358.436584 140.0 0
  359.086792 264.0 1
  359.273285 68.0 0
  359.461578 48.0 0
  360.820648 84.0 0
  362.07775899999996 600.0 1
  362.489258 56.0 0
  362.656098 140.0 0
  363.141693 1316.0 3
  364.23794599999997 236.0 0
  364.87756299999995 80.0 0
  365.56485 64.0 0
  366.310974 176.0 0
  366.44235199999997 80.0 0
  367.619348 148.0 0
  367.629028 112.0 0
  368.26080299999995 140.0 0
  368.69574 56.0 0
  371.076691 152.0 0
  371.131714 948.35022 2
  371.497437 100.0 0
  374.011213 120.0 0
  374.06832199999997 308.0 1
  376.319794 7.351191 0
  377.15295399999997 204.0 0
  377.399292 196.0 0
  377.99017299999997 204.0 0
  380.679504 152.0 0
  380.981476 80.0 0
  381.945953 100.0 0
  384.165344 79285.0 156
  385.188873 256.0 1
  387.8974 7096.332031 14
  388.198669 6632.0 13
  388.21072399999997 14.72588 0
  388.342896 136.0 0
  389.257721 152.0 0
  392.21582 152.0 0
  392.25759899999997 88.0 0
  394.463287 388.0 1
  395.169586 4696.0 9
  395.76138299999997 196.0 0
  396.226227 140.0 0
  396.772919 84.0 0
  397.123322 92.0 0
  398.17868 132.0 0
  400.338287 140.0 0
  402.19863899999996 144.0 0
  403.982941 184.0 0
  405.152924 256.0 1
  407.743683 40.0 0
  408.45455899999996 2.572832 0
  409.08334399999995 12.554962 0
  411.08266599999996 176.0 0
  412.28396599999996 760.0 1
  412.707245 196.0 0
  413.20694 216.0 0
  414.507721 136.0 0
  415.065545 1343.0 3
  416.14831499999997 148.0 0
  416.396484 11.01235 0
  416.822754 52.0 0
  418.20928999999995 200.0 0
  418.894867 144.0 0
  419.660461 164.0 0
  420.22833299999996 412.0 1
  421.02594 216.0 0
  426.14541599999995 664.0 1
  426.57183799999996 60.0 0
  426.752496 160.0 0
  428.166595 132.0 0
  429.12112399999995 136.0 0
  429.365594 72.0 0
  433.963959 16.640989 0
  434.07330299999995 176.0 0
  434.293732 8.683333 0
  434.94580099999996 256.0 1
  437.542603 88.0 0
  437.647491 124.0 0
  438.86218299999996 56.0 0
  439.16293299999995 172.0 0
  440.223846 116.0 0
  440.796875 84.0 0
  445.060303 749.188171 1
  447.670258 72.0 0
  449.208313 37.396969 0
  455.09259 164.0 0
  458.52475 144.0 0
  463.574707 172.0 0
  463.63449099999997 52.0 0
  464.208527 14.36694 0
  464.999464 1805.0 4
  465.513641 252.0 0
  470.188141 33.31176 0
  470.297821 502259.0 990
  470.45654299999995 36.0 0
  471.139893 3543.0 7
  473.26528299999995 608.0 1
  476.09198 3427.0 7
  477.894745 100.0 0
  479.101098 176.0 0
  479.959076 13.12245 0
  481.30715899999996 164.0 0
  484.72729499999997 1.190705 0
  488.58386199999995 112.0 0
  488.93566899999996 108.0 0
  491.14376799999997 5340.0 11
  492.034943 6.633772 0
  494.698486 56.0 0
  497.80868499999997 84.0 0
  505.33334399999995 5.413303 0
  506.020386 33.45425 0
  509.014771 5.227904 0
  509.46768199999997 17.05048 0
  512.359924 192.0 0
  523.371338 148.0 0
  529.737122 152.0 0
  531.647827 140.0 0
  540.0100100000001 8.765873 0
  544.909119 3.658303 0
  553.911676 108.0 0
  554.2337580000001 1400.0 3
  561.271057 164.0 0
  564.974603 156.0 0
  566.437683 22.003469 0
  576.808472 10.72768 0
  587.2854 2035.134033 4
  590.218506 0.701662 0
  592.39563 23176.0 46
  595.318848 216.0 0
  599.397088 208.0 0
  608.272088 96.0 0
  611.586548 2.610703 0
  611.691766 80.0 0
  612.96502 80.0 0
  618.425842 8.525 0
  620.933533 41.262451 0
  621.125 1.0 0
//
