ACCESSION: CCMSLIB00000078354
RECORD_TITLE: decoy
DATE: 2015.11.20
AUTHORS: Administrator
LICENSE: CC BY-SA
CH$NAME: decoy
CH$COMPOUND_CLASS: Natural Product
CH$FORMULA: C20H28N2O5
CH$EXACT_MASS: 376.19982199599997
CH$SMILES: N/A
CH$IUPAC: decoy
CH$LINK: N/A
AC$INSTRUMENT: decoy
AC$INSTRUMENT_TYPE: decoy
AC$MASS_SPECTROMETRY: MS_TYPE MS2
AC$MASS_SPECTROMETRY: ION_MODE POSITIVE
AC$MASS_SPECTROMETRY: COLLISION_ENERGY 10 V
MS$FOCUSED_ION: PRECURSOR_M/Z 377
MS$FOCUSED_ION: PRECURSOR_TYPE [M+H]+
PK$NUM_PEAK: 1652
PK$PEAK: m/z int. rel.int.
  44.977787 136.0 0
  45.104507 144.0 0
  45.655994 164.0 0
  45.681301000000005 172.0 0
  46.573879 176.0 0
  46.73716 204.0 0
  46.77095 128.0 0
  46.950428 184.0 0
  47.115875 160.0 0
  47.118778 180.0 0
  47.184502 20.0 0
  47.329987 136.0 0
  47.33968 172.0 0
  47.569923 192.0 0
  47.714024 136.0 0
  48.089092 172.0 0
  48.243542000000005 88.0 0
  48.276276 196.0 0
  48.819794 172.0 0
  48.973415 176.0 0
  49.308666 148.0 0
  49.803486 224.0 0
  49.898918 164.0 0
  49.999897000000004 156.0 0
  50.284958 212.0 0
  50.475384 144.0 0
  50.482635 176.0 0
  50.654476 252.0 0
  50.81073 120.0 0
  51.11544 184.0 0
  51.258873 216.0 0
  51.502922 132.0 0
  51.643257 40.0 0
  51.703358 164.0 0
  51.740433 192.0 0
  51.745956 368.0 0
  51.808918 180.0 0
  51.955894 188.0 0
  52.1758 148.0 0
  52.225906 116.0 0
  52.356445 216.0 0
  52.3624 168.0 0
  52.445095 236.0 0
  52.538898 52.0 0
  52.775665000000004 120.0 0
  53.264481 172.0 0
  53.310253 160.0 0
  53.409805 168.0 0
  53.432762000000004 76.0 0
  53.611454 204.0 0
  53.649502 56.0 0
  53.690701000000004 156.0 0
  53.701099 172.0 0
  53.893345000000004 228.0 0
  53.923737 192.0 0
  54.672321000000004 188.0 0
  55.091583 200.0 0
  55.508041 148.0 0
  55.555882000000004 104.0 0
  55.744747000000004 100.0 0
  55.826443000000005 160.0 0
  56.140568 120.0 0
  56.189331 176.0 0
  56.561131 60.0 0
  57.139294 192.0 0
  57.169846 256.0 0
  57.571411000000005 144.0 0
  57.729809 212.0 0
  57.823765 140.0 0
  57.843342 184.0 0
  58.123997 156.0 0
  58.240807000000004 152.0 0
  58.313488 140.0 0
  58.398159 152.0 0
  58.814861 240.0 0
  58.878761000000004 196.0 0
  58.897675 156.0 0
  58.936794 176.0 0
  59.328403 248.0 0
  59.393284 184.0 0
  59.503593 100.0 0
  59.574123 156.0 0
  59.872177 240.0 0
  59.908913 156.0 0
  59.942566 100.0 0
  60.065960000000004 192.0 0
  60.248001 164.0 0
  60.343975 196.0 0
  60.586411 200.0 0
  60.588707 152.0 0
  60.779987 192.0 0
  60.847916000000005 160.0 0
  61.366737 156.0 0
  61.541332000000004 132.0 0
  61.718689000000005 164.0 0
  61.772507000000004 196.0 0
  61.812782 140.0 0
  61.974533 204.0 0
  62.415722 124.0 0
  62.553936 196.0 0
  62.60614 152.0 0
  62.656048 28.0 0
  62.853970000000004 52.0 0
  62.975590000000004 164.0 0
  63.480194000000004 120.0 0
  64.163223 224.0 0
  64.607941 204.0 0
  65.001572 100.0 0
  65.22644 164.0 0
  65.51299999999999 220.0 0
  65.53211999999999 148.0 0
  66.81884799999999 132.0 0
  68.177734 196.0 0
  68.432358 72.0 0
  69.003502 204.0 0
  69.03881799999999 132.0 0
  69.241524 140.0 0
  69.30116299999999 260.0 0
  70.099289 164.0 0
  70.428322 152.0 0
  70.50109099999999 176.0 0
  70.807541 68.0 0
  70.915123 160.0 0
  70.933914 140.0 0
  71.07552299999999 144.0 0
  71.51132199999999 1413.0 1
  71.614296 180.0 0
  71.79075599999999 216.0 0
  71.93862899999999 232.0 0
  72.225296 104.0 0
  72.366783 104.0 0
  72.62951699999999 184.0 0
  72.74840499999999 156.0 0
  72.776016 220.0 0
  73.44236 136.0 0
  73.461411 196.0 0
  73.82682 180.0 0
  73.966736 128.0 0
  74.017181 212.0 0
  74.256042 188.0 0
  74.353348 96.0 0
  74.708565 160.0 0
  74.75177 152.0 0
  74.86483799999999 168.0 0
  74.869247 160.0 0
  75.391846 168.0 0
  75.764175 92.0 0
  76.21665999999999 180.0 0
  76.282799 148.0 0
  76.361206 148.0 0
  76.71594999999999 156.0 0
  76.85737599999999 152.0 0
  77.04184699999999 196.0 0
  77.314583 120.0 0
  78.555871 172.0 0
  78.77774 204.0 0
  79.194824 48.0 0
  79.313255 148.0 0
  79.441757 168.0 0
  79.542267 192.0 0
  79.584999 132.0 0
  79.62553399999999 200.0 0
  80.23630499999999 136.0 0
  80.37603 144.0 0
  80.555656 168.0 0
  80.77851899999999 148.0 0
  81.118073 180.0 0
  81.653374 124.0 0
  81.91654199999999 148.0 0
  82.313789 168.0 0
  82.40509 208.0 0
  82.534683 140.0 0
  82.83899699999999 23.89286 0
  82.850113 100.0 0
  83.55485499999999 76.0 0
  83.679161 156.0 0
  84.04592099999999 356.0 0
  84.07575999999999 180.0 0
  84.21668199999999 184.0 0
  84.558365 240.0 0
  84.909088 0.82836 0
  85.000648 144.0 0
  85.211929 228.0 0
  85.404922 224.0 0
  85.425598 196.0 0
  85.47998799999999 148.0 0
  85.659195 192.0 0
  85.79641699999999 96.0 0
  86.481956 152.0 0
  86.498093 192.0 0
  86.608971 140.0 0
  86.91332999999999 188.0 0
  87.13046299999999 212.0 0
  87.383057 184.0 0
  87.698189 84.0 0
  87.892921 188.0 0
  88.922226 160.0 0
  89.717957 232.0 0
  89.89559899999999 128.0 0
  89.936066 88.0 0
  90.90522 148.0 0
  91.05420699999999 8564.0 4
  91.068474 216.0 0
  91.221153 164.0 0
  91.229996 140.0 0
  91.90859999999999 208.0 0
  91.975487 168.0 0
  92.04931599999999 384.0 0
  92.05677 1112.0 1
  92.07403599999999 68.0 0
  92.24196599999999 216.0 0
  92.320702 60.0 0
  92.351936 68.0 0
  92.428146 176.0 0
  92.530891 260.0 0
  92.629204 172.0 0
  92.830452 204.0 0
  93.060295 560.0 0
  93.292931 148.0 0
  93.48859399999999 164.0 0
  93.544128 76.0 0
  93.56208799999999 40.0 0
  93.574593 180.0 0
  94.926147 236.0 0
  95.02870899999999 148.0 0
  95.186584 176.0 0
  95.261726 128.0 0
  95.42946599999999 160.0 0
  95.50904799999999 44.0 0
  95.51512899999999 108.0 0
  95.58260299999999 112.0 0
  95.75350999999999 160.0 0
  95.877861 144.0 0
  95.971916 72.0 0
  95.987602 168.0 0
  96.14806399999999 172.0 0
  96.348862 204.0 0
  96.513199 228.0 0
  97.07228099999999 55.555561 0
  97.210884 156.0 0
  97.22906499999999 160.0 0
  97.588409 40.0 0
  97.80828899999999 100.0 0
  97.829781 132.0 0
  97.91924999999999 120.0 0
  97.93695799999999 112.0 0
  97.99089099999999 44.0 0
  98.09698499999999 188.0 0
  98.133865 164.0 0
  98.151787 120.0 0
  98.39289099999999 240.0 0
  98.40190899999999 160.0 0
  98.51799799999999 160.0 0
  98.65993499999999 36.0 0
  98.66422999999999 200.0 0
  98.80985299999999 128.0 0
  98.952209 144.0 0
  99.06156899999999 396.0 0
  99.11194599999999 160.0 0
  99.210274 196.0 0
  99.244568 40.0 0
  99.37007899999999 180.0 0
  99.43414299999999 152.0 0
  99.63754999999999 164.0 0
  99.84164399999999 152.0 0
  100.147346 196.0 0
  100.23413099999999 212.0 0
  100.264015 172.0 0
  100.3564 168.0 0
  100.459312 120.0 0
  100.49930599999999 56.0 0
  100.51682299999999 172.0 0
  100.78109699999999 140.0 0
  100.78467599999999 220.0 0
  100.920677 188.0 0
  101.01720399999999 188.0 0
  101.051445 204.0 0
  101.061996 124.0 0
  101.277428 136.0 0
  101.348434 172.0 0
  101.39169299999999 3.78125 0
  101.477875 188.0 0
  101.532715 228.0 0
  101.60233299999999 168.0 0
  101.679245 216.0 0
  101.69970099999999 204.0 0
  102.053749 164.0 0
  102.20867199999999 6.862268 0
  102.27764099999999 56.0 0
  102.307755 216.0 0
  102.69335199999999 100.0 0
  102.71155499999999 124.0 0
  102.79293799999999 184.0 0
  102.899391 240.0 0
  102.95786299999999 96.0 0
  103.036316 148.0 0
  103.054047 252.0 0
  103.056953 220.0 0
  103.16804499999999 216.0 0
  103.192352 92.0 0
  103.260216 27.592131 0
  103.304718 172.0 0
  103.42939799999999 188.0 0
  103.83268699999999 140.0 0
  103.899727 80.0 0
  104.06813 63.61731 0
  104.31362899999999 204.0 0
  104.43257899999999 8.668651 0
  104.68371599999999 204.0 0
  104.836861 132.0 0
  104.87129999999999 152.0 0
  104.875909 180.0 0
  104.946945 152.0 0
  105.00040399999999 5573.433105 3
  105.02783199999999 196.0 0
  105.058273 132.0 0
  105.07002999999999 425.563904 0
  105.254875 132.0 0
  105.257774 1.777778 0
  105.278381 156.0 0
  105.302208 3.672619 0
  105.308128 108.0 0
  105.63915999999999 140.0 0
  105.72557099999999 196.0 0
  105.75741599999999 56.0 0
  105.765228 156.0 0
  106.00634 100.0 0
  106.040848 172.0 0
  106.064178 348.0 0
  106.08462499999999 176.0 0
  106.34088899999999 192.0 0
  106.546082 176.0 0
  106.73666399999999 192.0 0
  106.868202 9.502016 0
  106.88149999999999 228.0 0
  106.91397099999999 208.0 0
  107.04886599999999 328.0 0
  107.18955199999999 32.0 0
  107.502296 144.0 0
  107.697327 132.0 0
  107.72891999999999 136.0 0
  107.820343 216.0 0
  108.04334999999999 211.063599 0
  108.114853 164.0 0
  108.168877 148.0 0
  108.17942 176.0 0
  108.22546399999999 176.0 0
  108.37712099999999 44.273811 0
  108.398788 240.0 0
  108.437325 156.0 0
  108.48333 180.0 0
  108.542763 160.0 0
  108.914192 164.0 0
  108.943901 268.0 0
  108.97801199999999 52.0 0
  109.030327 204.0 0
  109.044067 160.0 0
  109.058365 164.0 0
  109.065857 243.315002 0
  109.069565 156.0 0
  109.10007499999999 292.594208 0
  109.34021 144.0 0
  109.416367 22.66003 0
  109.67392699999999 212.0 0
  109.74537699999999 184.0 0
  110.051704 196.0 0
  110.06668099999999 284.0 0
  110.07541699999999 220.0 0
  110.213303 172.0 0
  110.28286 28.004311 0
  110.339203 152.0 0
  110.463562 53.75631 0
  110.54892699999999 164.0 0
  110.58614299999999 5.708333 0
  110.622391 60.0 0
  110.682831 172.0 0
  110.75866699999999 160.0 0
  110.786194 108.0 0
  110.78994 48.0 0
  110.85685699999999 140.0 0
  110.89658399999999 120.0 0
  110.96546199999999 244.0 0
  111.040161 128.0 0
  111.055504 52.0 0
  111.193748 3.857143 0
  111.206329 44.0 0
  111.213737 96.0 0
  111.28952799999999 220.0 0
  111.31964099999999 180.0 0
  111.43881999999999 96.0 0
  111.511101 148.0 0
  111.54292299999999 196.0 0
  111.54513499999999 232.0 0
  111.60331699999999 132.0 0
  111.63559699999999 208.0 0
  111.692268 52.0 0
  111.901741 112.0 0
  111.91600799999999 180.0 0
  112.140671 164.0 0
  112.221283 160.0 0
  112.26212299999999 232.0 0
  112.367538 184.0 0
  112.679924 204.0 0
  112.771965 100.0 0
  113.04965999999999 184.0 0
  113.239868 68.0 0
  113.280121 112.0 0
  113.39215899999999 156.0 0
  113.577354 32.0 0
  113.58725 112.0 0
  113.59516099999999 164.0 0
  113.603302 216.0 0
  114.009796 1704.0 1
  114.25505799999999 176.0 0
  114.258209 180.0 0
  114.49969499999999 156.0 0
  114.7743 232.0 0
  114.77913699999999 128.0 0
  114.802933 156.0 0
  114.820854 228.0 0
  114.896011 160.0 0
  114.933876 180.0 0
  115.05406199999999 364.0 0
  115.06085999999999 156.0 0
  115.07389099999999 120.0 0
  115.07672099999999 288.0 0
  115.181801 112.0 0
  115.219673 72.0 0
  115.255585 64.0 0
  115.27051499999999 14.0 0
  115.389687 148.0 0
  115.56178299999999 152.0 0
  115.647469 17.84836 0
  115.946182 188.0 0
  116.01602899999999 176.0 0
  116.037323 72.0 0
  116.11682099999999 104.0 0
  116.152611 136.0 0
  116.166443 188.0 0
  116.176628 96.0 0
  116.178772 116.0 0
  116.23513 96.0 0
  116.32133499999999 176.0 0
  116.54577599999999 100.0 0
  116.632027 240.0 0
  116.752495 52.0 0
  116.90712699999999 180.0 0
  116.98101 88.0 0
  117.06987799999999 9060.0 5
  117.388565 188.0 0
  117.43502799999999 2.667339 0
  117.479942 8.25 0
  117.587959 172.0 0
  117.807953 148.0 0
  117.852425 128.0 0
  117.960678 304.0 0
  118.04182399999999 280.0 0
  118.065018 176.0 0
  118.161919 52.0 0
  118.22477699999999 144.0 0
  118.30452 176.0 0
  118.324089 232.0 0
  118.55446599999999 76.0 0
  118.56590999999999 152.0 0
  118.77858699999999 184.0 0
  118.799713 120.0 0
  119.01754799999999 180.0 0
  119.032608 172.0 0
  119.048462 744.0 0
  119.228134 180.0 0
  119.295273 172.0 0
  119.396103 196.0 0
  119.64743 156.0 0
  119.720604 184.0 0
  119.82348599999999 188.0 0
  119.989494 204.0 0
  120.020195 372.0 0
  120.02259099999999 208.0 0
  120.08215299999999 200.0 0
  120.144897 56.0 0
  120.185181 188.0 0
  120.30557999999999 192.0 0
  120.33596 112.0 0
  120.484268 176.0 0
  120.808922 184.0 0
  120.936005 160.0 0
  120.98365 168.0 0
  121.013275 228.0 0
  121.02767899999999 200.0 0
  121.059753 892.0 0
  121.06472 315.266113 0
  121.08258099999999 7.041667 0
  121.109337 188.0 0
  121.354721 176.0 0
  121.437202 88.0 0
  121.545662 22.225 0
  121.61910999999999 7.980801 0
  121.63021099999999 104.0 0
  121.639748 156.0 0
  121.73853299999999 212.0 0
  121.87164299999999 116.0 0
  121.894386 140.0 0
  122.01574699999999 132.0 0
  122.071136 208.0 0
  122.10659 156.0 0
  122.11644 240.0 0
  122.337029 168.0 0
  122.458176 160.0 0
  123.009514 840.0 0
  123.043877 48.561371 0
  123.071815 544.0 0
  123.075036 180.0 0
  123.13647499999999 48.0 0
  123.34919 184.0 0
  123.55560299999999 132.0 0
  123.936127 156.0 0
  124.01278699999999 392.0 0
  124.027603 140.0 0
  124.373199 152.0 0
  124.58180999999999 192.0 0
  124.633781 168.0 0
  124.64209 152.0 0
  124.77857999999999 148.0 0
  124.94635 164.0 0
  124.998421 252.0 0
  125.054054 204.0 0
  125.062553 303.0 0
  125.099176 124.0 0
  125.18489799999999 208.0 0
  125.30652599999999 176.0 0
  125.316643 80.0 0
  125.423271 164.0 0
  125.505302 152.0 0
  125.586807 100.0 0
  125.76753199999999 116.0 0
  125.82856 136.0 0
  125.892197 204.0 0
  126.012329 857.030579 0
  126.281593 188.0 0
  126.29828599999999 172.0 0
  126.356201 160.0 0
  126.372108 176.0 0
  126.443176 92.0 0
  126.609901 120.0 0
  126.73750299999999 80.0 0
  126.888206 132.0 0
  126.896774 272.0 0
  126.96979499999999 76.0 0
  127.00729399999999 172.0 0
  127.05536699999999 156.0 0
  127.124832 8.03728 0
  127.15091699999999 88.0 0
  127.181602 140.0 0
  127.236481 144.0 0
  127.457016 128.0 0
  127.65601299999999 180.0 0
  127.78671299999999 140.0 0
  127.80036899999999 116.0 0
  128.003998 124.0 0
  128.116119 12.81548 0
  128.118866 136.0 0
  128.391586 60.0 0
  128.49852 140.0 0
  128.591705 24.0151 0
  128.639114 10.80474 0
  128.650406 220.0 0
  129.071609 792.0 0
  129.272156 252.0 0
  129.327042 148.0 0
  129.539093 176.0 0
  129.70108000000002 172.0 0
  129.727676 64.0 0
  129.88067600000002 180.0 0
  129.941788 60.0 0
  130.03649900000002 168.0 0
  130.056274 341.0 0
  130.059265 65.933823 0
  130.069763 148.0 0
  130.135422 64.0 0
  130.362122 140.0 0
  130.564468 196.0 0
  130.687912 208.0 0
  130.813263 200.0 0
  130.821381 128.0 0
  130.830017 144.0 0
  130.851898 260.0 0
  131.045425 480.0 0
  131.050217 184.0 0
  131.05957 148.0 0
  131.086136 31.779659 0
  131.16931200000002 124.0 0
  131.17157 72.0 0
  131.45803800000002 168.0 0
  131.54431200000002 148.0 0
  131.584686 180.0 0
  131.599243 204.0 0
  131.652161 196.0 0
  131.69464100000002 176.0 0
  131.79731800000002 88.0 0
  131.845856 200.0 0
  132.05281100000002 160.0 0
  132.05491600000002 148.0 0
  132.06633000000002 112.092903 0
  132.12016300000002 224.0 0
  132.217255 36.0 0
  132.288071 160.0 0
  132.391815 136.0 0
  132.6056 168.0 0
  132.633835 72.0 0
  132.805283 144.0 0
  132.814392 264.0 0
  132.822418 148.0 0
  132.900879 128.0 0
  133.011703 180.0 0
  133.028534 196.0 0
  133.053787 3420.0 2
  133.067123 356.0 0
  133.08818100000002 2196.0 1
  133.09925800000002 520.0 0
  133.156982 48.0 0
  133.339355 188.0 0
  133.34303300000002 184.0 0
  133.35788 72.0 0
  133.71395900000002 11.81818 0
  133.82063300000002 124.0 0
  133.935486 144.0 0
  134.156189 72.0 0
  134.163141 136.0 0
  134.276962 208.0 0
  134.36282300000002 2.983333 0
  134.415359 220.0 0
  134.809845 144.0 0
  134.879578 180.0 0
  134.936768 152.0 0
  135.044632 180.0 0
  135.055923 126.738403 0
  135.06483500000002 172.0 0
  135.078842 362.26239 0
  135.11573800000002 607.0 0
  135.121246 44.0 0
  135.204025 11.10417 0
  135.210632 60.0 0
  135.263443 60.0 0
  135.295395 184.0 0
  136.040955 460.0 0
  136.044952 633.0 0
  136.0755 604.0 0
  136.215622 92.0 0
  136.29083300000002 168.0 0
  136.362366 3.223148 0
  136.421219 176.0 0
  136.54994200000002 184.0 0
  136.699127 104.0 0
  136.72009300000002 236.0 0
  136.824051 208.0 0
  136.95434600000002 48.0 0
  137.02392600000002 180.0 0
  137.05938700000002 8616.0 4
  137.090057 4.339286 0
  137.123291 56.0 0
  137.139496 220.0 0
  137.150314 100.0 0
  137.180313 152.0 0
  137.253296 240.0 0
  137.296967 160.0 0
  137.31604000000002 184.0 0
  137.492615 204.0 0
  137.53616300000002 13.43045 0
  137.59114100000002 7.429442 0
  137.78332500000002 244.0 0
  137.981674 76.0 0
  138.065918 66.718353 0
  138.092545 332.0 0
  138.291473 53.840549 0
  138.4086 164.0 0
  138.624603 148.0 0
  139.050568 250.0 0
  139.110062 25.60276 0
  139.119339 88.0 0
  139.242828 196.0 0
  139.265106 72.0 0
  139.516251 184.0 0
  139.545166 176.0 0
  139.882217 224.0 0
  140.020721 44.0 0
  140.108597 148.0 0
  140.219604 8.023116 0
  140.399506 104.0 0
  140.484528 172.0 0
  140.848007 148.0 0
  141.04478500000002 296.0 0
  141.052017 26.92749 0
  141.06448400000002 200.0 0
  141.132431 216.0 0
  141.220963 168.0 0
  141.277023 168.0 0
  141.39999400000002 188.0 0
  141.549881 180.0 0
  141.712692 96.0 0
  142.06504800000002 3488.0 2
  142.07745400000002 1140.0 1
  142.109741 388.0 0
  142.148865 192.0 0
  142.220795 128.0 0
  142.25920100000002 44.0 0
  142.410278 120.0 0
  142.46537800000002 36.0 0
  142.544754 148.0 0
  142.768143 152.0 0
  142.873291 164.0 0
  142.88081400000002 72.0 0
  142.90425100000002 68.0 0
  142.912567 144.0 0
  143.031845 325.0 0
  143.07238800000002 2316.0 1
  143.196899 132.0 0
  143.423767 148.0 0
  143.53009 60.0 0
  143.616119 124.0 0
  144.055679 1848.0 1
  144.058685 180.0 0
  144.10524 148.0 0
  144.20425400000002 228.0 0
  144.299347 108.0 0
  144.407486 10.47704 0
  144.736084 18.712839 0
  144.745407 204.0 0
  144.90325900000002 132.0 0
  145.014816 244.0 0
  145.02446 1033.0 1
  145.057138 208.0 0
  145.060135 280.0 0
  145.08818100000002 56.0 0
  145.090652 156.0 0
  145.100525 1076.0 1
  145.11183200000002 152.0 0
  145.173965 172.0 0
  145.39149500000002 84.0 0
  145.518784 172.0 0
  145.616013 164.0 0
  145.980804 220.0 0
  146.029999 192.0 0
  146.057434 53.217781 0
  146.37027 4.760417 0
  146.379318 64.0 0
  146.45597800000002 160.0 0
  146.592545 208.0 0
  146.86731 96.0 0
  147.014847 140.0 0
  147.040512 19400.0 10
  147.068039 168.0 0
  147.071411 1821.0 1
  147.084427 404.0 0
  147.255188 96.0 0
  147.29122900000002 88.0 0
  147.311646 40.0 0
  147.38819900000001 128.0 0
  147.55864 60.0 0
  147.845886 68.0 0
  147.925034 64.0 0
  148.001923 116.0 0
  148.014343 128.0 0
  148.043427 261.0 0
  148.06424 148.0 0
  148.077652 26.078951 0
  148.10022 9.708333 0
  148.53114300000001 36.0 0
  148.611557 52.0 0
  148.775955 124.0 0
  148.838074 176.0 0
  149.022308 680.0 0
  149.05809000000002 96.0 0
  149.079102 216.0 0
  149.28981000000002 120.0 0
  149.45652800000002 72.0 0
  149.473511 112.0 0
  149.511597 148.0 0
  149.702042 152.0 0
  149.705963 140.0 0
  149.863068 120.0 0
  149.98826 204.0 0
  150.061508 136.0 0
  150.065338 168.0 0
  150.115677 224.0 0
  150.17811600000002 180.0 0
  150.337723 108.0 0
  150.482819 144.0 0
  150.582336 24.041401 0
  150.78486600000002 216.0 0
  150.985947 148.0 0
  151.198395 112.0 0
  151.258972 42.107761 0
  151.296005 156.0 0
  151.32942200000002 52.0 0
  151.466293 32.0 0
  151.94511400000002 112.0 0
  152.07074 124.0 0
  152.12802100000002 40.0 0
  152.961502 236.0 0
  152.983597 136.0 0
  153.061295 184.0 0
  153.06689500000002 180.0 0
  153.069244 148.0 0
  153.117996 196.0 0
  153.139206 180.0 0
  153.749649 160.0 0
  154.01469400000002 144.0 0
  154.017624 1034.0 1
  154.025162 128.0 0
  154.08483900000002 31.8734 0
  154.524155 164.0 0
  154.816956 216.0 0
  154.927185 2.336539 0
  155.006851 244.0 0
  155.15377800000002 596.374023 0
  155.530457 12.94833 0
  155.71855200000002 184.0 0
  155.851089 156.0 0
  155.957977 180.0 0
  156.045151 300.0 0
  156.07260100000002 240.0 0
  156.18512 160.0 0
  156.347214 68.0 0
  156.404953 160.0 0
  156.418747 240.0 0
  156.700272 132.0 0
  156.82376100000002 10.28004 0
  156.875885 156.0 0
  156.963974 48.0 0
  157.077805 172.0 0
  157.30612200000002 236.0 0
  157.31405600000002 84.0 0
  157.597519 144.0 0
  157.683533 140.0 0
  157.93699600000002 56.0 0
  157.98091100000002 144.0 0
  158.549026 156.0 0
  158.768967 160.0 0
  158.79225200000002 116.0 0
  158.917999 188.0 0
  158.97641000000002 12.26316 0
  159.028549 108.0 0
  159.040573 497696.0 252
  159.07977300000002 1804.0 1
  159.08599900000002 248.0 0
  159.089798 248.0 0
  159.37750200000002 76.0 0
  159.771423 176.0 0
  159.906082 160.0 0
  159.94686900000002 14.52466 0
  159.97728 140.0 0
  159.998581 148.0 0
  160.075195 216.0 0
  160.079453 216.0 0
  160.101776 124.0 0
  160.30749500000002 72.0 0
  160.47908 48.0 0
  160.52713 112.0 0
  160.618851 48.0 0
  160.955658 140.0 0
  161.097534 1272.0 1
  161.15176400000001 6.456349 0
  161.19554100000002 88.0 0
  161.311066 76.0 0
  161.50657700000002 180.0 0
  161.60543800000002 212.0 0
  162.00740100000002 196.0 0
  162.04362500000002 34.843842 0
  162.062927 176.0 0
  162.092285 16244.0 8
  162.165085 19.22773 0
  162.313446 8.167411 0
  162.33496100000002 176.0 0
  162.53006000000002 144.0 0
  162.569717 160.0 0
  162.65841700000001 212.0 0
  162.774124 19.062851 0
  162.796082 136.0 0
  162.93222 180.0 0
  162.96296700000002 104.0 0
  162.96601900000002 156.0 0
  163.019067 688.0 0
  163.034988 22834.0 12
  163.059174 152.0 0
  163.073563 1212.0 1
  163.124054 192.0 0
  163.308838 172.0 0
  163.51770000000002 156.0 0
  163.554108 116.0 0
  163.661621 188.0 0
  163.70181300000002 68.0 0
  163.93602 152.0 0
  164.023965 144.0 0
  164.11093100000002 144.0 0
  164.154694 168.0 0
  164.31358300000002 144.0 0
  164.390289 192.0 0
  164.42506400000002 44.0 0
  164.710831 196.0 0
  164.763977 184.0 0
  165.03263900000002 204.0 0
  165.055099 212.0 0
  165.06842 1780.0 1
  165.091034 164.0 0
  165.125336 112.0 0
  165.14364 148.0 0
  165.308105 96.0 0
  165.326706 140.0 0
  165.34045400000002 176.0 0
  165.350662 17.037359 0
  165.375946 192.0 0
  165.469345 36.0 0
  165.77070600000002 136.0 0
  166.060257 120.0 0
  166.19172700000001 88.0 0
  166.37402300000002 188.0 0
  166.40751600000002 220.0 0
  166.478836 4.846036 0
  166.59259 48.0 0
  166.95301800000001 48.0 0
  167.02108800000002 80.0 0
  167.060165 180.0 0
  167.085892 296.0 0
  167.118851 22.578699 0
  167.172165 164.0 0
  167.60806300000002 100.0 0
  167.630356 38.823067 0
  167.663757 100.0 0
  167.673767 172.0 0
  167.823273 88.0 0
  167.987366 240.0 0
  168.012177 296.0 0
  168.02478000000002 4286.0 2
  168.081329 140.0 0
  168.244415 108.0 0
  168.475266 84.0 0
  168.622452 176.0 0
  168.904831 220.0 0
  169.052423 509.0 0
  169.087463 56.0 0
  169.09634400000002 244.0 0
  169.31315600000002 140.0 0
  169.516525 132.0 0
  170.36642500000002 96.0 0
  170.607407 228.0 0
  170.795715 48.0 0
  171.029144 328.0 0
  171.159363 88.0 0
  171.312408 144.0 0
  171.419846 31.486639 0
  171.425507 64.0 0
  171.570938 228.0 0
  171.582062 148.0 0
  171.857819 140.0 0
  172.039154 840.0 0
  172.08696 188.0 0
  172.32418800000002 120.0 0
  172.86187700000002 184.0 0
  172.939911 48.0 0
  173.055374 144.0 0
  173.086609 180.0 0
  173.104355 33.03437 0
  173.12027 11.16696 0
  173.261887 33.290722 0
  173.387604 5.833929 0
  173.564026 80.0 0
  173.80661 3.481 0
  174.07080100000002 520.0 0
  174.080826 224.0 0
  174.123932 8.342593 0
  174.241196 88.0 0
  174.361176 224.0 0
  174.657486 136.0 0
  174.723297 136.0 0
  174.880661 128.0 0
  175.07939100000002 184.0 0
  175.08711200000002 156.0 0
  175.119614 184.0 0
  175.211975 5.888889 0
  175.296967 176.0 0
  175.320145 64.0 0
  175.360825 80.0 0
  175.46785 140.0 0
  175.719528 136.0 0
  175.77563500000002 212.0 0
  175.897186 156.0 0
  176.047073 172.0 0
  176.195084 132.0 0
  176.360992 128.0 0
  176.46283 184.0 0
  176.54155 44.0 0
  176.683685 112.0 0
  176.966858 180.0 0
  176.980621 212.0 0
  177.053467 352.280609 0
  177.08886700000002 450.0 0
  177.11222800000002 180.0 0
  177.126022 50.462448 0
  177.37901300000001 232.0 0
  177.38414 36.0 0
  177.409164 80.0 0
  177.449036 192.0 0
  177.479187 80.0 0
  177.793564 56.0 0
  177.93866 176.0 0
  178.044006 1805.0 1
  178.060089 120.0 0
  178.062607 160.0 0
  178.06625400000001 1112.0 1
  178.077744 948.518127 0
  178.09393300000002 1452.0 1
  178.10733000000002 148.0 0
  178.122131 124.0 0
  178.556778 144.0 0
  178.64859 144.0 0
  178.71270800000002 60.0 0
  178.763901 184.0 0
  178.790054 40.0 0
  178.972778 164.0 0
  179.036194 5.0 0
  179.07165500000002 212.0 0
  179.08651700000001 180.0 0
  179.140579 68.0 0
  179.359055 204.0 0
  179.39755200000002 156.0 0
  180.029083 104.0 0
  180.039825 176.0 0
  180.073898 264.0 0
  180.07989500000002 680.0 0
  180.31985500000002 188.0 0
  180.68673700000002 16.02132 0
  180.92553700000002 204.0 0
  181.076157 100276.0 51
  181.849335 92.0 0
  181.97702 15.02885 0
  182.006256 120.494003 0
  182.06781 404.0 0
  182.096313 708.0 0
  182.22056600000002 40.0 0
  182.28993200000002 116.0 0
  182.362274 2.751645 0
  182.530075 232.0 0
  182.804031 172.0 0
  182.82785 148.0 0
  182.91888400000002 180.0 0
  183.067383 76.0 0
  183.15953100000002 188.0 0
  183.219299 244.0 0
  183.271423 100.0 0
  183.299011 104.0 0
  183.347824 96.0 0
  183.45292700000002 60.0 0
  183.581543 56.0 0
  183.59397900000002 152.0 0
  183.607483 60.0 0
  183.96632400000001 120.0 0
  184.024002 52.0 0
  184.043472 264.0 0
  184.377518 132.0 0
  184.442612 88.0 0
  184.471375 104.0 0
  184.53457600000002 72.0 0
  184.55783100000002 120.0 0
  184.670242 132.0 0
  184.68640100000002 124.0 0
  185.026001 204.0 0
  185.038849 4980.0 3
  185.090958 160.0 0
  185.096146 2150.148926 1
  185.101715 152.0 0
  185.13063 432.0 0
  185.287979 100.0 0
  185.314499 148.0 0
  185.319733 340.0 0
  185.431946 88.0 0
  185.493484 152.0 0
  185.718399 96.0 0
  185.974365 52.0 0
  186.064758 951.0 0
  186.24142500000002 148.0 0
  186.258911 84.0 0
  186.336105 72.0 0
  186.528748 228.0 0
  187.038361 360.0 0
  187.05633500000002 225.656296 0
  187.06353800000002 13848.0 7
  187.291031 8.502976 0
  187.536194 92.0 0
  187.607773 188.0 0
  187.641907 68.0 0
  188.03879700000002 12690.0 6
  188.108093 144.0 0
  188.216415 240.0 0
  188.24498 108.0 0
  188.342972 64.0 0
  188.400146 120.0 0
  189.06564300000002 100.0 0
  189.277344 14.91177 0
  189.66909800000002 164.0 0
  189.913925 148.0 0
  189.957657 8.69138 0
  190.029236 216.0 0
  190.08680700000002 2748.0 1
  190.292282 144.0 0
  190.625046 148.0 0
  191.070404 164.0 0
  191.14006 10.86667 0
  191.150925 200.0 0
  191.16270400000002 10.76225 0
  191.380875 118.412201 0
  191.556396 68.0 0
  191.79629500000001 68.0 0
  191.849762 164.0 0
  191.983429 48.0 0
  192.086487 174.993805 0
  192.278976 72.0 0
  192.309433 344.0 0
  192.31601 168.0 0
  192.53581200000002 8.395127 0
  192.74520900000002 72.0 0
  192.77404800000002 172.0 0
  193.048798 1984.0 1
  193.10835300000002 52.0 0
  193.21151700000001 56.0 0
  193.292404 152.0 0
  193.524963 200.0 0
  193.663925 160.0 0
  193.77293400000002 108.0 0
  193.94841 120.0 0
  194.072754 824.0 0
  194.07991 196.0 0
  194.09697 236.0 0
  194.16957100000002 156.0 0
  194.245697 152.0 0
  194.280304 200.0 0
  194.425186 184.0 0
  194.65004000000002 80.0 0
  194.902969 216.0 0
  195.09833600000002 172.0 0
  195.13325500000002 2.217195 0
  195.89047200000002 228.0 0
  196.441605 164.0 0
  196.45463600000002 92.0 0
  196.566055 180.0 0
  196.576904 80.0 0
  196.742661 156.0 0
  196.84397900000002 36.0 0
  197.06607100000002 188.0 0
  197.106354 31.671539 0
  197.246201 152.0 0
  197.483154 116.0 0
  197.761154 136.0 0
  197.976028 164.0 0
  198.054764 225.917297 0
  198.07960500000002 3679.0 2
  198.09198 164.0 0
  198.09698500000002 32254.0 16
  198.12210100000001 392.0 0
  198.142456 132.0 0
  198.3246 19.69306 0
  198.692947 164.0 0
  199.081039 176.0 0
  199.110107 30588.0 15
  199.14437900000001 272.0 0
  199.207275 7.8 0
  199.259903 40.889488 0
  199.53765900000002 136.0 0
  199.898209 96.0 0
  199.904907 120.0 0
  200.057053 140.0 0
  201.04341100000002 2924.0 1
  201.11937 1.008333 0
  201.13964800000002 3040.0 2
  201.35231000000002 128.0 0
  201.95773300000002 160.0 0
  201.96460000000002 64.0 0
  202.01654100000002 148.0 0
  202.058792 129.0 0
  202.062805 232.0 0
  202.0755 272.0 0
  202.08573900000002 688.0 0
  202.151855 324.0 0
  202.175903 92.0 0
  202.363373 168.0 0
  203.041214 78432.0 40
  203.071762 152.0 0
  203.119675 340.0 0
  203.13990800000002 224.0 0
  203.143311 420.0 0
  203.179718 14.14464 0
  203.231033 132.0 0
  203.328003 60.0 0
  203.64279200000001 80.0 0
  203.732834 216.0 0
  203.78448500000002 176.0 0
  203.792862 164.0 0
  203.97023000000002 29.67975 0
  204.102814 176.0 0
  204.11088600000002 116.0 0
  204.145889 252.0 0
  204.149719 108.0 0
  204.22889700000002 60.0 0
  204.521423 84.0 0
  205.096 1.0 0
  205.191269 76.0 0
  205.344162 96.0 0
  205.47605900000002 184.0 0
  205.542969 76.0 0
  205.670074 84.0 0
  206.106201 208.0 0
  206.470383 168.0 0
  206.56556700000002 172.0 0
  206.748871 172.0 0
  207.059433 5613.0 3
  207.16272 192.0 0
  207.17083100000002 144.0 0
  207.792282 92.0 0
  208.04014600000002 17.37455 0
  208.087738 344.0 0
  208.417419 176.0 0
  208.507858 94.581413 0
  208.53504900000001 256.0 0
  208.583755 176.0 0
  208.620667 192.0 0
  208.811981 100.0 0
  208.820984 112.0 0
  209.095001 164.0 0
  209.164017 11.50092 0
  209.27645900000002 152.0 0
  209.40394600000002 192.0 0
  209.454544 38.747028 0
  209.490219 52.0 0
  209.76431300000002 76.0 0
  209.954071 92.0 0
  210.04826400000002 5316.0 3
  210.057739 156.0 0
  210.139771 51.083328 0
  210.320694 72.0 0
  210.900406 128.0 0
  210.939911 2177.0 1
  211.12445100000002 25.47368 0
  211.48747300000002 188.0 0
  211.78976400000002 16.774309 0
  211.79454 52.0 0
  212.034943 59684.0 30
  212.25972000000002 40.0 0
  212.507843 180.0 0
  212.693207 80.0 0
  213.05754100000001 136.0 0
  214.098328 452.0 0
  214.13896200000002 26.231371 0
  214.279694 52.0 0
  214.612686 140.0 0
  214.785461 156.0 0
  214.95399500000002 160.0 0
  215.033829 1456.0 1
  215.05813600000002 520.0 0
  215.08548000000002 128.0 0
  215.407272 5.160714 0
  215.460831 40.0 0
  215.59449800000002 156.0 0
  216.11007700000002 128.0 0
  216.293045 200.0 0
  216.31353800000002 164.0 0
  216.445267 7.505903 0
  216.450073 104.0 0
  216.60466 18.70249 0
  216.915634 48.0 0
  216.96077 15.52381 0
  217.04963700000002 164.0 0
  217.057907 212.0 0
  217.318497 108.0 0
  217.57254 8.881579 0
  217.61535600000002 76.0 0
  217.72941600000001 104.0 0
  217.75756900000002 104.0 0
  217.826202 148.0 0
  218.361694 6.666667 0
  218.56843600000002 188.0 0
  218.836533 76.0 0
  219.09312400000002 511.0 0
  219.15626500000002 176.0 0
  219.208267 36.0 0
  219.90416000000002 52.0 0
  219.94816600000001 144.0 0
  220.09407000000002 144.0 0
  220.126678 152.0 0
  220.22473100000002 160.0 0
  220.687241 240.0 0
  221.03495800000002 188.0 0
  221.089294 48.0 0
  221.098373 132.0 0
  221.116647 220.0 0
  221.11952200000002 71.517113 0
  221.134277 516.0 0
  221.167648 136.0 0
  222.37278700000002 80.0 0
  222.61547900000002 216.0 0
  223.16043100000002 228.0 0
  223.629959 44.0 0
  223.765823 188.0 0
  224.056046 192.0 0
  224.092 1.0 0
  224.16386400000002 224.0 0
  224.21090700000002 25.55525 0
  225.026474 152.0 0
  225.09175100000002 428.0 0
  225.10067700000002 240.0 0
  225.122253 63.01498 0
  225.28860500000002 156.0 0
  225.303101 100.0 0
  225.366669 168.0 0
  225.725876 92.0 0
  226.055206 340.0 0
  226.077042 128.0 0
  226.13055400000002 176.0 0
  226.39999400000002 72.0 0
  226.82453900000002 64.0 0
  227.051071 188.860504 0
  227.06509400000002 12868.0 7
  227.116653 188.0 0
  227.178696 1512.0 1
  227.582581 192.0 0
  227.62733500000002 48.0 0
  227.65274000000002 48.0 0
  227.746933 168.0 0
  228.031631 76.0 0
  228.10188300000002 1084.0 1
  228.30676300000002 296.0 0
  228.548538 168.0 0
  230.156616 132.0 0
  230.240601 52.0 0
  230.41803000000002 40.0 0
  230.47493 140.0 0
  230.528763 200.0 0
  230.91304 192.0 0
  231.064758 1900.0 1
  231.07788100000002 120.0 0
  231.08239700000001 519.976929 0
  231.177133 144.0 0
  231.37406900000002 32.0 0
  231.52383400000002 120.0 0
  231.593826 152.0 0
  231.840576 112.0 0
  231.95224000000002 144.0 0
  232.04512 160.0 0
  232.144791 204.0 0
  232.208344 152.0 0
  232.251617 140.0 0
  232.67184400000002 120.0 0
  232.881271 116.0 0
  233.118393 216.0 0
  233.214493 56.0 0
  234.067825 220.0 0
  234.139755 132.0 0
  234.43228100000002 56.0 0
  234.55444300000002 22.41992 0
  234.62712100000002 132.0 0
  234.74485800000002 128.0 0
  235.671692 164.0 0
  235.71296700000002 168.0 0
  235.899643 152.0 0
  236.01872300000002 324.0 0
  236.045197 144.0 0
  236.060394 6739.0 3
  236.128311 244.0 0
  236.224808 148.0 0
  236.957596 200.0 0
  237.149582 164.0 0
  237.40910300000002 308.0 0
  237.430038 112.0 0
  238.127396 268.0 0
  238.86203 5.503049 0
  239.071854 240.0 0
  239.46106 60.0 0
  239.72456400000002 180.0 0
  239.827744 68.0 0
  240.01628100000002 120.0 0
  240.099838 2036.0 1
  240.36604300000002 332.0 0
  240.37252800000002 140.0 0
  240.761398 112.0 0
  241.074387 232.0 0
  241.39279200000001 160.0 0
  241.621094 188.0 0
  242.08467100000001 128.0 0
  242.698654 60.0 0
  243.30423000000002 88.0 0
  243.338898 41.22971 0
  243.388214 196.0 0
  243.39386000000002 64.0 0
  244.048767 128.0 0
  244.09533100000002 208.0 0
  244.14506500000002 184.0 0
  245.12321500000002 52940.0 27
  245.229645 116.0 0
  245.353745 188.0 0
  246.06126400000002 1576.0 1
  246.125778 1080.0 1
  246.22326700000002 380.0 0
  246.440659 176.0 0
  246.54963700000002 184.0 0
  246.89648400000002 192.0 0
  246.919388 200.0 0
  247.044006 1974336.0 999
  247.097 1.0 0
  247.113663 152.0 0
  247.555725 116.0 0
  249.09942600000002 572.0 0
  249.617737 52.0 0
  250.110321 748.0 0
  250.14416500000002 48.0 0
  250.212677 108.0 0
  250.401962 4.333333 0
  251.62471000000002 136.0 0
  251.83590700000002 128.0 0
  252.092072 1272.0 1
  252.416153 164.0 0
  252.88652000000002 36.0 0
  253.026398 132.0 0
  253.594376 152.0 0
  254.414017 48.0 0
  254.85273800000002 272.0 0
  254.97203100000002 160.0 0
  255.053558 116.0 0
  255.31572 44.0 0
  255.469995 128.0 0
  256.00943 180.0 0
  256.220642 132.0 0
  257.711792 32.0 0
  258.05209399999995 564.0 0
  258.08547999999996 180.0 0
  258.101379 208.0 0
  258.28381299999995 76.0 0
  258.50237999999996 112.0 0
  259.071869 63.681599 0
  259.092621 108.0 0
  259.13122599999997 144.0 0
  259.455902 244.0 0
  259.80294799999996 160.0 0
  260.124786 140.0 0
  260.32406599999996 120.0 0
  260.513489 184.0 0
  261.14867499999997 1224.0 1
  261.175659 116.0 0
  262.63742099999996 4.388462 0
  263.03774999999996 1590.0 1
  263.99429299999997 148.0 0
  264.823273 184.0 0
  265.270447 56.0 0
  265.394836 76.0 0
  265.49148599999995 5.473684 0
  265.92047099999996 168.0 0
  266.116699 4348.0 2
  266.186035 128.0 0
  266.691742 104.0 0
  266.91677899999996 136.0 0
  267.060883 136.0 0
  267.099176 108.0 0
  267.104492 136.0 0
  267.484314 15.3555 0
  267.575317 156.0 0
  267.623322 176.0 0
  267.84286499999996 212.0 0
  267.94683799999996 13.73039 0
  268.066986 1251764.0 633
  268.707794 124.0 0
  268.914429 92.0 0
  269.050385 180.0 0
  269.055749 276.0 0
  269.08078 22312.0 11
  269.11526499999997 980.0 0
  270.15991199999996 1272525.0 644
  270.27374299999997 208.0 0
  270.371765 35.413219 0
  270.91342199999997 188.0 0
  270.955353 152.0 0
  271.16781599999996 152.0 0
  271.323517 80.0 0
  272.114471 7542.0 4
  272.140533 196.0 0
  272.28088399999996 160.0 0
  272.39315799999997 8.844512 0
  272.649139 52.0 0
  273.068939 599.0 0
  273.113342 7.292929 0
  273.22049 136.0 0
  273.37323 48.0 0
  273.822235 120.0 0
  274.138336 60.0 0
  274.188202 42.34903 0
  274.63442999999995 40.0 0
  275.220581 168.0 0
  275.87985199999997 120.0 0
  276.032013 937336.0 474
  276.067078 188.0 0
  276.24386599999997 160.0 0
  276.49295 152.0 0
  276.997955 576.0 0
  277.06042499999995 6489.0 3
  277.09637499999997 164.0 0
  277.15918 192.0 0
  277.176178 124.0 0
  277.619263 80.0 0
  277.90387 200.0 0
  277.940704 140.0 0
  278.116425 140.0 0
  279.866455 188.0 0
  279.870575 52.0 0
  280.934998 267563.0 135
  281.880615 120.0 0
  281.922913 144.0 0
  282.08901299999997 260.0 0
  283.41421499999996 248.0 0
  283.544128 51.822639 0
  284.05801399999996 14112.0 7
  284.26507599999997 164.0 0
  284.79760699999997 24.45854 0
  285.009186 744.0 0
  285.06311 72.0 0
  285.29042899999996 152.0 0
  286.010132 40.0 0
  287.255859 200.0 0
  287.393921 48.0 0
  287.426636 48.0 0
  288.15460199999995 156.0 0
  288.949982 1592.0 1
  289.38149999999996 96.0 0
  289.451965 160.0 0
  289.546692 5.694445 0
  289.71459999999996 10.04735 0
  290.17449999999997 1836.0 1
  290.31384299999996 120.0 0
  290.355194 156.0 0
  290.898712 196.0 0
  291.060944 1904.0 1
  291.09802199999996 512.0 0
  291.12255899999997 4160.0 2
  292.00622599999997 0.613777 0
  292.031769 152.0 0
  292.200562 104.0 0
  292.44451899999996 120.0 0
  293.31842 144.0 0
  293.764709 188.0 0
  294.98382599999997 148.0 0
  295.271545 40.0 0
  295.901306 180.0 0
  296.622528 176.0 0
  296.869629 96.0 0
  297.183807 1039.026001 1
  297.731293 60.0 0
  298.792084 104.0 0
  299.970764 196.0 0
  301.13739 490.0 0
  301.144836 3954.0 2
  301.96615599999996 100.0 0
  302.18936199999996 112.0 0
  302.266839 36.0 0
  302.927979 224.0 0
  303.010406 1126.0 1
  304.26629599999995 180.0 0
  306.65560899999997 48.0 0
  306.782745 36.0 0
  307.089752 88.0 0
  307.10815399999996 196.0 0
  307.56918299999995 64.0 0
  308.009186 172.0 0
  308.09423799999996 263.412292 0
  308.52719099999996 148.0 0
  308.915131 72.0 0
  309.14849899999996 430.456787 0
  309.28479 52.0 0
  310.18811 344.0 0
  311.132416 6797.0 3
  311.151703 152.0 0
  311.20318599999996 184.0 0
  311.462646 76.0 0
  311.46667499999995 32.0 0
  312.475037 9.240385 0
  312.95797699999997 144.0 0
  314.770874 156.0 0
  315.24636799999996 252.0 0
  315.774902 148.0 0
  316.479218 6.334677 0
  318.32705699999997 176.0 0
  319.133514 152.0 0
  321.1828 2224.0 1
  321.706238 192.0 0
  321.93884299999996 228.0 0
  323.04589799999997 115.0 0
  323.337921 40.0 0
  323.393372 300.609009 0
  323.45378999999997 164.0 0
  323.99825999999996 17.625 0
  324.07775899999996 80.0 0
  324.09436 12604.0 6
  324.203583 344.0 0
  325.977417 96.0 0
  326.161835 192.0 0
  326.606964 152.0 0
  326.85086099999995 16.410521 0
  327.39712499999996 11.28125 0
  329.142877 200.0 0
  329.71871899999996 10.70076 0
  330.12161299999997 124.0 0
  330.73736599999995 168.0 0
  332.832031 144.0 0
  334.030762 60.0 0
  334.128113 1988.0 1
  334.14523299999996 380.0 0
  334.937622 180.0 0
  335.083984 368.0 0
  336.227753 80.0 0
  336.948059 200.0 0
  337.79299899999995 68.0 0
  337.99139399999996 160.0 0
  338.14007599999997 8557.0 4
  338.186554 41.578548 0
  338.351593 15.06716 0
  338.38678 106.381897 0
  340.676941 84.0 0
  341.189636 58.394089 0
  342.056427 10.70833 0
  342.060303 112.0 0
  342.220764 128.0 0
  343.186493 144.0 0
  344.206146 5.777778 0
  344.81469699999997 72.0 0
  346.555756 180.0 0
  347.05337499999996 680.0 0
  348.342316 296.0 0
  349.572662 11.25771 0
  349.863342 28.0 0
  351.147491 160.0 0
  353.05810499999995 44.06377 0
  354.21890299999995 140.0 0
  354.27887 100.0 0
  354.806396 136.0 0
  358.955109 180.0 0
  361.09 1.0 0
  363.051849 36.0 0
  366.36047399999995 40.0 0
  366.682343 132.0 0
  367.113831 592.0 0
  368.88375199999996 148.0 0
  369.515472 144.0 0
  370.89514199999996 80.0 0
  371.32809399999996 88.0 0
  372.46459999999996 152.0 0
  373.00555399999996 108.0 0
  377.174829 152.0 0
  377.208618 190644.0 96
//
