ACCESSION: CCMSLIB00000080615
RECORD_TITLE: decoy
DATE: 2015.11.20
AUTHORS: Administrator
LICENSE: CC BY-SA
CH$NAME: decoy
CH$COMPOUND_CLASS: Natural Product
CH$FORMULA: C29H30N4O2
CH$EXACT_MASS: 466.2368762
CH$SMILES: N/A
CH$IUPAC: decoy
CH$LINK: N/A
AC$INSTRUMENT: decoy
AC$INSTRUMENT_TYPE: decoy
AC$MASS_SPECTROMETRY: MS_TYPE MS2
AC$MASS_SPECTROMETRY: ION_MODE POSITIVE
AC$MASS_SPECTROMETRY: COLLISION_ENERGY 10 V
MS$FOCUSED_ION: PRECURSOR_M/Z 467
MS$FOCUSED_ION: PRECURSOR_TYPE [M+H]+
PK$NUM_PEAK: 1516
PK$PEAK: m/z int. rel.int.
  30.309716 212.0 0
  44.952415 132.0 0
  44.962112000000005 208.0 0
  45.046329 84.0 0
  45.070572 160.0 0
  45.350388 236.0 0
  45.366558000000005 292.0 0
  45.593731 68.0 0
  45.706184 216.0 0
  46.526207 212.0 0
  47.278957 184.0 0
  47.318016 184.0 0
  47.470734 148.0 0
  47.680359 196.0 0
  48.209171000000005 168.0 0
  48.226223000000005 124.0 0
  48.235859000000005 140.0 0
  49.150421 200.0 0
  49.170895 156.0 0
  49.406288 120.0 0
  49.497563 196.0 0
  49.704578000000005 160.0 0
  49.76265 144.0 0
  49.999584 156.0 0
  50.145416000000004 124.0 0
  50.341591 216.0 0
  50.681458 128.0 0
  50.772488 216.0 0
  51.209599000000004 180.0 0
  51.569668 204.0 0
  51.58556 140.0 0
  51.95665 148.0 0
  52.058781 148.0 0
  52.93716 164.0 0
  53.010395 204.0 0
  53.359673 60.0 0
  53.457661 100.0 0
  53.576981 176.0 0
  53.779018 136.0 0
  53.88559 164.0 0
  54.450218 188.0 0
  54.467178000000004 216.0 0
  54.532833000000004 140.0 0
  54.546787 184.0 0
  54.617493 160.0 0
  54.978794 156.0 0
  55.120571 188.0 0
  55.264389 208.0 0
  55.329571 192.0 0
  55.458294 136.0 0
  55.50967 176.0 0
  55.663139 40.0 0
  56.066250000000004 188.0 0
  56.314243000000005 136.0 0
  56.445972000000005 176.0 0
  56.85463 252.0 0
  56.937504000000004 132.0 0
  57.300816000000005 136.0 0
  57.42749 140.0 0
  58.641922 35.840912 0
  58.733238 180.0 0
  58.803005 140.0 0
  58.88501 108.0 0
  59.213413 164.0 0
  60.20771 188.0 0
  60.215008000000005 160.0 0
  60.372643000000004 210.0 0
  60.572277 236.0 0
  60.691757 120.0 0
  60.859478 132.0 0
  61.349751000000005 140.0 0
  61.528271000000004 216.0 0
  61.54467 128.0 0
  61.621773000000005 216.0 0
  61.763714 164.0 0
  62.366737 144.0 0
  63.100346 240.0 0
  63.329609000000005 204.0 0
  63.351379 200.0 0
  64.137001 168.0 0
  64.316872 156.0 0
  64.59037 176.0 0
  64.971413 124.0 0
  64.98230699999999 240.0 0
  65.531601 284.0 0
  66.15521199999999 104.0 0
  66.53087599999999 144.0 0
  67.08850899999999 188.0 0
  67.19092599999999 112.0 0
  67.479721 144.0 0
  67.484489 76.0 0
  67.498459 208.0 0
  67.82777399999999 180.0 0
  68.004166 180.0 0
  68.045357 180.0 0
  68.491722 140.0 0
  68.72071799999999 184.0 0
  69.498795 248.0 0
  69.708321 72.0 0
  69.890343 172.0 0
  70.14426399999999 152.0 0
  70.33721899999999 224.0 0
  70.563423 136.0 0
  70.582123 148.0 0
  71.240753 172.0 0
  71.628906 164.0 0
  71.755333 172.0 0
  71.77059899999999 32.0 0
  72.561996 140.0 0
  72.902222 60.0 0
  72.966667 232.0 0
  73.684715 84.0 0
  73.772224 132.0 0
  74.09893 140.0 0
  74.15845499999999 168.0 0
  74.40229799999999 200.0 0
  74.57543899999999 156.0 0
  75.422311 152.0 0
  75.540588 140.0 0
  75.65937 120.0 0
  75.780357 116.0 0
  75.996735 168.0 0
  76.261467 160.0 0
  76.304192 100.0 0
  76.57955199999999 140.0 0
  76.741135 140.0 0
  76.927139 164.0 0
  77.65722699999999 184.0 0
  77.75282299999999 112.0 0
  77.955269 120.0 0
  77.96457699999999 192.0 0
  78.35297399999999 116.0 0
  78.433723 48.0 0
  78.46149399999999 120.0 0
  78.861435 228.0 0
  78.884468 184.0 0
  79.400764 144.0 0
  79.65328199999999 208.0 0
  79.81719199999999 180.0 0
  80.337166 176.0 0
  80.340904 196.0 0
  80.965271 128.0 0
  81.18611899999999 276.0 0
  82.067673 1022.0 0
  82.121353 176.0 0
  82.309235 172.0 0
  82.472084 188.0 0
  82.836548 116.0 0
  82.859642 144.0 0
  82.86988799999999 120.0 0
  83.181702 140.0 0
  83.647797 176.0 0
  83.65495299999999 200.0 0
  83.83990499999999 236.0 0
  84.202248 128.0 0
  84.451645 280.0 0
  84.86187 184.0 0
  84.935204 144.0 0
  85.26859999999999 100.0 0
  85.442207 104.0 0
  86.097549 1108.708984 0
  86.14684299999999 160.0 0
  86.417412 196.0 0
  86.52525299999999 176.0 0
  86.739532 108.0 0
  87.28815499999999 208.0 0
  87.43051899999999 388.0 0
  87.991264 192.0 0
  88.278358 244.0 0
  88.33258099999999 32.0 0
  88.472191 184.0 0
  88.70674899999999 164.0 0
  88.846764 212.0 0
  89.036842 372.0 0
  89.163338 152.0 0
  89.309502 184.0 0
  89.377151 180.0 0
  89.95341499999999 172.0 0
  90.036942 280.0 0
  90.750557 280.0 0
  90.97891999999999 168.0 0
  91.58624999999999 180.0 0
  91.750473 180.0 0
  91.97184 148.0 0
  92.050163 672.0 0
  92.057762 892.0 0
  92.180534 184.0 0
  92.44927999999999 104.0 0
  92.91858699999999 156.0 0
  93.324562 172.0 0
  93.49149299999999 188.0 0
  93.51200899999999 212.0 0
  93.73776199999999 124.0 0
  93.75115199999999 136.0 0
  93.810486 128.0 0
  93.897301 268.0 0
  94.06098899999999 240.0 0
  94.119102 332.0 0
  94.315636 412.0 0
  94.70482 192.0 0
  94.94358799999999 188.0 0
  94.97119099999999 168.0 0
  95.040222 148.0 0
  95.202507 228.0 0
  95.27471899999999 224.0 0
  95.309006 64.0 0
  95.41534399999999 228.0 0
  95.541489 200.0 0
  95.622101 140.0 0
  95.670761 124.0 0
  96.003929 108.0 0
  96.101776 140.0 0
  96.138565 128.0 0
  96.258072 168.0 0
  96.353455 112.0 0
  96.547348 132.0 0
  96.55253599999999 232.0 0
  96.64241799999999 160.0 0
  96.661964 224.0 0
  96.83775299999999 168.0 0
  96.965469 152.0 0
  97.07556199999999 912.0 0
  97.106483 228.0 0
  97.21346299999999 232.0 0
  97.40901199999999 168.0 0
  97.51284799999999 148.0 0
  97.538979 164.0 0
  97.79878199999999 128.0 0
  97.95867899999999 160.0 0
  97.97451 124.0 0
  98.044968 240.0 0
  98.096291 200.0 0
  98.120781 180.0 0
  98.305405 160.0 0
  98.620888 120.0 0
  98.670372 132.0 0
  98.73352799999999 136.0 0
  98.76065799999999 176.0 0
  99.003304 236.0 0
  99.012985 124.0 0
  99.129486 124.0 0
  99.14703399999999 104.0 0
  99.37237599999999 148.0 0
  99.530441 144.0 0
  99.56796999999999 188.0 0
  99.80129199999999 176.0 0
  100.07069399999999 148.0 0
  100.138145 204.0 0
  100.23226199999999 124.0 0
  100.292824 152.0 0
  100.41349799999999 20.0 0
  100.49234799999999 104.0 0
  100.930962 232.0 0
  101.07855199999999 184.0 0
  101.13382 148.0 0
  101.315826 168.0 0
  101.343536 148.0 0
  101.415611 6.318421 0
  101.48111 192.0 0
  101.53508799999999 188.0 0
  101.63224 120.0 0
  101.651451 52.0 0
  101.657501 28.0 0
  101.828773 5.680555 0
  101.91605399999999 240.0 0
  102.05014 132.0 0
  102.45058399999999 156.0 0
  102.684502 212.0 0
  102.75529499999999 200.0 0
  102.96411099999999 172.0 0
  103.05304 160.0 0
  103.055054 420.0 0
  103.125732 224.0 0
  103.248268 136.0 0
  103.647667 148.0 0
  104.013359 228.0 0
  104.191696 52.0 0
  104.32811 152.0 0
  104.47711899999999 188.0 0
  104.55225399999999 128.0 0
  104.792206 144.0 0
  104.839615 144.0 0
  104.915977 124.0 0
  105.04648599999999 144.0 0
  105.065674 192.0 0
  105.090988 60.0 0
  105.120262 68.0 0
  105.17942 124.0 0
  105.265182 132.0 0
  105.30444299999999 96.0 0
  105.586563 120.0 0
  105.78221099999999 164.0 0
  105.94985199999999 84.0 0
  106.065247 500.0 0
  106.18455499999999 11.18382 0
  106.22262599999999 32.0 0
  106.226891 60.0 0
  106.953949 68.0 0
  107.011963 264.0 0
  107.049934 500.0 0
  107.08517499999999 996.0 0
  107.312309 15.56466 0
  107.48983 156.0 0
  107.642967 80.0 0
  107.846916 140.0 0
  108.138504 124.0 0
  108.256271 132.0 0
  108.37334399999999 144.0 0
  108.38494899999999 152.0 0
  108.58532 124.0 0
  108.64203599999999 164.0 0
  108.799416 188.0 0
  108.826416 172.0 0
  109.00778199999999 176.0 0
  109.10078399999999 232.0 0
  109.346527 76.0 0
  109.48190299999999 192.0 0
  109.56747399999999 132.0 0
  109.57225 32.0 0
  109.66478 152.0 0
  109.680809 188.0 0
  109.80380199999999 9.338889 0
  109.96019 37.581711 0
  110.012947 244.0 0
  110.067009 196.0 0
  110.199585 11.74167 0
  110.366226 220.0 0
  110.38797799999999 180.0 0
  110.73258999999999 176.0 0
  110.860214 136.0 0
  110.904366 228.0 0
  110.911087 120.0 0
  110.999718 60.0 0
  111.057831 188.0 0
  111.078941 24.54146 0
  111.177826 184.0 0
  111.316299 176.0 0
  111.350151 76.0 0
  111.389877 224.0 0
  111.66624499999999 192.0 0
  111.84236899999999 152.0 0
  112.062469 120.0 0
  112.241028 120.0 0
  112.38986999999999 164.0 0
  112.609192 168.0 0
  112.63739799999999 56.0 0
  113.07086199999999 144.0 0
  113.104767 184.0 0
  113.14377599999999 232.0 0
  113.284027 48.0 0
  113.471306 228.0 0
  113.593796 156.0 0
  113.946602 144.0 0
  114.059906 192.0 0
  114.09117099999999 180.0 0
  114.154495 200.0 0
  114.351738 68.0 0
  114.37437399999999 188.0 0
  114.39310499999999 268.0 0
  114.399414 140.0 0
  114.52510099999999 192.0 0
  114.71700299999999 148.0 0
  114.93704199999999 116.0 0
  115.07910199999999 164.0 0
  115.158768 184.0 0
  115.389793 144.0 0
  115.472687 100.0 0
  115.791969 176.0 0
  115.87473299999999 156.0 0
  116.17096699999999 96.0 0
  116.19356499999999 124.0 0
  116.269386 156.0 0
  116.54515099999999 120.0 0
  116.69062799999999 204.0 0
  116.810074 152.0 0
  116.832726 160.0 0
  117.01200899999999 176.0 0
  117.033379 188.0 0
  117.071365 212.0 0
  117.086862 192.0 0
  117.157089 40.175411 0
  117.180618 180.0 0
  117.230049 184.0 0
  117.285995 124.0 0
  117.33373999999999 53.385269 0
  117.36657 164.0 0
  117.448494 144.0 0
  117.513466 56.0 0
  118.052444 138.697205 0
  118.123138 3996.0 1
  118.24016599999999 168.0 0
  118.380028 168.0 0
  118.55446599999999 76.0 0
  118.587639 136.0 0
  119.027 134328.0 29
  119.04766799999999 152.0 0
  119.11601999999999 180.0 0
  119.128334 7.453703 0
  119.13233199999999 140.0 0
  119.150116 64.0 0
  119.307442 160.0 0
  119.313133 160.0 0
  119.527901 160.0 0
  119.53231799999999 40.0 0
  119.605553 168.0 0
  119.63499499999999 56.0 0
  119.67167699999999 176.0 0
  119.70811499999999 8.6125 0
  119.82824699999999 228.0 0
  119.9618 208.0 0
  120.04238099999999 2301.610107 1
  120.078514 160.0 0
  120.113626 164.0 0
  120.13898499999999 232.0 0
  120.228111 196.0 0
  120.23140699999999 60.0 0
  120.24093599999999 15.0101 0
  120.28759799999999 196.0 0
  120.330788 80.0 0
  120.52821399999999 136.0 0
  120.612991 10.58486 0
  120.633347 124.0 0
  120.736778 108.0 0
  120.749146 156.0 0
  120.77487199999999 184.0 0
  120.801537 88.0 0
  121.027672 368.0 0
  121.049973 11801.0 3
  121.05201699999999 156.0 0
  121.36930799999999 152.0 0
  121.62400099999999 220.0 0
  121.749962 104.0 0
  121.819908 64.0 0
  121.94236 52.0 0
  122.00555399999999 188.0 0
  122.017693 220.0 0
  122.071518 192.0 0
  122.41826599999999 124.0 0
  122.446838 132.0 0
  122.755798 160.0 0
  122.839035 132.0 0
  122.947716 168.0 0
  123.201546 152.0 0
  123.33705099999999 160.0 0
  123.39094499999999 56.0 0
  123.598305 252.0 0
  123.751511 204.0 0
  123.935081 38.154339 0
  124.08300799999999 220.0 0
  124.11630199999999 164.0 0
  124.18302899999999 60.0 0
  124.25697299999999 204.0 0
  124.34969299999999 156.0 0
  124.50321199999999 192.0 0
  124.996895 140.0 0
  125.025032 176.0 0
  125.07186899999999 96.510406 0
  125.078133 64.0 0
  125.181648 128.0 0
  125.18536399999999 136.0 0
  125.297119 116.0 0
  125.31736799999999 128.0 0
  125.32386 132.0 0
  125.358429 168.0 0
  125.53834599999999 228.0 0
  125.89409599999999 264.0 0
  126.05532099999999 2120.0 0
  126.059738 148.0 0
  126.062219 559.0 0
  126.066864 156.0 0
  126.09099599999999 568.0 0
  126.282349 184.0 0
  126.378975 176.0 0
  126.485497 120.0 0
  126.555588 40.612289 0
  126.78375199999999 144.0 0
  126.859826 184.0 0
  126.87329899999999 132.0 0
  126.97444899999999 228.0 0
  126.97792799999999 152.0 0
  127.11585199999999 18.238331 0
  127.25192299999999 44.0 0
  127.33940899999999 148.0 0
  127.489853 144.0 0
  127.62316899999999 52.0 0
  127.65963699999999 140.0 0
  127.723328 204.0 0
  127.87576299999999 148.0 0
  127.897607 268.0 0
  127.96369999999999 164.0 0
  128.059738 1463.0 0
  128.071182 76.0 0
  128.250763 100.0 0
  128.296997 164.0 0
  128.493149 84.0 0
  128.505981 60.0 0
  128.592545 72.0 0
  128.668228 252.0 0
  128.744034 104.0 0
  128.832855 60.0 0
  128.867783 188.0 0
  129.03860500000002 352.0 0
  129.069794 208.0 0
  129.404053 92.0 0
  129.420761 32.0 0
  129.517471 15.70513 0
  129.61978100000002 204.0 0
  129.627197 152.0 0
  129.77328500000002 172.0 0
  129.79061900000002 220.0 0
  129.88754300000002 184.0 0
  129.97464000000002 184.0 0
  130.037933 184.0 0
  130.065704 1944.0 0
  130.08389300000002 428.0 0
  130.596191 88.0 0
  130.737534 68.0 0
  130.792801 136.0 0
  130.910492 148.0 0
  130.959549 120.0 0
  131.004684 220.0 0
  131.029999 1508403.0 330
  131.037003 1508403.0 330
  131.054864 450.0 0
  131.09440600000002 180.0 0
  131.21627800000002 172.0 0
  131.342407 168.0 0
  131.386932 16.736839 0
  131.487076 136.0 0
  131.54676800000001 116.0 0
  131.71078500000002 224.0 0
  132.19026200000002 124.0 0
  132.209167 196.0 0
  132.232269 168.0 0
  132.375092 144.0 0
  132.843369 60.0 0
  132.87934900000002 120.0 0
  132.96249400000002 184.0 0
  133.025223 20885.0 5
  133.063828 816.0 0
  133.079666 136.0 0
  133.134689 144.0 0
  133.201996 224.0 0
  133.23202500000002 84.0 0
  133.257538 56.0 0
  133.368774 72.0 0
  133.544296 72.0 0
  133.65609700000002 192.0 0
  133.90266400000002 148.0 0
  134.006439 136.0 0
  134.082504 196.0 0
  134.13334700000001 48.0 0
  134.60379 52.0 0
  134.84552000000002 176.0 0
  134.890228 168.0 0
  134.93167100000002 268.0 0
  134.94215400000002 120.0 0
  135.026855 232.581604 0
  135.07486 316.0 0
  135.562759 208.0 0
  135.65785200000002 48.0 0
  136.044647 152.0 0
  136.61299100000002 96.0 0
  136.64300500000002 164.0 0
  136.766251 100.0 0
  136.786392 104.0 0
  136.974869 6.648529 0
  136.98406300000002 216.0 0
  137.19807400000002 88.0 0
  137.22207600000002 216.0 0
  137.252899 37.83746 0
  137.43609600000002 180.0 0
  137.61102300000002 176.0 0
  137.89170800000002 84.0 0
  137.991592 124.0 0
  138.05238300000002 404.0 0
  138.52371200000002 168.0 0
  138.961823 116.0 0
  139.053787 924.0 0
  139.0625 2732.0 1
  139.06805400000002 796.0 0
  139.509964 188.0 0
  139.57054100000002 112.0 0
  140.03006000000002 512.0 0
  140.040588 386.0 0
  140.063791 176.0 0
  141.071091 272.0 0
  141.087463 35.005951 0
  141.344696 208.0 0
  141.528198 92.0 0
  141.940552 188.0 0
  142.060898 172.0 0
  142.07153300000002 224.0 0
  142.122116 164.0 0
  142.17446900000002 84.0 0
  142.210281 64.0 0
  142.232187 144.0 0
  142.349503 76.0 0
  142.711395 196.0 0
  142.754944 144.0 0
  142.95434600000002 208.0 0
  143.017258 168.0 0
  143.16133100000002 176.0 0
  143.69026200000002 48.0 0
  144.053146 230.0 0
  144.058167 292.0 0
  144.07556200000002 19120.0 4
  144.52439900000002 84.0 0
  144.699051 180.0 0
  144.713425 56.0 0
  144.727158 148.0 0
  145.018784 196.0 0
  145.026611 396.0 0
  145.90827900000002 68.0 0
  145.94026200000002 104.0 0
  146.020004 543.0 0
  146.025909 513.0 0
  146.033783 4857.0 1
  146.05014 192.0 0
  146.056 148.0 0
  146.062439 268.0 0
  146.41897600000001 156.0 0
  147.029984 325.0 0
  147.07989500000002 12042.070312 3
  147.11586 452.0 0
  147.126358 176.0 0
  147.560394 48.0 0
  147.70030200000002 72.0 0
  148.059158 116.0 0
  148.074371 300.0 0
  148.203812 116.0 0
  148.24731400000002 208.0 0
  148.296967 52.0 0
  148.416672 160.0 0
  148.472351 48.0 0
  148.576004 132.0 0
  148.613312 164.0 0
  148.745834 144.0 0
  148.96777300000002 168.0 0
  148.988998 116.0 0
  149.019913 136.0 0
  149.045929 685.0 0
  149.05105600000002 164.0 0
  149.056686 119.0 0
  149.157486 204.0 0
  149.36535600000002 144.0 0
  149.954453 156.0 0
  149.982361 164.0 0
  150.02061500000002 708.0 0
  150.023117 11794.0 3
  150.052887 164.0 0
  150.137085 164.0 0
  150.319489 144.0 0
  150.467453 144.0 0
  150.688187 10.882797 0
  150.876923 132.0 0
  150.95155300000002 196.0 0
  150.977493 200.0 0
  151.03421 970.0 0
  151.074036 124.0 0
  151.18956 36.0 0
  151.51799 24.114389 0
  151.779236 104.0 0
  152.07612600000002 260.0 0
  152.079956 688.0 0
  152.168121 44.0 0
  152.33157300000002 136.0 0
  152.373962 184.0 0
  152.490601 176.0 0
  152.542236 236.0 0
  152.761978 212.0 0
  152.84101900000002 192.0 0
  152.853088 200.0 0
  152.945679 58.713699 0
  153.020004 4.0 0
  153.052307 304.0 0
  153.05489500000002 430.0 0
  153.068619 188.0 0
  153.08114600000002 120.0 0
  153.088028 116.0 0
  153.335846 88.0 0
  153.404907 104.0 0
  153.428574 68.0 0
  153.479172 176.0 0
  153.604813 184.0 0
  153.816879 60.0 0
  153.888565 7.140625 0
  153.932861 168.0 0
  154.016464 1779.0 0
  154.06616200000002 1916.0 0
  154.124695 164.0 0
  154.20945700000001 140.0 0
  154.284561 208.0 0
  154.304947 184.0 0
  154.346542 172.0 0
  154.42295800000002 60.0 0
  154.866318 108.0 0
  155.052307 380.0 0
  155.071167 208.0 0
  155.073349 168.0 0
  155.33633400000002 48.0 0
  155.390579 36.293468 0
  155.542358 26.9585 0
  155.84016400000002 52.0 0
  155.847488 176.0 0
  156.09239200000002 153.070999 0
  156.227875 61.672798 0
  156.248795 152.0 0
  156.281876 116.0 0
  156.714951 18.486111 0
  156.79942300000002 80.0 0
  157.012772 1344.0 0
  157.027756 200.0 0
  157.06462100000002 456.0 0
  157.79892 104.0 0
  157.994492 212.0 0
  158.071381 704.0 0
  158.109619 340.0 0
  158.55860900000002 196.0 0
  158.84291100000002 172.0 0
  158.86535600000002 212.0 0
  158.87797500000002 44.0 0
  159.028122 4.429018 0
  159.044678 144.0 0
  159.09599300000002 96.0 0
  159.10054 2776.0 1
  159.17411800000002 48.0 0
  159.333435 204.0 0
  159.354523 104.0 0
  159.500458 200.0 0
  160.02156100000002 144.0 0
  160.03746 172.0 0
  160.072037 200.0 0
  160.37553400000002 256.0 0
  160.380844 76.0 0
  160.910324 140.0 0
  161.013916 180.0 0
  161.05867 370.394012 0
  161.110779 128.0 0
  161.137878 248.0 0
  161.280609 84.0 0
  161.301682 100.0 0
  161.316498 176.0 0
  161.443939 34.166672 0
  161.52327 9.080882 0
  161.538452 39.393162 0
  161.574814 212.0 0
  161.95794700000002 332.0 0
  162.05629000000002 176.0 0
  162.150803 128.0 0
  162.198318 10.70379 0
  162.613327 60.0 0
  163.03375200000002 29106.0 6
  163.037521 200.0 0
  163.09672500000002 184.0 0
  163.107101 164.0 0
  163.249512 100.0 0
  163.64651500000002 132.0 0
  163.730545 212.0 0
  164.001526 196.0 0
  164.01705900000002 2380.0 1
  164.065552 3708.0 1
  164.079971 588.0 0
  164.14476000000002 325.665497 0
  164.228287 34.143848 0
  164.44622800000002 140.0 0
  164.84118700000002 176.0 0
  164.886322 192.0 0
  164.957672 156.0 0
  164.988434 192.0 0
  165.089188 9262.0 2
  165.12724300000002 328.0 0
  165.528183 88.0 0
  165.608109 80.0 0
  165.76448100000002 132.0 0
  165.773529 92.0 0
  166.022324 196.0 0
  166.050461 256.0 0
  166.09196500000002 156.0 0
  166.113449 321.0 0
  166.224411 84.0 0
  166.49452200000002 56.0 0
  166.540085 40.0 0
  166.684067 168.0 0
  166.86694300000002 156.0 0
  167.030594 1711.0 0
  167.07136500000001 392.0 0
  167.562714 124.0 0
  167.612549 152.0 0
  167.632217 104.0 0
  167.899033 156.0 0
  167.945572 108.0 0
  167.947876 44.0 0
  168.02478000000002 4286.0 1
  168.053513 220.0 0
  168.30954 44.0 0
  168.435989 148.0 0
  168.460373 220.0 0
  168.517548 44.0 0
  168.723419 164.0 0
  168.975152 167.0 0
  169.05044600000002 1923.0 0
  169.070999 1287.0 0
  169.105118 272.0 0
  169.20271300000002 196.0 0
  169.288055 36.0 0
  170.073364 14.96695 0
  170.107956 732.0 0
  170.86476100000002 156.0 0
  171.035934 264.0 0
  171.103149 2.046875 0
  171.228058 204.0 0
  171.256088 56.0 0
  171.29686 104.0 0
  171.328857 100.0 0
  171.487 192.0 0
  171.520462 148.0 0
  171.71864300000001 172.0 0
  171.883713 248.0 0
  171.953369 88.0 0
  171.988525 144.0 0
  172.039154 840.0 0
  172.043488 152.0 0
  172.083664 388.0 0
  172.09492500000002 936.0 0
  172.12033100000002 136.0 0
  172.23713700000002 80.0 0
  172.32608000000002 108.0 0
  172.36528 64.0 0
  172.463837 108.0 0
  172.543518 176.0 0
  173.027008 128.0 0
  173.036911 240.0 0
  173.058365 412.0 0
  173.068024 208.0 0
  173.13588000000001 144.0 0
  173.184265 11.40833 0
  173.376938 144.0 0
  173.48490900000002 140.0 0
  173.63488800000002 240.0 0
  173.756348 132.0 0
  173.849579 68.0 0
  174.012756 208.0 0
  174.05011000000002 273.82309 0
  174.10183700000002 144.0 0
  174.137833 32.0 0
  174.254761 232.0 0
  174.329437 140.0 0
  174.391769 160.0 0
  174.499878 140.0 0
  174.953644 176.0 0
  174.98100300000002 140.0 0
  174.9832 60.0 0
  175.030609 200.0 0
  175.036346 1134.0 0
  175.081207 156.0 0
  175.112671 46.876041 0
  175.144684 448.0 0
  175.165695 2.416667 0
  175.329025 60.0 0
  175.45979300000002 104.0 0
  175.801559 136.0 0
  176.038895 2715.0 1
  176.06691 192.0 0
  176.12814300000002 184.194794 0
  176.140244 124.0 0
  176.39111300000002 128.0 0
  176.435608 60.0 0
  176.458069 204.0 0
  176.54068 176.0 0
  176.594437 104.0 0
  176.62089500000002 180.0 0
  176.92244 120.0 0
  177.039993 196.0 0
  177.049759 24056.0 5
  177.137009 220.0 0
  177.14682000000002 200.0 0
  177.24937400000002 92.0 0
  177.311935 124.0 0
  177.43974300000002 88.0 0
  177.441864 160.0 0
  177.52958700000002 224.0 0
  177.60380600000002 212.0 0
  177.833603 144.0 0
  178.080383 184.0 0
  178.09082 220.0 0
  178.30011000000002 64.0 0
  178.455048 232.0 0
  178.54342 192.0 0
  178.81594800000002 16.083639 0
  179.113632 184.0 0
  179.154236 64.0 0
  179.288269 4.669117 0
  179.508804 1.380682 0
  179.89570600000002 188.0 0
  179.91098 156.0 0
  179.99644500000002 76.0 0
  180.057953 637.564575 0
  180.073898 264.0 0
  180.35394300000002 128.0 0
  180.41862500000002 180.0 0
  180.532455 192.0 0
  180.596924 104.0 0
  181.076538 178.0 0
  181.259018 64.0 0
  181.60153200000002 216.0 0
  181.73434400000002 172.0 0
  182.18512 192.0 0
  182.53121900000002 208.0 0
  182.620605 48.0 0
  182.625946 132.0 0
  182.64454700000002 48.0 0
  182.679428 156.0 0
  182.73017900000002 128.0 0
  182.946472 108.0 0
  182.965744 164.0 0
  183.04040500000002 133630.0 29
  183.045578 260.0 0
  183.115982 688.0 0
  183.23263500000002 76.0 0
  183.23468 124.0 0
  183.424698 44.0 0
  183.459137 100.0 0
  183.49762 60.0 0
  183.586761 3.266667 0
  183.87728900000002 52.0 0
  184.12449600000002 216.0 0
  184.27198800000002 156.0 0
  184.55479400000002 152.0 0
  184.893112 176.0 0
  185.000763 164.0 0
  185.05638100000002 330.0 0
  185.155518 116.0 0
  185.32991 37.760872 0
  185.554245 132.0 0
  185.92506400000002 208.0 0
  186.011337 5.121212 0
  186.067444 164.0 0
  186.092194 227.0 0
  186.132904 812.0 0
  186.188492 220.0 0
  186.2173 160.0 0
  186.299606 64.0 0
  186.48288 120.0 0
  187.541122 112.0 0
  187.661469 56.0 0
  188.022995 4204.0 1
  188.074249 172.0 0
  188.08157300000002 376.0 0
  188.877228 48.0 0
  189.05226100000002 164.0 0
  189.08496100000002 1224.0 0
  189.138672 3336.0 1
  189.2901 128.0 0
  189.61415100000002 124.0 0
  189.736298 136.0 0
  189.746292 168.0 0
  189.937439 180.0 0
  190.08358800000002 876.0 0
  190.65957600000002 60.0 0
  190.790436 112.0 0
  190.834946 252.0 0
  190.97151 227.0 0
  191.074997 316.0 0
  191.087296 276.0 0
  191.128113 129.0 0
  191.661743 208.0 0
  192.064911 148.0 0
  192.093781 172.0 0
  192.393402 264.0 0
  192.852936 196.0 0
  193.067596 1060.0 0
  193.12035500000002 4645.0 1
  193.254578 168.0 0
  193.289871 156.0 0
  193.38031 220.0 0
  193.492538 212.0 0
  193.994812 160.0 0
  194.902725 156.0 0
  194.936111 156.0 0
  195.030121 164.0 0
  195.059753 128.0 0
  195.219086 84.0 0
  195.62951700000002 128.0 0
  195.828903 208.0 0
  195.912094 76.0 0
  196.020645 96.0 0
  196.060349 144.0 0
  196.16713000000001 176.0 0
  196.518158 232.0 0
  196.59471100000002 188.0 0
  196.66214000000002 84.0 0
  196.97250400000001 30.52017 0
  197.074097 184.0 0
  197.08268700000002 58.026081 0
  197.11732500000002 96.0 0
  197.133118 2520.0 1
  197.250366 352.0 0
  197.321854 156.0 0
  197.802444 152.0 0
  197.823257 92.0 0
  198.00636300000002 140.0 0
  198.073898 164.0 0
  198.091171 1876.0 0
  198.280221 160.0 0
  198.35084500000002 140.0 0
  198.382156 56.0 0
  198.538284 4.009259 0
  198.60668900000002 180.0 0
  199.010986 204.0 0
  199.027084 58.744289 0
  199.036789 136.0 0
  199.074768 664.0 0
  199.087509 23.832211 0
  199.092377 172.0 0
  199.190842 2.016667 0
  199.867905 148.0 0
  200.03881800000002 139.0 0
  200.136353 180.0 0
  200.38118 132.0 0
  200.926559 83.734756 0
  201.049301 774.0 0
  201.11673000000002 132.0 0
  201.12780800000002 140.0 0
  201.231094 48.0 0
  201.447495 40.0 0
  201.67034900000002 216.0 0
  202.097656 176.0 0
  202.39480600000002 17.170139 0
  203.057388 172.0 0
  203.12025500000001 212.0 0
  203.414474 144.0 0
  203.727371 100.0 0
  204.01216100000002 196.0 0
  204.037384 16.006359 0
  204.10870400000002 356.0 0
  204.205612 148.0 0
  204.363953 200.0 0
  204.425873 168.0 0
  205.022995 136.0 0
  205.037384 177.0 0
  205.116074 10885.0 2
  205.67167700000002 144.0 0
  205.688568 52.0 0
  205.834991 176.0 0
  206.19404600000001 200.0 0
  206.769791 160.0 0
  206.87059000000002 32.0 0
  207.04972800000002 180.0 0
  207.065964 2696.0 1
  207.12973 112.0 0
  207.331604 156.0 0
  207.37999000000002 72.0 0
  207.40837100000002 108.0 0
  207.542709 92.0 0
  207.90242 160.0 0
  207.98867800000002 140.0 0
  208.00412 32.513611 0
  208.133224 140.0 0
  208.458694 144.0 0
  208.687851 228.0 0
  208.703339 144.0 0
  208.802887 152.0 0
  209.05607600000002 1800.0 0
  209.068451 104.0 0
  209.08020000000002 160.0 0
  209.096954 5790.0 1
  209.107651 3528.0 1
  209.175049 29.69828 0
  210.02246100000002 72.053093 0
  210.097702 47.788288 0
  210.28268400000002 148.0 0
  210.436905 9.072917 0
  211.039398 120.0 0
  211.318985 100.0 0
  212.056168 248.0 0
  212.16317700000002 52.0 0
  212.295288 84.0 0
  212.439896 64.0 0
  213.127609 241.946594 0
  213.52513100000002 144.0 0
  213.583862 92.0 0
  213.72554 8.866667 0
  213.83749400000002 252.0 0
  213.895996 36.0 0
  213.902847 172.0 0
  214.120758 56.626419 0
  215.13081400000002 152.0 0
  215.485962 336.0 0
  215.754105 43.003441 0
  216.029526 388.0 0
  216.060333 560.0 0
  216.093872 336.0 0
  216.372818 180.0 0
  216.517334 80.0 0
  216.793076 76.0 0
  216.909088 256.0 0
  216.967026 124.0 0
  217.312668 56.0 0
  217.74231 136.0 0
  217.801453 264.0 0
  218.113068 112.0 0
  218.12492400000002 1242.0 0
  218.660889 144.0 0
  218.73121600000002 156.0 0
  218.96482600000002 144.0 0
  218.967499 395.0 0
  218.970123 364.0 0
  219.078964 6.075 0
  219.086273 188.0 0
  219.116272 192.0 0
  219.17639200000002 76.0 0
  219.183456 84.0 0
  219.474579 44.0 0
  219.579102 184.0 0
  219.630783 176.0 0
  219.707123 36.0 0
  219.761963 96.0 0
  219.923843 160.0 0
  220.061157 855.0 0
  220.064331 12388.0 3
  220.32229600000002 92.0 0
  220.62982200000002 140.0 0
  220.67515600000002 72.0 0
  220.84707600000002 152.0 0
  221.06869500000002 9.784091 0
  221.702225 120.0 0
  221.917709 144.0 0
  221.963943 52.0 0
  221.99743700000002 164.0 0
  222.05014 124.0 0
  222.111206 4300.0 1
  222.13945 177.0 0
  222.695724 180.0 0
  222.80896 52.0 0
  222.816971 84.0 0
  223.06092800000002 192.0 0
  223.087677 160.0 0
  223.102768 212.0 0
  223.117401 160.0 0
  223.203369 152.0 0
  223.48126200000002 88.0 0
  223.50190700000002 148.0 0
  224.017639 124.0 0
  224.24688700000002 10.62559 0
  224.25730900000002 68.0 0
  224.570297 88.0 0
  225.053604 32.0 0
  225.08685300000002 144.0 0
  225.13441500000002 176.0 0
  225.99066200000001 160.0 0
  226.33569300000002 168.0 0
  226.978204 164.0 0
  227.157455 136.0 0
  228.058502 532.0 0
  228.063782 116.0 0
  228.079758 488.0 0
  229.157135 212.0 0
  229.216125 136.0 0
  229.219742 184.0 0
  229.260635 180.0 0
  229.87570200000002 128.0 0
  230.107224 484.0 0
  231.096786 2021.0 0
  231.152231 1672.0 0
  231.293991 24.561991 0
  231.54130600000002 164.0 0
  232.054047 296.0 0
  232.10363800000002 144.0 0
  232.78706400000002 92.0 0
  232.967972 224.0 0
  233.068085 4.083333 0
  233.131699 760.0 0
  233.20214800000002 3.803571 0
  233.536209 104.0 0
  234.070984 10184.0 2
  234.09620700000002 32142.0 7
  234.139175 132.0 0
  234.35629300000002 7.364899 0
  234.45311 204.0 0
  234.596954 13.07456 0
  234.942001 156.0 0
  235.107437 181.784698 0
  235.143265 408.0 0
  235.390717 40.0 0
  235.60342400000002 112.0 0
  235.949844 11678.780273 3
  236.00306700000002 11.34359 0
  236.120911 308.0 0
  236.732269 13.44928 0
  237.12506100000002 95.389137 0
  237.93853800000002 36.0 0
  238.01944 180.0 0
  238.02778600000002 108105.0 24
  238.034134 120.0 0
  238.04199200000002 184.0 0
  238.528809 116.0 0
  238.681168 120.0 0
  238.819412 304.0 0
  238.836227 148.0 0
  238.86746200000002 152.0 0
  238.88154600000001 164.0 0
  239.125122 1752.0 0
  239.22061200000002 92.0 0
  239.351334 80.0 0
  239.505753 172.0 0
  239.55526700000001 160.0 0
  239.810181 88.0 0
  240.056473 33.5625 0
  240.06427000000002 116.0 0
  240.372833 44.0 0
  241.06869500000002 140.0 0
  242.09925800000002 140.0 0
  242.9839 1941.0 0
  243.044205 5084.0 1
  243.146942 152.0 0
  243.177368 124.0 0
  243.724396 128.0 0
  243.76306200000002 124.0 0
  243.96966600000002 828.0 0
  244.33663900000002 108.0 0
  244.631821 304.0 0
  244.86273200000002 88.0 0
  245.06637600000002 23470.0 5
  245.64506500000002 80.0 0
  246.162567 156.0 0
  246.89489700000001 17.33333 0
  246.940674 172.0 0
  247.196243 68.0 0
  247.289108 204.0 0
  248.487457 156.0 0
  248.631744 5.640625 0
  248.745071 168.0 0
  249.015701 210.001007 0
  249.114496 164.0 0
  249.167923 168.0 0
  249.5625 52.0 0
  249.933762 12.78922 0
  250.134598 288.0 0
  250.181824 2842.748779 1
  251.012222 132.0 0
  251.107895 148.0 0
  251.141434 160.0 0
  251.151321 3304.0 1
  251.313858 200.0 0
  251.42468300000002 76.0 0
  252.02070600000002 148.0 0
  252.074997 44.0 0
  252.11128200000002 812.0 0
  252.147064 52.0 0
  252.562576 140.0 0
  252.592361 8.005952 0
  253.04613600000002 352.0 0
  253.061966 80.0 0
  253.206512 132.0 0
  253.472748 92.0 0
  253.601395 184.0 0
  253.829239 128.0 0
  254.060532 1212.0 0
  254.82560700000002 5.078948 0
  255.030945 630.0 0
  255.173874 572.0 0
  257.051361 172.0 0
  257.22934 172.0 0
  257.440369 104.0 0
  257.736115 220.0 0
  259.090753 212.0 0
  259.186737 8.375 0
  259.34381099999996 96.0 0
  259.35119599999996 168.0 0
  259.80294799999996 160.0 0
  260.13818399999997 140.0 0
  260.398621 48.0 0
  260.756042 156.0 0
  260.975189 64.0 0
  260.982483 196.0 0
  261.021417 144.0 0
  261.10247799999996 84.192047 0
  261.152496 132.0 0
  261.41412399999996 156.0 0
  261.817902 140.0 0
  261.874573 92.0 0
  262.14352399999996 64.0 0
  262.187012 596.0 0
  262.282959 128.0 0
  262.336884 140.0 0
  263.07818599999996 188.0 0
  263.109375 164.0 0
  263.97756999999996 120.0 0
  264.072229 168.0 0
  264.148438 192.0 0
  264.178406 80.0 0
  264.49835199999995 84.0 0
  264.519745 208.0 0
  264.59826699999996 92.0 0
  264.74044799999996 156.0 0
  264.912469 160.0 0
  265.281433 60.0 0
  265.43490599999996 120.0 0
  267.28405799999996 152.0 0
  267.388519 216.0 0
  267.45791599999995 152.0 0
  267.802917 36.0 0
  268.03891 152.0 0
  268.11319 136.0 0
  268.138733 154875.0 34
  268.49893199999997 224.0 0
  269.002747 196.0 0
  269.266083 14.62932 0
  269.864624 12.17647 0
  270.10763499999996 176.0 0
  270.31012 188.0 0
  270.84954799999997 180.0 0
  271.036407 2368.0 1
  271.17141699999996 187.363205 0
  272.004486 92.0 0
  272.283844 144.0 0
  273.621643 96.0 0
  273.96313499999997 80.0 0
  274.038574 128.0 0
  275.117004 299.132385 0
  275.176086 76.0 0
  275.238617 52.0 0
  276.265625 72.0 0
  276.40270999999996 244.0 0
  277.155762 488.0 0
  277.399933 180.0 0
  277.793396 27.224001 0
  278.349854 152.0 0
  278.957062 68.0 0
  279.219543 192.0 0
  280.01791399999996 180.0 0
  280.11099199999995 4562758.0 999
  280.228485 63.375271 0
  281.125519 180.0 0
  281.133331 132.0 0
  281.15673799999996 4460.0 1
  281.434753 208.0 0
  282.04711899999995 176.0 0
  282.412292 64.0 0
  283.910126 172.0 0
  284.099243 1440.0 0
  284.845306 92.0 0
  285.057397 184.0 0
  285.101562 252.0 0
  285.89773599999995 164.0 0
  286.256561 124.0 0
  288.045258 64.0 0
  288.05801399999996 248.0 0
  289.036591 100.0 0
  289.42752099999996 136.0 0
  290.12667799999997 712.0 0
  290.28344699999997 156.0 0
  291.175476 148.0 0
  293.133148 272.0 0
  293.31057699999997 140.0 0
  293.46545399999997 44.0 0
  294.16369599999996 3.666667 0
  294.46340899999996 140.0 0
  294.74825999999996 88.0 0
  295.46270799999996 148.0 0
  296.454315 100.0 0
  296.91342199999997 148.0 0
  297.122894 276.0 0
  297.381866 112.0 0
  298.721069 164.0 0
  299.74942 64.0 0
  301.05963099999997 1095.0 0
  301.31384299999996 3.005682 0
  301.88149999999996 72.0 0
  302.535461 192.0 0
  303.332458 132.0 0
  303.432098 172.0 0
  303.80584699999997 96.0 0
  304.002014 212.0 0
  304.890289 144.0 0
  306.119324 6364.0 1
  307.716858 76.0 0
  308.08455799999996 1559.0 0
  308.175598 468.629608 0
  308.423187 72.0 0
  309.072641 509.0 0
  309.077362 704.0 0
  309.72927899999996 140.0 0
  310.065002 356003.0 78
  310.38266 92.0 0
  310.58581499999997 64.0 0
  311.72894299999996 160.0 0
  312.791199 48.0 0
  313.10626199999996 200.0 0
  313.169769 528.0 0
  313.94548899999995 160.0 0
  314.48922699999997 7.510417 0
  314.702637 220.0 0
  315.28533899999996 4.006944 0
  315.326141 6.963235 0
  315.627319 56.0 0
  315.93078599999996 6.148148 0
  316.00125099999997 172.0 0
  316.067383 52.0 0
  316.09637499999997 104.0 0
  316.85961899999995 192.0 0
  317.16393999999997 360.0 0
  317.21203599999996 28.0 0
  318.380615 124.0 0
  319.451141 52.0 0
  319.984406 180.0 0
  320.607697 332.0 0
  324.218018 12.66739 0
  324.23764 96.0 0
  325.190002 356.0 0
  327.003357 176.0 0
  328.160736 976.0 0
  328.194702 204.0 0
  328.375885 112.0 0
  328.652802 72.0 0
  329.154572 64.0 0
  329.18575999999996 1136.0 0
  329.25866099999996 120.0 0
  331.21948199999997 72.0 0
  331.423767 40.0 0
  331.98641999999995 168.0 0
  332.307556 244.0 0
  333.13552899999996 144.0 0
  333.15625 264.0 0
  335.19329799999997 13.16346 0
  336.058472 136.0 0
  336.157013 136.0 0
  336.65484599999996 14.175 0
  337.08486899999997 216.0 0
  337.105286 192.0 0
  337.12172799999996 485.0 0
  337.15274 1888.0 0
  337.180145 116.0 0
  337.205627 152.0 0
  337.478302 152.0 0
  337.670776 156.184097 0
  338.775849 92.0 0
  339.03439299999997 7.5625 0
  339.944641 152.0 0
  340.860748 200.0 0
  343.071289 112.0 0
  343.077972 152.0 0
  343.23358199999996 124.0 0
  344.043793 100.0 0
  345.861816 68.0 0
  346.330444 176.0 0
  346.37170399999997 40.0 0
  346.49542199999996 220.0 0
  347.050812 120.0 0
  347.150177 68596.0 15
  347.252014 144.0 0
  347.39059399999996 40.0 0
  349.131958 132.0 0
  349.21255499999995 12.93921 0
  350.132233 88.0 0
  351.15380899999997 220.0 0
  351.40887499999997 204.0 0
  352.082886 104.0 0
  355.961816 156.0 0
  356.242401 22.7328 0
  358.32647699999995 184.0392 0
  360.399231 128.0 0
  361.121246 120.0 0
  364.718011 172.0 0
  365.02865599999996 152.0 0
  365.201691 259.205811 0
  365.226257 67.82489 0
  366.181824 1.650427 0
  366.47549399999997 184.0 0
  367.688477 188.0 0
  367.710693 96.0 0
  368.24945099999997 41220.0 9
  371.23590099999996 112.0 0
  375.572113 10.0 0
  376.10522499999996 172.0 0
  376.653168 56.0 0
  379.32547 320.0 0
  381.108765 20.004311 0
  381.16841999999997 148.0 0
  385.674133 216.0 0
  386.050385 1126.831055 0
  388.833649 2.408333 0
  390.410669 236.0 0
  393.088287 9323.0 2
  393.79303 128.0 0
  394.957062 25.255699 0
  395.34142399999996 136.0 0
  396.66696199999996 124.0 0
  401.996002 306.519806 0
  405.24661299999997 2484.0 1
  405.902496 156.0 0
  410.184845 29.03723 0
  412.894836 44.145439 0
  413.399475 52.0 0
  416.22103899999996 84.0 0
  416.235016 192.0 0
  417.37652599999996 140.0 0
  421.37066699999997 192.0 0
  423.28689599999996 288.0 0
  426.605255 176.0 0
  431.945831 364.0 0
  432.862396 92.0 0
  433.963959 16.640989 0
  434.152649 40.0 0
  434.398529 184.0 0
  440.267365 152.0 0
  440.29461699999996 144.0 0
  445.23812899999996 83244.0 18
  448.26568599999996 136.0 0
  449.082581 20312.0 4
  459.23547399999995 5.570124 0
  463.002228 412.0 0
  465.02297999999996 92.0 0
  465.139138 1.0 0
  467.245 1.0 0
//
