ACCESSION: CCMSLIB00000079578
RECORD_TITLE: decoy
DATE: 2015.11.20
AUTHORS: Administrator
LICENSE: CC BY-SA
CH$NAME: decoy
CH$COMPOUND_CLASS: Natural Product
CH$FORMULA: C24H31NO5
CH$EXACT_MASS: 413.220223092
CH$SMILES: N/A
CH$IUPAC: decoy
CH$LINK: N/A
AC$INSTRUMENT: decoy
AC$INSTRUMENT_TYPE: decoy
AC$MASS_SPECTROMETRY: MS_TYPE MS2
AC$MASS_SPECTROMETRY: ION_MODE POSITIVE
AC$MASS_SPECTROMETRY: COLLISION_ENERGY 10 V
MS$FOCUSED_ION: PRECURSOR_M/Z 414
MS$FOCUSED_ION: PRECURSOR_TYPE [M+H]+
PK$NUM_PEAK: 1846
PK$PEAK: m/z int. rel.int.
  28.420969000000003 14.44643 0
  39.095533 148.0 1
  42.699319 168.0 1
  45.059498000000005 160.0 1
  45.167953000000004 180.0 1
  45.170753000000005 144.0 1
  45.22464 156.0 1
  45.372295 160.0 1
  45.413914 168.0 1
  45.695724 176.0 1
  46.16346 100.0 0
  46.843037 224.0 1
  46.863544000000005 196.0 1
  47.084736 160.0 1
  47.087837 84.0 0
  47.162548 160.0 1
  47.360962 184.0 1
  47.519432 136.0 1
  47.59288 164.0 1
  47.767433000000004 180.0 1
  47.783375 152.0 1
  47.941872000000004 168.0 1
  48.064194 140.0 1
  48.117599 216.0 1
  48.160191000000005 152.0 1
  48.508503000000005 184.0 1
  48.680206 212.0 1
  49.070301 192.0 1
  49.097759 180.0 1
  49.23317 180.0 1
  49.287022 152.0 1
  49.351715 72.0 0
  49.783268 148.0 1
  49.840004 176.0 1
  49.875072 196.0 1
  49.996254 144.0 1
  50.041367 176.0 1
  50.057137000000004 156.0 1
  50.0769 196.0 1
  50.126678 140.0 1
  50.24992 140.0 1
  50.365547 216.0 1
  50.624126000000004 188.0 1
  50.653667 124.0 1
  51.139252 216.0 1
  51.228313 172.0 1
  51.420578 148.0 1
  51.95385 140.0 1
  52.005863000000005 268.0 1
  52.008759000000005 164.0 1
  52.041668 156.0 1
  52.152332 48.0 0
  52.309292 184.0 1
  52.369568 212.0 1
  52.555408 208.0 1
  52.565327 164.0 1
  52.895252 172.0 1
  52.928448 180.0 1
  52.932751 132.0 1
  53.089245 180.0 1
  53.329338 192.0 1
  53.967587 128.0 1
  54.011082 156.0 1
  54.251804 160.0 1
  54.293240000000004 188.0 1
  54.302467 164.0 1
  54.571583000000004 168.0 1
  55.089443 184.0 1
  55.500175 148.0 1
  55.5574 160.0 1
  55.730347 156.0 1
  55.783459 180.0 1
  56.004883 164.0 1
  56.211132 252.0 1
  56.477695000000004 148.0 1
  56.509815 140.0 1
  56.826801 180.0 1
  56.83202 128.0 1
  56.949158000000004 200.0 1
  57.246231 128.0 1
  57.339233 208.0 1
  57.507000000000005 128.0 1
  57.745899 164.0 1
  57.974941 188.0 1
  58.261192 144.0 1
  58.400265000000005 136.0 1
  58.759945 200.0 1
  58.934875 188.0 1
  58.975712 148.0 1
  59.0 0.0 0
  59.038586 152.0 1
  59.199883 148.0 1
  59.445057 200.0 1
  59.481403 200.0 1
  59.795975 184.0 1
  59.820217 216.0 1
  59.857052 136.0 1
  60.284805 100.0 0
  60.666626 108.0 0
  61.15807 104.0 0
  61.199257 212.0 1
  61.495441 204.0 1
  62.179688 236.0 1
  62.197639 148.0 1
  62.696831 168.0 1
  62.75333 92.0 0
  62.835968 188.0 1
  63.073822 152.0 1
  63.232185 224.0 1
  63.775333 232.0 1
  63.855648 220.0 1
  63.991455 180.0 1
  64.405838 184.0 1
  64.586449 148.0 1
  64.61483799999999 228.0 1
  64.863319 224.0 1
  65.10565199999999 96.0 0
  65.60221899999999 124.0 1
  65.91231499999999 124.0 1
  65.938339 180.0 1
  65.97728699999999 104.0 0
  66.13404799999999 132.0 1
  66.46006 116.0 0
  66.471848 156.0 1
  66.96592799999999 168.0 1
  67.31245399999999 108.0 0
  67.613976 152.0 1
  68.01136 176.0 1
  68.053123 180.0 1
  68.54523499999999 44.0 0
  68.848152 164.0 1
  68.916618 144.0 1
  69.057121 160.0 1
  69.072311 216.0 1
  69.13533 128.0 1
  69.275734 144.0 1
  69.601669 128.0 1
  70.393738 180.0 1
  70.65740199999999 148.0 1
  71.418617 216.0 1
  71.84117099999999 204.0 1
  71.869492 172.0 1
  71.960678 200.0 1
  72.52274299999999 208.0 1
  72.65844 200.0 1
  72.718323 252.0 1
  72.914391 160.0 1
  72.929825 136.0 1
  73.15486899999999 148.0 1
  73.274773 144.0 1
  73.74248499999999 148.0 1
  73.76109299999999 152.0 1
  74.02991499999999 188.0 1
  74.049515 180.0 1
  74.303513 148.0 1
  74.406075 192.0 1
  74.56317899999999 132.0 1
  74.64299799999999 108.0 0
  74.739685 124.0 1
  74.79716499999999 272.0 1
  74.808838 148.0 1
  74.90795899999999 172.0 1
  76.11614999999999 136.0 1
  76.173592 156.0 1
  76.18480699999999 168.0 1
  76.814804 136.0 1
  76.921082 139.28653 1
  77.13656599999999 184.0 1
  77.253891 156.0 1
  77.42635299999999 184.0 1
  77.547112 104.0 0
  77.929901 172.0 1
  78.569695 184.0 1
  78.753891 240.0 1
  79.268143 152.0 1
  79.516426 68.0 0
  79.891739 156.0 1
  80.407417 140.0 1
  80.517265 156.0 1
  80.53813199999999 144.0 1
  80.767647 124.0 1
  80.970383 124.0 1
  81.454544 0.0 0
  81.74801599999999 68.0 0
  81.94300799999999 216.0 1
  82.18609599999999 144.0 1
  82.53551499999999 64.0 0
  82.693085 124.0 1
  83.042107 168.0 1
  83.24201199999999 180.0 1
  83.816301 196.0 1
  83.845345 192.0 1
  83.928345 160.0 1
  84.018349 144.0 1
  84.17077599999999 176.0 1
  84.709595 200.0 1
  84.731651 176.0 1
  84.923248 368.0 2
  85.14497399999999 160.0 1
  85.587036 140.0 1
  85.624344 316.0 1
  85.79195399999999 152.0 1
  85.93021399999999 196.0 1
  85.960602 200.0 1
  86.32981099999999 196.0 1
  87.037674 152.0 1
  87.240997 88.0 0
  87.258522 204.0 1
  87.29128999999999 148.0 1
  87.415375 60.0 0
  87.44753299999999 176.0 1
  87.47235099999999 216.0 1
  87.67620099999999 244.0 1
  87.71582 148.0 1
  87.991264 192.0 1
  88.15975999999999 172.0 1
  88.19326799999999 180.0 1
  88.71414899999999 148.0 1
  88.95039399999999 192.0 1
  89.027138 168.0 1
  89.48447399999999 188.0 1
  89.631889 168.0 1
  89.77020999999999 60.0 0
  89.846733 224.0 1
  89.870735 420.0 2
  90.24372899999999 140.0 1
  90.28274499999999 140.0 1
  90.454933 176.0 1
  90.498741 188.0 1
  90.597816 148.0 1
  91.05326799999999 172.0 1
  91.05635799999999 156.0 1
  91.18777499999999 304.0 1
  91.37898299999999 204.0 1
  91.564674 80.0 0
  91.676941 176.0 1
  92.060211 132.0 1
  92.134964 180.0 1
  92.448624 160.0 1
  92.619591 216.0 1
  92.64673599999999 152.0 1
  93.38327 148.0 1
  93.4468 208.0 1
  94.06515499999999 120.0 1
  94.085938 68.0 0
  94.115448 216.0 1
  94.66442099999999 160.0 1
  94.69193299999999 164.0 1
  94.84743499999999 204.0 1
  94.92562099999999 132.0 1
  95.018272 108.0 0
  95.04731799999999 196.0 1
  95.050331 4180.0 18
  95.07206699999999 144.0 1
  95.283081 152.0 1
  95.306694 128.0 1
  96.000778 200.0 1
  96.016342 192.0 1
  96.053963 484.0 2
  96.0625 144.0 1
  96.10629999999999 148.0 1
  96.27708399999999 92.0 0
  96.30274999999999 104.0 0
  96.314949 104.0 0
  96.382317 176.0 1
  96.57848399999999 100.0 0
  96.629059 148.0 1
  96.709846 68.0 0
  96.740585 164.0 1
  96.775818 184.0 1
  96.81294299999999 60.0 0
  96.86991099999999 220.0 1
  96.923935 36.0 0
  97.10172299999999 160.0 1
  97.136749 156.0 1
  97.23317 144.0 1
  97.52591699999999 100.0 0
  97.712761 180.0 1
  97.861656 320.0 1
  97.921059 144.0 1
  97.96908599999999 148.0 1
  97.97277799999999 168.0 1
  97.974937 148.0 1
  98.22818799999999 72.0 0
  98.32623299999999 236.0 1
  98.660545 164.0 1
  98.69693 228.0 1
  99.09549799999999 1128.0 5
  99.122665 76.0 0
  99.242622 144.0 1
  99.312073 140.0 1
  99.770485 148.0 1
  99.78131099999999 136.0 1
  99.789688 192.0 1
  99.96060899999999 108.0 0
  100.01799799999999 184.0 1
  100.181152 144.0 1
  100.350822 14.38043 0
  100.41826599999999 188.0 1
  100.42572799999999 192.0 1
  100.624603 176.0 1
  100.74568199999999 144.0 1
  100.99059299999999 192.0 1
  100.995514 144.0 1
  101.018829 201.180603 1
  101.09413099999999 156.0 1
  101.43287699999999 8.905406 0
  101.561073 192.0 1
  101.67321 260.0 1
  101.887772 236.0 1
  101.89551499999999 136.0 1
  101.915611 132.0 1
  102.04465499999999 592.0 3
  102.061188 168.0 1
  102.230194 156.0 1
  102.525497 25.05921 0
  102.65040599999999 188.0 1
  102.763268 256.0 1
  102.76716599999999 136.0 1
  102.95562 184.0 1
  103.01133 184.0 1
  103.04055 276.075592 1
  103.054428 656.0 3
  103.07972699999999 204.0 1
  103.12464899999999 132.0 1
  103.14010599999999 160.0 1
  103.19650999999999 240.0 1
  103.21086899999999 172.0 1
  103.22464 120.0 1
  103.265121 160.0 1
  103.322617 184.0 1
  103.347855 148.0 1
  103.56223299999999 96.0 0
  103.68763 188.0 1
  104.04836999999999 108.0 0
  104.06084399999999 548.0 2
  104.116417 17.57209 0
  104.240967 108.0 0
  104.31552099999999 144.0 1
  104.33721899999999 256.0 1
  104.450081 216.0 1
  104.612068 180.0 1
  104.625526 68.0 0
  104.73702999999999 188.0 1
  104.75350999999999 184.0 1
  104.770004 160.0 1
  105.03607199999999 224.0 1
  105.044434 617.004211 3
  105.05619 136.0 1
  105.067055 68.0 0
  105.070709 1028.0 4
  105.36022899999999 144.0 1
  105.401573 124.0 1
  105.442566 216.0 1
  105.451279 132.0 1
  105.633736 176.0 1
  105.749382 100.0 0
  105.80002599999999 144.0 1
  105.82990299999999 176.0 1
  105.98297099999999 108.0 0
  106.00065599999999 36.0 0
  106.036057 328.0 1
  106.043396 144.0 1
  106.108238 224.0 1
  106.123329 208.0 1
  106.141724 120.0 1
  106.266762 52.0 0
  106.29959099999999 168.0 1
  106.315933 304.0 1
  106.332428 64.0 0
  106.33762399999999 124.0 1
  106.47947699999999 160.0 1
  106.66895299999999 160.0 1
  106.911476 332.0 1
  107.02935799999999 996.0 4
  107.04761599999999 104.0 0
  107.065384 172.0 1
  107.08073399999999 56.0 0
  107.39518 144.0 1
  107.41684 128.0 1
  107.686104 120.0 1
  107.76083399999999 184.0 1
  107.99151599999999 164.0 1
  108.025971 148.0 1
  108.046234 364.0 2
  108.0578 292.0 1
  108.095619 152.0 1
  108.126244 176.0 1
  108.17423199999999 180.0 1
  108.20680999999999 132.0 1
  108.238586 116.0 0
  108.347191 160.0 1
  108.355949 296.0 1
  108.47451 152.0 1
  108.55356599999999 104.0 0
  108.566727 40.0 0
  108.56983199999999 48.0 0
  108.79201499999999 204.0 1
  108.795143 140.0 1
  108.822632 188.0 1
  108.89842999999999 220.0 1
  108.905396 124.0 1
  109.047676 1448.0 6
  109.054794 168.0 1
  109.06346099999999 156.0 1
  109.18942999999999 216.0 1
  109.25263199999999 128.0 1
  109.25933099999999 180.0 1
  109.669426 52.0 0
  109.842964 176.0 1
  109.89263899999999 120.0 1
  109.92789499999999 156.0 1
  110.02462799999999 52.0 0
  110.06881 110.224503 0
  110.08135999999999 6.291209 0
  110.197693 148.0 1
  110.42826799999999 176.0 1
  110.485237 148.0 1
  110.529381 168.0 1
  110.778854 200.0 1
  110.90285499999999 72.0 0
  110.999214 332.0 1
  111.007713 172.0 1
  111.05124699999999 84.0 0
  111.089996 120.0 1
  111.09574099999999 128.0 1
  111.108871 168.0 1
  111.120499 192.0 1
  111.347336 216.0 1
  111.472015 152.0 1
  111.478714 156.0 1
  111.65361 232.0 1
  111.719681 28.0 0
  111.84539 224.0 1
  111.92015099999999 128.0 1
  111.98683899999999 276.0 1
  112.05133099999999 52.0 0
  112.11144999999999 3279.285889 14
  112.200058 60.0 0
  112.3937 140.0 1
  112.458023 140.0 1
  112.487144 144.0 1
  112.64008299999999 32.0 0
  112.647202 168.0 1
  112.726395 144.0 1
  112.958519 196.0 1
  112.96945199999999 232.0 1
  112.977036 168.0 1
  113.059624 29.50065 0
  113.077401 612.0 3
  113.09736 1012.0 4
  113.106308 79.752167 0
  113.221008 184.0 1
  113.231308 288.0 1
  113.349854 180.0 1
  113.42695599999999 104.0 0
  113.442726 216.0 1
  113.508682 152.0 1
  113.52373499999999 204.0 1
  113.625389 176.0 1
  113.63424699999999 148.0 1
  114.079674 284.0 1
  114.08579999999999 160.0 1
  114.33414499999999 264.0 1
  114.405159 144.0 1
  114.595642 168.0 1
  114.61127499999999 152.0 1
  114.62467199999999 136.0 1
  114.73235299999999 140.0 1
  115.051071 376.0 2
  115.128197 12.00298 0
  115.227661 144.0 1
  115.44277199999999 204.0 1
  115.507622 188.0 1
  115.69638099999999 52.0 0
  115.74003599999999 176.0 1
  116.052696 180.0 1
  116.091736 116.0 0
  116.242813 164.0 1
  116.256897 144.0 1
  116.519196 152.0 1
  116.730537 156.0 1
  116.771919 60.0 0
  116.80734299999999 124.0 1
  116.92906199999999 104.0 0
  116.93281599999999 172.0 1
  116.974312 249.0 1
  116.98818999999999 200.0 1
  117.055527 164.0 1
  117.069115 3400.0 14
  117.104385 109.702003 0
  117.18730199999999 11.48761 0
  117.204926 72.0 0
  117.31178999999999 52.0 0
  117.324745 176.0 1
  117.44609799999999 108.0 0
  117.799416 188.0 1
  118.02226999999999 148.0 1
  118.064476 156.0 1
  118.07759899999999 176.0 1
  118.07972699999999 136.0 1
  118.265152 88.0 0
  118.308281 14.16388 0
  118.331413 52.0 0
  118.556328 208.0 1
  118.630737 144.0 1
  118.670265 128.0 1
  118.72784399999999 140.0 1
  118.87776199999999 148.0 1
  118.94249699999999 136.0 1
  119.018997 34908.0 149
  119.048851 216.0 1
  119.29156499999999 188.0 1
  119.38491099999999 100.0 0
  119.39969599999999 60.0 0
  119.464478 156.0 1
  119.704742 176.0 1
  119.842979 184.0 1
  119.92204299999999 132.0 1
  119.94410699999999 176.0 1
  120.012818 132.0 1
  120.040695 111.011703 0
  120.112465 208.0 1
  120.151108 168.0 1
  120.334305 176.0 1
  120.37831899999999 128.0 1
  120.8256 160.0 1
  120.87722 144.0 1
  121.01782999999999 627.0 3
  121.049965 164.0 1
  121.063492 12.78547 0
  121.10996999999999 10.0498 0
  121.19594599999999 200.0 1
  121.24265299999999 48.0 0
  121.32599599999999 176.0 1
  121.59557299999999 172.0 1
  121.61267099999999 112.0 0
  121.743752 144.0 1
  121.79367099999999 92.0 0
  121.84623699999999 104.0 0
  121.859375 196.0 1
  121.926277 216.0 1
  121.972076 14.83876 0
  122.03688799999999 196.0 1
  122.045845 392.0 2
  122.063148 750.0 3
  122.141449 160.0 1
  122.162376 44.0 0
  122.261726 160.0 1
  122.45065299999999 96.0 0
  122.502426 160.0 1
  122.60308099999999 8.857314 0
  122.63684099999999 136.0 1
  122.73228499999999 60.0 0
  122.90943899999999 88.0 0
  122.975319 144.0 1
  123.03259299999999 212.0 1
  123.04287699999999 1529.0 7
  123.084595 224.0 1
  123.18154899999999 156.0 1
  123.19957 112.0 0
  123.312828 112.0 0
  123.34035499999999 60.0 0
  123.37380999999999 3.29778 0
  123.634598 18.7819 0
  123.87979899999999 112.0 0
  124.239311 104.0 0
  124.30586199999999 144.0 1
  124.316605 220.0 1
  124.34549 140.0 1
  124.382965 156.0 1
  124.44017799999999 4.200833 0
  124.483391 76.0 0
  124.507652 172.0 1
  124.571815 172.0 1
  124.581139 124.0 1
  124.736374 116.0 0
  124.81781 220.0 1
  125.13469699999999 23.743839 0
  125.23014099999999 172.0 1
  125.490349 36.0 0
  125.701263 164.0 1
  126.021233 196.0 1
  126.054924 176.0 1
  126.09408599999999 30.53125 0
  126.235641 9.043269 0
  126.33352699999999 160.0 1
  127.05277299999999 328.0 1
  127.079048 208.0 1
  127.123787 124.0 1
  127.140228 208.0 1
  127.14286799999999 41.62141 0
  127.197144 180.0 1
  127.264282 124.0 1
  127.353546 164.0 1
  127.37114 16.33333 0
  127.48657999999999 168.0 1
  127.77787 224.0 1
  127.992065 220.0 1
  128.02507 168.0 1
  128.048767 92.0 0
  128.059235 176.0 1
  128.062897 168.0 1
  128.092468 3.266667 0
  128.183319 84.0 0
  128.199478 116.0 0
  128.249985 192.0 1
  128.340042 120.0 1
  128.463043 224.0 1
  128.478394 160.0 1
  128.504242 96.0 0
  128.627365 44.0 0
  128.898651 196.0 1
  129.035843 152.0 1
  129.06582600000002 248.0 1
  129.07338000000001 168.0 1
  129.07804900000002 164.0 1
  129.091629 168.0 1
  129.09767200000002 472.0 2
  129.12662600000002 140.0 1
  129.20631400000002 212.0 1
  129.215561 248.0 1
  129.54705800000002 88.0 0
  129.57302900000002 160.0 1
  129.59256000000002 44.0 0
  129.602325 160.0 1
  129.62674 184.0 1
  129.66819800000002 156.0 1
  129.725266 140.0 1
  129.757034 120.0 1
  129.791473 212.0 1
  129.801117 176.0 1
  129.926239 116.0 0
  130.00633200000001 156.0 1
  130.06578100000002 568.0 2
  130.18048100000001 172.0 1
  130.182892 124.0 1
  130.34956400000002 92.0 0
  130.57428000000002 100.0 0
  130.839935 116.0 0
  130.847061 88.0 0
  130.853485 160.0 1
  130.88261400000002 52.0 0
  130.940399 128.0 1
  130.98490900000002 188.0 1
  131.066666 16266.0 69
  131.086975 2855.0 12
  131.14677400000002 184.0 1
  131.206039 116.0 0
  131.68808 44.0 0
  131.72821000000002 128.0 1
  131.81308 80.0 0
  131.87941 128.0 1
  131.96211200000002 36.0 0
  132.02259800000002 376.0 2
  132.05302400000002 200.0 1
  132.065536 172.0 1
  132.073395 148.0 1
  132.17659 268.0 1
  132.18634 60.0 0
  132.196259 196.0 1
  132.20665 42.972328 0
  132.217758 160.0 1
  132.37596100000002 32.812962 0
  132.411469 200.0 1
  132.42802400000002 76.0 0
  132.461151 44.0 0
  132.526337 140.0 1
  132.53955100000002 116.0 0
  132.7547 176.0 1
  132.797714 152.0 1
  132.973068 100.0 0
  133.041794 140.909805 1
  133.05162 76.0 0
  133.063919 644.0 3
  133.089142 1488.771973 6
  133.101028 280.0 1
  133.126373 64.0 0
  133.28508000000002 172.0 1
  133.295532 192.0 1
  133.349548 144.0 1
  133.364014 96.0 0
  133.446152 72.0 0
  133.684006 164.0 1
  133.848083 184.0 1
  133.882324 84.0 0
  134.021417 48.0 0
  134.036362 204.0 1
  134.053665 15.28807 0
  134.056183 200.0 1
  134.059113 140.0 1
  134.061325 196.0 1
  134.090424 164.0 1
  134.137909 60.0 0
  134.25589000000002 100.0 0
  134.276047 176.0 1
  134.297256 184.0 1
  134.32989500000002 108.0 0
  134.415039 112.0 0
  134.49641400000002 172.0 1
  134.533646 140.0 1
  134.70575 16.56818 0
  134.73249800000002 140.0 1
  134.909729 152.0 1
  134.993668 132.0 1
  135.0 129.140182 1
  135.016998 234429.0 999
  135.029083 188.0 1
  135.08145100000002 47.51894 0
  135.09809900000002 40.0 0
  135.118073 164.0 1
  135.13467400000002 168.0 1
  135.18768300000002 144.0 1
  135.23370400000002 136.0 1
  135.525177 240.0 1
  135.5569 156.0 1
  135.90242 112.0 0
  135.97168000000002 104.0 0
  136.047943 95.662987 0
  136.076431 160.0 1
  136.079193 750.0 3
  136.095169 108.0 0
  136.203384 136.0 1
  136.261124 128.0 1
  136.579102 148.0 1
  136.717575 204.0 1
  136.740417 340.0 1
  136.83638000000002 144.0 1
  137.023697 9629.0 41
  137.057465 13.44537 0
  137.09395700000002 350.0 1
  137.30638100000002 132.0 1
  137.37191800000002 40.0 0
  137.463547 192.0 1
  137.70079 148.0 1
  137.813171 44.0 0
  137.900238 80.0 0
  138.168655 156.0 1
  138.187271 108.0 0
  138.606918 128.0 1
  138.80439800000002 156.0 1
  138.878586 168.0 1
  138.916321 72.0 0
  139.03460700000002 41025.0 175
  139.04161100000002 152.0 1
  139.075363 208.0 1
  139.125244 4.007576 0
  139.178772 220.0 1
  139.20309400000002 76.0 0
  139.211304 40.0 0
  139.415466 108.0 0
  139.53125 148.0 1
  139.73838800000001 124.0 1
  139.896057 80.0 0
  139.959427 28.0 0
  139.964828 148.0 1
  139.987335 188.0 1
  140.010818 196.0 1
  140.043488 2146.0 9
  140.097443 11.61527 0
  140.165085 64.0 0
  140.368301 140.0 1
  140.38916 64.0 0
  140.71864300000001 196.0 1
  141.069931 3280.0 14
  141.093689 140.0 1
  141.22915600000002 68.0 0
  141.250244 188.0 1
  141.263565 248.0 1
  141.319504 168.0 1
  141.388245 156.0 1
  141.849152 160.0 1
  142.057816 9.984375 0
  142.119751 216.0 1
  142.225128 48.0 0
  142.28504900000001 44.0 0
  142.595337 160.0 1
  142.60600300000002 44.0 0
  142.999603 152.0 1
  143.007248 132.306595 1
  143.021805 148.0 1
  143.02752700000002 192.0 1
  143.04821800000002 112.0 0
  143.064682 164.0 1
  143.071671 27.412279 0
  143.08264200000002 288.0 1
  143.087891 448.0 2
  143.111008 268.0 1
  143.136581 21.40904 0
  143.435425 136.0 1
  143.619324 144.0 1
  143.65922500000002 180.0 1
  143.67897000000002 172.0 1
  143.972229 176.0 1
  144.04911800000002 256.0 1
  144.07132000000001 164.0 1
  144.376114 164.0 1
  144.49533100000002 72.0 0
  144.543228 176.0 1
  144.67236300000002 188.0 1
  144.714478 96.0 0
  144.719559 100.0 0
  144.924606 104.0 0
  145.01123 156.0 1
  145.02435300000002 3852.0 16
  145.047714 546.0 2
  145.068405 172.0 1
  145.08715800000002 180.0 1
  145.095642 1794.0 8
  145.118179 144.0 1
  145.279297 112.0 0
  145.617126 96.0 0
  145.629379 196.0 1
  145.716507 140.0 1
  145.746094 164.0 1
  146.03392 260.0 1
  146.040268 188.0 1
  146.07672100000002 200.0 1
  146.091156 2300.0 10
  146.105423 176.0 1
  146.12286400000002 96.0 0
  146.198013 5.859375 0
  146.24087500000002 160.0 1
  146.305283 156.0 1
  146.48928800000002 64.0 0
  146.74717700000002 212.0 1
  146.924835 152.0 1
  147.079575 336.0 1
  147.087143 192.0 1
  147.117905 656.0 3
  147.46395900000002 116.0 0
  147.98516800000002 164.0 1
  148.024033 68.815262 0
  148.051804 148.0 1
  148.070816 172.0 1
  148.158142 204.0 1
  148.25607300000001 216.0 1
  148.434799 152.0 1
  148.564819 148.0 1
  148.88450600000002 140.0 1
  149.01928700000002 364.0 2
  149.039566 192.0 1
  149.047607 795.0 3
  149.08371 324.0 1
  149.095505 712.0 3
  149.131348 22.296431 0
  149.526184 192.0 1
  149.55941800000002 120.0 1
  149.66152300000002 184.0 1
  150.11171000000002 148.0 1
  150.149063 39.689999 0
  150.184433 188.0 1
  150.199417 160.0 1
  150.33638000000002 208.0 1
  150.803055 176.0 1
  150.926895 152.0 1
  150.938812 12.39844 0
  151.04298400000002 188.0 1
  151.07146600000002 357.0 2
  151.241318 112.0 0
  151.570908 220.0 1
  151.70593300000002 80.0 0
  151.917999 96.0 0
  151.96713300000002 64.0 0
  151.970032 200.0 1
  152.005997 188.0 1
  152.074203 68.0 0
  152.07650800000002 152.0 1
  152.113068 188.0 1
  152.545105 112.0 0
  152.550735 188.0 1
  152.59840400000002 52.666031 0
  152.602631 132.0 1
  152.70048500000001 132.0 1
  152.798203 148.0 1
  153.01779200000001 5492.0 23
  153.05432100000002 60.0 0
  153.10427900000002 168.0 1
  153.188553 2.449074 0
  153.526688 236.0 1
  153.652023 136.0 1
  153.689499 276.0 1
  153.80529800000002 156.0 1
  153.98825100000002 144.0 1
  154.019409 224.0 1
  154.039749 188.0 1
  154.189713 148.0 1
  154.24894700000002 148.0 1
  154.29129 140.0 1
  154.94232200000002 148.0 1
  154.99086 164.0 1
  155.04672200000002 132.0 1
  155.05882300000002 1112.0 5
  155.415558 7.337838 0
  155.440887 136.0 1
  155.46850600000002 11.84593 0
  155.473755 156.0 1
  155.576614 52.0 0
  155.600662 140.0 1
  155.905334 152.0 1
  155.964279 100.0 0
  155.96727 148.0 1
  156.079544 1080.0 5
  156.172379 120.0 1
  156.315613 4.809783 0
  156.35173 36.778751 0
  156.356323 16.647921 0
  156.58436600000002 148.0 1
  156.709091 156.0 1
  156.714478 208.0 1
  156.765488 156.0 1
  156.91201800000002 168.0 1
  156.96618700000002 180.0 1
  157.006805 364.0 2
  157.05838 164.0 1
  157.065445 136.0 1
  157.122299 44.0 0
  157.354218 232.0 1
  157.46597300000002 256.0 1
  157.594986 192.0 1
  157.748093 152.0 1
  157.877258 240.0 1
  157.97258000000002 23.46944 0
  158.060654 6016.0 26
  158.090836 164.0 1
  158.107193 344.0 1
  158.147354 152.0 1
  158.224625 15.01136 0
  158.243637 22.66958 0
  158.338028 88.0 0
  158.406677 176.0 1
  158.659546 152.0 1
  158.726715 180.0 1
  158.921829 156.0 1
  158.960541 128.0 1
  159.03009 21529.0 92
  159.036057 172.0 1
  159.05075100000002 148.0 1
  159.059525 2752.0 12
  159.067184 1212.0 5
  159.086456 160.0 1
  159.09300000000002 1.0 0
  159.29830900000002 11.80833 0
  159.567566 108.0 0
  159.587341 68.0 0
  159.819794 184.0 1
  159.916977 180.0 1
  160.01547200000002 124.0 1
  160.020523 108.0 0
  160.08500700000002 392.0 2
  160.40231300000002 36.0 0
  160.529434 160.0 1
  160.54170200000002 17.03858 0
  160.66398600000002 104.0 0
  160.777771 200.0 1
  160.863358 108.0 0
  160.93692000000001 68.0 0
  161.022537 204.0 1
  161.05732700000002 228.0 1
  161.076233 144.0 1
  161.138977 120.0 1
  161.180984 60.0 0
  161.21945200000002 84.0 0
  161.273209 240.0 1
  161.385513 176.0 1
  161.807556 108.0 0
  161.925186 164.0 1
  161.976913 80.0 0
  162.397644 184.0 1
  162.409836 48.0 0
  162.81835900000002 136.0 1
  162.874664 132.0 1
  163.03375200000002 29106.0 124
  163.044434 208.0 1
  163.063553 188.0 1
  163.11595200000002 188.0 1
  163.200928 16.00119 0
  163.42366 204.0 1
  163.538269 140.0 1
  163.748489 128.0 1
  163.80311600000002 140.0 1
  163.905731 76.0 0
  164.009766 26.755951 0
  164.027512 48.0 0
  164.059616 15.93262 0
  164.098465 180.0 1
  164.17115800000002 36.0 0
  164.26168800000002 180.0 1
  164.419022 144.0 1
  164.460876 7.364583 0
  164.467621 212.0 1
  164.70510900000002 152.0 1
  164.815887 168.0 1
  164.95188900000002 144.0 1
  165.036301 140.0 1
  165.05401600000002 34229.0 146
  165.075714 528.0 2
  165.102493 3951.846924 17
  165.294678 80.0 0
  165.42588800000001 148.0 1
  165.46893300000002 96.0 0
  165.56822200000002 108.0 0
  165.89781200000002 88.0 0
  166.029099 120.0 1
  166.04856900000001 120.0 1
  166.05316200000001 392.0 2
  166.12274200000002 17.08889 0
  166.396103 116.0 0
  166.50679 148.0 1
  166.561676 96.0 0
  166.57333400000002 176.0 1
  166.866013 148.0 1
  166.87262 104.0 0
  166.88720700000002 208.0 1
  166.929474 100.0 0
  167.030121 30907.0 132
  167.11824000000001 579.860779 2
  167.156754 228.0 1
  167.65664700000002 48.0 0
  168.02713 184.0 1
  168.052048 180.0 1
  168.57518000000002 40.0 0
  168.864655 92.0 0
  168.992645 2392.0 10
  169.036774 180.0 1
  169.091125 160.0 1
  169.10083 120.0 1
  169.14106800000002 148.0 1
  169.239853 92.0 0
  169.482224 152.0 1
  169.573624 124.0 1
  169.68571500000002 148.0 1
  169.714401 144.0 1
  169.85449200000002 196.0 1
  170.07461500000002 136.0 1
  170.082275 300.0 1
  170.100006 192.0 1
  170.104553 244.0 1
  170.421494 188.0 1
  170.51817300000002 84.0 0
  170.59402500000002 148.0 1
  170.659637 64.0 0
  170.715775 192.0 1
  170.758331 136.0 1
  171.046234 2295.0 10
  171.06102 228.0 1
  171.113861 180.0 1
  171.349762 184.0 1
  171.372986 184.0 1
  171.656418 208.0 1
  171.854355 16.550301 0
  172.02766400000002 113.0 0
  172.051376 180.0 1
  172.108368 160.0 1
  172.200958 184.0 1
  172.43292200000002 148.0 1
  173.053513 569.0 2
  173.07063300000002 164.0 1
  173.583054 156.0 1
  173.715729 296.0 1
  173.83380100000002 92.0 0
  174.02198800000002 356.0 2
  174.052826 284.0 1
  174.062454 328.0 1
  174.18713400000001 144.0 1
  174.775879 80.0 0
  174.874741 64.0 0
  175.05217000000002 160.0 1
  175.07122800000002 1024.0 4
  175.07710300000002 196.0 1
  175.103516 130.0 1
  175.13382000000001 1096.0 5
  175.151871 164.0 1
  175.163467 1.504167 0
  175.28469800000002 180.0 1
  175.520462 100.0 0
  175.680115 184.0 1
  175.819305 72.0 0
  175.984894 148.0 1
  176.018234 220.0 1
  176.17700200000002 140.0 1
  176.41085800000002 68.0 0
  176.6763 84.0 0
  176.689926 48.0 0
  176.861954 180.0 1
  176.93742400000002 144.0 1
  176.967056 23.34981 0
  177.028839 220.0 1
  177.052545 11504.0 49
  177.060379 1.0 0
  177.06897 10884.0 46
  177.09080500000002 148.0 1
  177.10466 19677.0 84
  177.15205400000002 128.0 1
  177.165939 140.0 1
  177.296021 92.0 0
  177.3992 36.0 0
  177.428192 96.0 0
  177.534134 140.0 1
  177.634232 64.0 0
  177.737534 72.0 0
  177.783035 144.0 1
  178.058517 212.0 1
  178.123718 144.0 1
  178.299759 140.0 1
  178.72207600000002 68.0 0
  178.769769 556.0 2
  178.92157 156.0 1
  179.02920500000002 237.0 1
  179.05624400000002 192.0 1
  179.059189 148.0 1
  179.065582 3105.0 13
  179.072754 2836.0 12
  179.07754500000001 236.0 1
  179.081131 2224.0 9
  179.083786 652.0 3
  179.08879100000001 108.0 0
  179.196777 116.0 0
  179.211456 264.0 1
  179.295029 56.0 0
  179.32074 48.0 0
  179.408859 144.0 1
  179.48323100000002 116.0 0
  179.86033600000002 168.0 1
  179.92157 140.0 1
  179.970474 196.0 1
  180.05392500000002 9.534524 0
  180.06994600000002 168.0 1
  180.07646200000002 176.0 1
  180.096146 120.0 1
  180.169632 136.0 1
  180.36795 160.0 1
  180.493774 16.97591 0
  180.509598 136.0 1
  180.56459 192.0 1
  180.69725 168.0 1
  180.841049 44.820217 0
  181.060745 3304.0 14
  181.06384300000002 58434.0 249
  181.07904100000002 1400.0 6
  181.083389 25.01042 0
  181.098846 845.0 4
  181.157745 160.0 1
  181.470749 56.0 0
  181.899902 248.0 1
  182.067825 216.0 1
  182.22966 100.0 0
  182.31646700000002 168.0 1
  182.51881400000002 79.815727 0
  182.594528 31.181009 0
  182.80242900000002 40.0 0
  182.900436 164.0 1
  183.015274 44.0 0
  183.02739 84.0 0
  183.030243 220.0 1
  183.102921 219.820206 1
  183.323441 11.4359 0
  183.36071800000002 56.0 0
  183.408432 100.0 0
  183.526688 212.0 1
  183.753693 164.0 1
  183.857086 144.0 1
  183.873611 176.0 1
  183.922226 84.0 0
  183.92776500000002 100.0 0
  184.066711 76.0 0
  184.07605 780.0 3
  184.081558 112.0 0
  184.098755 152.0 1
  184.105286 172.0 1
  184.109543 152.0 1
  184.123108 320.0 1
  184.134949 196.0 1
  184.29040500000002 44.0 0
  184.39166300000002 80.0 0
  184.57380700000002 132.0 1
  184.581284 172.0 1
  184.610229 52.0 0
  184.87471000000002 132.0 1
  185.038498 244.0 1
  185.09710700000002 408.0 2
  185.119247 392.0 2
  185.18746900000002 152.0 1
  185.449341 172.0 1
  185.516724 220.0 1
  185.78375200000002 220.0 1
  186.031448 504.0 2
  186.051636 3633.0 15
  186.06547500000002 260.0 1
  186.08673100000001 764.0 3
  186.13621500000002 152.0 1
  186.283508 88.0 0
  186.354477 260.0 1
  186.368774 60.0 0
  186.42686500000002 192.0 1
  186.784805 56.0 0
  186.899902 180.0 1
  186.91540500000002 172.0 1
  187.095078 36.55545 0
  187.11213700000002 128.0 1
  187.118896 132.0 1
  187.187317 124.0 1
  187.267151 160.0 1
  187.47340400000002 260.0 1
  187.50061 160.0 1
  187.511612 228.0 1
  188.04274 508.0 2
  188.102295 81625.0 348
  188.169632 96.0 0
  188.421982 36.0 0
  188.743423 72.0 0
  188.838348 108.0 0
  188.87771600000002 124.0 1
  189.11734 21960.0 94
  189.422729 208.0 1
  189.61273200000002 164.0 1
  189.80036900000002 148.0 1
  189.986099 3.094697 0
  190.031982 202.0 1
  190.09639 256.0 1
  190.162079 40.0 0
  190.170862 164.0 1
  190.190491 144.0 1
  190.210632 84.0 0
  190.428879 84.0 0
  190.45352200000002 168.0 1
  190.624664 76.0 0
  191.06012 616.0 3
  191.070343 1388.0 6
  191.303818 16.72941 0
  191.67129500000001 152.0 1
  191.69458 164.0 1
  192.056305 588.0 3
  192.058929 132.0 1
  192.719177 13.593748 0
  192.87114 260.0 1
  192.899414 148.0 1
  193.083023 12783.0 54
  193.175598 76.0 0
  193.190079 104.0 0
  193.199417 184.0 1
  193.72134400000002 44.0 0
  193.998398 128.0 1
  194.166672 1.03E-4 0
  194.20146200000002 84.0 0
  194.224289 124.0 1
  194.24984700000002 64.0 0
  195.05560300000002 916.0 4
  195.15515100000002 108.0 0
  195.441025 184.0 1
  196.101349 112.0 0
  196.18597400000002 44.0 0
  196.446152 136.0 1
  197.034668 92.0 0
  197.03903200000002 172.0 1
  197.04298400000002 589.0 3
  197.13609300000002 160.0 1
  197.36918 124.0 1
  197.40719 220.0 1
  198.003845 116.0 0
  198.065887 12875.730469 55
  198.191742 144.0 1
  198.255615 132.0 1
  198.970642 452.0 2
  198.978973 184.0 1
  199.013351 96.0 0
  199.04556300000002 27975.0 119
  199.07269300000002 180.0 1
  199.335754 180.0 1
  199.38900800000002 192.0 1
  199.766617 156.0 1
  200.011963 160.0 1
  200.04747 15552.0 66
  200.122849 160.0 1
  200.143784 200.0 1
  200.34478800000002 32.0 0
  200.399933 152.0 1
  201.050461 128.0 1
  201.057526 148.0 1
  201.072754 1108.0 5
  201.19369500000002 60.0 0
  201.58493 176.0 1
  201.654755 192.0 1
  201.763458 92.0 0
  201.838257 164.0 1
  201.847733 172.0 1
  202.059402 22075.0 94
  202.069565 144.0 1
  202.079483 108.0 0
  202.119675 160.0 1
  202.64428700000002 212.0 1
  202.86972 32.0 0
  202.93884300000002 132.0 1
  203.027084 192.0 1
  203.030237 5199.0 22
  203.082703 1620.0 7
  203.106369 12.83401 0
  203.11149600000002 1940.0 8
  203.304367 56.0 0
  203.79028300000002 164.0 1
  203.97593700000002 136.0 1
  203.984634 180.0 1
  204.03006000000002 184.0 1
  204.124207 208.0 1
  204.139871 32.0 0
  204.279312 36.0 0
  204.434235 92.0 0
  204.51019300000002 168.0 1
  205.030594 7130.0 30
  205.037598 200.0 1
  205.057724 352.0 2
  205.069763 140.0 1
  205.07307400000002 464.0 2
  205.17811600000002 148.0 1
  205.254166 68.0 0
  205.476822 36.0 0
  205.61698900000002 160.0 1
  205.813614 44.0 0
  206.089249 976.0 4
  206.10900900000001 208.0 1
  206.117737 1196.0 5
  206.22241200000002 160.0 1
  206.473373 148.0 1
  206.630493 76.0 0
  206.65695200000002 128.0 1
  207.03543100000002 312.0 1
  207.04530300000002 884.0 4
  207.051285 359.0 2
  207.06552100000002 4436.0 19
  207.151703 212.0 1
  207.252747 52.0 0
  207.292191 140.0 1
  207.791107 92.0 0
  207.970627 128.0 1
  208.055664 1080.0 5
  208.205002 56.0 0
  208.25528 168.0 1
  208.440765 80.0 0
  208.45236200000002 160.0 1
  208.741104 124.0 1
  209.113953 108050.0 460
  209.134476 197.0 1
  209.948669 22.675159 0
  210.02761800000002 56.0 0
  210.085678 172.0 1
  210.20936600000002 76.0 0
  210.249146 156.0 1
  210.262924 192.0 1
  210.56353800000002 208.0 1
  210.858246 164.0 1
  211.072784 348.0 1
  211.123245 172.0 1
  211.149811 156.0 1
  211.82276900000002 176.0 1
  211.957764 44.0 0
  211.99939 80.0 0
  212.035202 308.0 1
  212.16246 11.44298 0
  212.565079 184.0 1
  212.593231 64.0 0
  212.651474 172.0 1
  212.792892 120.0 1
  213.01615900000002 120.0 1
  213.049835 6346.0 27
  213.095062 164.0 1
  213.16626000000002 456.0 2
  213.31779500000002 40.0 0
  213.35853600000002 232.0 1
  213.42982500000002 36.0 0
  213.998825 20.07716 0
  214.030518 151722.0 647
  214.097183 376.0 2
  214.176987 188.0 1
  214.215622 136.0 1
  214.33075 188.0 1
  214.493896 35.446758 0
  214.996124 132.0 1
  214.999512 152.0 1
  215.035782 1059.0 5
  215.060165 176.0 1
  215.381851 72.0 0
  215.44802900000002 60.0 0
  215.56246900000002 1216.0 5
  216.071121 348.0 1
  216.085587 176.0 1
  216.13884000000002 164.0 1
  216.603653 76.0 0
  216.621597 12.50298 0
  216.906189 552.0 2
  216.94798300000002 36.0 0
  217.064804 120.0 1
  217.080948 2507.0 11
  217.118484 35.57341 0
  217.12233 156.0 1
  217.124954 100.0 0
  217.360565 148.0 1
  217.37879900000001 188.0 1
  217.777542 5.013889 0
  217.922485 144.0 1
  218.29504400000002 92.0 0
  218.403183 168.0 1
  218.614059 132.0 1
  218.920181 64.0 0
  218.970581 19.202499 0
  219.03945900000002 131.0 1
  219.112762 9200.0 39
  219.58493 124.0 1
  219.777634 48.0 0
  220.090683 176.0 1
  220.724152 25.602871 0
  220.95562700000002 55.00116 0
  221.093414 8856.0 38
  221.118 1.0 0
  221.51301600000002 184.0 1
  221.94426 108.0 0
  222.07359300000002 420.0 2
  222.319351 40.0 0
  222.68959 144.0 1
  222.93507400000001 76.0 0
  222.99748200000002 12.514516 0
  223.056915 2340.0 10
  223.09201000000002 188.0 1
  223.143936 288.0 1
  223.34108 144.0 1
  223.949295 48.0 0
  224.05481 216.0 1
  224.071121 536.0 2
  224.107651 1432.0 6
  224.117188 200.0 1
  225.008545 5.856061 0
  225.04808 224.0 1
  225.054001 1179.0 5
  225.132767 144.0 1
  225.241196 4.703703 0
  225.313339 44.0 0
  226.171356 18.75556 0
  226.515701 156.0 1
  226.62248200000002 148.0 1
  226.721008 92.0 0
  226.73168900000002 112.0 0
  227.155167 140.0 1
  227.392548 124.0 1
  227.70387300000002 112.0 0
  227.753342 60.0 0
  227.806641 84.0 0
  227.863876 192.0 1
  228.048965 156.0 1
  228.063385 136.0 1
  228.071564 276.0 1
  228.088211 200.0 1
  228.11618 61.020828 0
  228.366653 108.0 0
  228.863022 140.0 1
  229.125092 140.0 1
  229.157349 120.0 1
  229.166421 172.0 1
  230.134537 180.0 1
  230.18689 144.0 1
  230.191742 212.0 1
  230.38758900000002 84.0 0
  230.809494 156.0 1
  230.908813 54.20903 0
  230.950836 176.0 1
  231.021378 109.0 0
  231.08569300000002 1554.0 7
  231.08999 268.0 1
  231.149857 140.0 1
  231.264145 176.0 1
  231.486588 192.0 1
  231.516266 112.0 0
  231.593018 100.0 0
  231.896545 224.0 1
  232.08839400000002 156.0 1
  232.47091700000001 156.0 1
  232.49585000000002 76.0 0
  232.510468 160.0 1
  232.618393 164.0 1
  232.759689 152.0 1
  233.029007 25996.0 111
  233.033508 228.0 1
  233.115136 33657.0 143
  233.123163 162.0 1
  233.134384 116.0 0
  233.14622500000002 7.482143 0
  234.20593300000002 188.0 1
  234.303619 15.08681 0
  234.59887700000002 164.0 1
  234.69163500000002 128.0 1
  234.89093 180.0 1
  234.8992 404.0 2
  234.95015 404.0 2
  234.984497 11.49597 0
  235.01989700000001 52.0 0
  235.03263900000002 212.0 1
  235.08020000000002 272.0 1
  235.088379 132.0 1
  235.114487 184.0 1
  235.117432 288.0 1
  235.126053 130.0 1
  235.152283 172.0 1
  235.935822 691.0 3
  235.991638 724.0 3
  236.030441 316.0 1
  236.053833 9.856482 0
  236.08732600000002 764.0 3
  236.09033200000002 176.0 1
  236.101898 108.0 0
  236.11488300000002 2628.0 11
  236.23803700000002 152.0 1
  236.318375 36.0 0
  237.148865 140.0 1
  238.05886800000002 144.0 1
  238.270325 148.0 1
  238.971863 160.0 1
  239.08874500000002 1144.0 5
  239.149414 10862.0 46
  239.827805 28.48704 0
  239.833069 124.0 1
  239.961182 188.0 1
  240.114212 2420.0 10
  240.118439 176.0 1
  240.23074300000002 164.0 1
  240.517517 116.0 0
  241.047348 1876.0 8
  242.11793500000002 16704.0 71
  242.123398 208.0 1
  242.672226 140.0 1
  243.09462000000002 152.0 1
  243.108597 35.133339 0
  243.139236 339.214386 1
  243.358337 96.0 0
  243.50061 208.0 1
  244.0327 172.0 1
  244.07792700000002 148.0 1
  244.15875200000002 116.0 0
  244.241669 156.0 1
  245.004364 68.0 0
  245.157394 116.0 0
  245.16261300000002 140.0 1
  245.19412200000002 156.0 1
  245.223679 124.0 1
  245.700409 14.20777 0
  245.851776 132.0 1
  246.11209100000002 228.0 1
  246.15321400000002 140.0 1
  246.49408 36.0 0
  246.550568 236.0 1
  246.628693 156.0 1
  246.739731 124.0 1
  246.779648 12.97967 0
  246.81662 192.0 1
  247.816132 14.51563 0
  248.018799 130.25 1
  248.095245 1148.046021 5
  248.497162 144.0 1
  248.506256 136.0 1
  248.7948 116.0 0
  249.096741 144.0 1
  249.284546 176.0 1
  249.48791500000002 68.0 0
  249.720932 128.0 1
  250.039734 360.0 2
  250.063019 4522.0 19
  250.645767 108.0 0
  251.076431 264.0 1
  251.618378 156.0 1
  251.63957200000002 60.0 0
  251.695953 32.0 0
  252.151703 280.0 1
  252.17111200000002 148.0 1
  252.959503 138.893097 1
  253.049286 34636.0 148
  253.152115 32.0 0
  253.914261 176.0 1
  254.272415 160.0 1
  254.460373 68.0 0
  254.69637400000002 160.0 1
  255.05526700000001 124.0 1
  255.118683 128.0 1
  255.404953 152.0 1
  255.47288500000002 48.0 0
  255.779068 60.0 0
  255.888138 160.0 1
  256.043243 188.0 1
  256.10693399999997 184.0 1
  256.129608 448.0 2
  256.375702 144.0 1
  256.63397199999997 140.0 1
  257.02301 33736.0 144
  257.038574 6024.0 26
  257.044891 256.0 1
  257.08068799999995 5021.0 21
  257.10141 220.0 1
  257.13296499999996 49.69186 0
  257.371826 148.0 1
  257.48168899999996 216.0 1
  257.700897 84.0 0
  257.854492 232.0 1
  257.89034999999996 64.0 0
  258.01592999999997 144.0 1
  258.18453999999997 140.0 1
  258.208893 245.0 1
  258.3479 128.0 1
  258.38055399999996 96.0 0
  259.094788 128.0 1
  260.17013499999996 144.0 1
  260.18667 184.0 1
  260.50753799999995 60.0 0
  261.113708 636.0 3
  261.411316 96.095131 0
  262.414612 200.0 1
  262.985138 152.0 1
  265.045502 168.0 1
  265.12103299999995 23.960991 0
  266.09314 604.0 3
  266.116266 3108.0 13
  266.12793 156.0 1
  266.71896399999997 188.0 1
  267.10702499999996 184.0 1
  267.377838 5.592949 0
  267.862823 52.0 0
  268.058075 420.0 2
  268.07534799999996 140.0 1
  268.104584 204.0 1
  268.18353299999995 128.0 1
  268.19006299999995 148.0 1
  268.496338 188.0 1
  269.080902 164.0 1
  269.27887 80.0 0
  269.437866 156.0 1
  269.864624 12.17647 0
  270.130249 168.0 1
  270.300507 68.0 0
  270.34542799999997 88.0 0
  270.66067499999997 132.0 1
  270.78054799999995 116.0 0
  271.28482099999997 80.0 0
  271.586792 192.0 1
  271.975098 168.0 1
  272.057281 152.0 1
  272.113617 152.0 1
  272.69244399999997 152.0 1
  273.058197 44.0 0
  273.29153399999996 2.839382 0
  273.95266699999996 96.0 0
  273.96725499999997 188.0 1
  274.17672699999997 100.0 0
  274.399506 112.0 0
  275.08798199999995 172.0 1
  276.089478 77.59568 0
  276.822296 144.0 1
  277.352624 144.0 1
  278.66668699999997 2.38E-4 0
  279.06985499999996 12325.0 53
  279.151391 745.0 3
  279.170105 128.0 1
  279.670593 244.0 1
  279.99267599999996 28.00927 0
  280.049561 288.0 1
  280.053406 292.0 1
  281.067474 92.0 0
  281.080292 2072.0 9
  281.60067699999996 144.0 1
  281.91918899999996 45.853062 0
  282.11193799999995 1428.0 6
  282.15950899999996 148.0 1
  282.488068 268.0 1
  283.02536 160.0 1
  283.16336099999995 41.988972 0
  283.38168299999995 156.0 1
  283.40234399999997 152.0 1
  283.487122 64.0 0
  283.696686 52.0 0
  283.750793 136.0 1
  285.076263 4.375 0
  285.276886 176.0 1
  285.369537 48.0 0
  285.832794 62.31855 0
  285.884613 124.0 1
  286.039337 96.0 0
  286.10256999999996 148.0 1
  286.167938 268.0 1
  286.34655799999996 152.0 1
  286.51928699999996 52.0 0
  286.758881 160.0 1
  287.400513 44.0 0
  288.134888 1056.0 5
  288.989288 164.0 1
  289.228973 140.0 1
  289.33111599999995 37.88942 0
  290.03851299999997 2952.0 13
  290.583557 156.0 1
  290.88647499999996 84.0 0
  290.897003 293.072113 1
  291.409363 3.440476 0
  291.867706 204.0 1
  292.141388 1076.0 5
  292.248047 36.0 0
  293.00253299999997 168.0 1
  293.094604 1072.0 5
  293.130188 1896.0 8
  293.338776 144.0 1
  293.729858 4.185606 0
  293.79486099999997 260.0 1
  293.87368799999996 60.0 0
  293.88192699999996 332.0 1
  294.168945 60.0 0
  294.836212 88.0 0
  295.107392 204447.0 871
  295.196289 120.0 1
  295.73605299999997 104.0 0
  296.435974 104.0 0
  299.33856199999997 32.70676 0
  300.10967999999997 3852.0 16
  300.155334 337.15271 1
  300.978271 17.33333 0
  301.065582 72.0 0
  301.16864 208.0 1
  302.03833 14954.0 64
  302.810394 192.0 1
  303.812958 304.0 1
  304.104645 116.0 0
  304.17132599999997 56.0 0
  304.917694 124.0 1
  305.48065199999996 156.0 1
  306.077698 152.0 1
  306.088867 140.0 1
  306.11938499999997 352.0 2
  307.262573 164.0 1
  307.430969 92.0 0
  307.597961 140.0 1
  308.395172 112.0 0
  308.63690199999996 5.666667 0
  310.38931299999996 60.612671 0
  310.995148 172.0 1
  311.119965 108.0 0
  313.136932 2572.0 11
  313.795105 72.0 0
  315.071686 6.160088 0
  316.50024399999995 8.25 0
  316.793365 124.0 1
  318.27273599999995 0.0 0
  319.115143 148.0 1
  320.87695299999996 108.0 0
  321.101318 8624.0 37
  321.980713 108.0 0
  323.050476 280.0 1
  323.255585 128.0 1
  323.429779 136.0 1
  323.650177 120.0 1
  323.815704 22.75 0
  323.984161 76.0 0
  324.50705 72.0 0
  325.107269 168.0 1
  326.232697 296.0 1
  326.306763 52.0 0
  327.15365599999996 148.0 1
  327.479004 104.0 0
  327.68850699999996 120.0 1
  328.00683599999996 172.0 1
  328.108215 184.0 1
  328.142944 136.0 1
  328.774292 156.0 1
  329.05035399999997 196.0 1
  329.111877 1412.0 6
  329.852509 152.0 1
  331.196808 12.117865 0
  331.39428699999996 208.0 1
  332.105286 48.0 0
  333.78421 88.0 0
  335.188263 164.0 1
  335.295715 76.0 0
  335.94906599999996 168.0 1
  339.04537999999997 120.0 1
  340.088898 132.0 1
  340.57714799999997 132.0 1
  341.13031 196.0 1
  341.16790799999995 2040.142944 9
  341.46829199999996 108.0 0
  341.964478 80.0 0
  342.979523 12.42391 0
  343.04814999999996 379.0 2
  343.14224199999995 128.0 1
  343.77752699999996 26.782209 0
  344.206146 5.777778 0
  344.870117 92.0 0
  345.80877699999996 108.0 0
  346.08410599999996 56.0 0
  347.87908899999996 168.0 1
  348.17395 152.0 1
  348.183716 1328.406006 6
  348.205902 132.0 1
  348.644012 76.0 0
  348.91152999999997 176.0 1
  349.059265 136.0 1
  349.15466299999997 144.0 1
  350.242645 108.0 0
  351.113 1.0 0
  352.869629 148.0 1
  353.11972 112.0 0
  353.95361299999996 132.0 1
  354.57302899999996 136.0 1
  355.20095799999996 58852.0 251
  357.094788 2952.0 13
  359.660187 240.0 1
  360.970825 56.0 0
  361.13091399999996 168.0 1
  361.170746 152.0 1
  361.66284199999996 180.0 1
  364.063446 732.0 3
  364.184753 16.253469 0
  369.15380899999997 96.0 0
  370.127747 124.0 1
  372.150848 636.0 3
  372.596008 60.0 0
  373.123993 156.0 1
  374.41668699999997 10.06117 0
  374.778717 92.0 0
  379.44928 64.0 0
  381.12719699999997 800.0 3
  382.040985 152.0 1
  384.85308799999996 216.0 1
  385.24355399999996 212.0 1
  385.298523 72.0 0
  385.45462 112.0 0
  387.696869 10.06667 0
  388.514215 112.0 0
  388.592828 204.0 1
  388.88708499999996 84.0 0
  389.25412 188.0 1
  390.706665 52.0 0
  391.20660399999997 252.0 1
  392.621552 21.248489 0
  395.951935 148.0 1
  398.915649 148.0 1
  399.52023299999996 156.0 1
  401.58789099999996 56.0 0
  403.04146699999995 408.0 2
  403.198 1.0 0
  403.423004 56.0 0
  404.12728899999996 96.0 0
  406.17477399999996 92.0 0
  408.46817 132.0 1
  411.075287 1688.0 7
  412.731628 68.0 0
  414.31625399999996 132.0 1
//
