ACCESSION: CCMSLIB00000004304
RECORD_TITLE: decoy
DATE: 2015.11.20
AUTHORS: Administrator
LICENSE: CC BY-SA
CH$NAME: decoy
CH$COMPOUND_CLASS: Natural Product
CH$FORMULA: C7H15Cl2N2O2P
CH$EXACT_MASS: 260.02481971
CH$SMILES: N/A
CH$IUPAC: decoy
CH$LINK: N/A
AC$INSTRUMENT: decoy
AC$INSTRUMENT_TYPE: decoy
AC$MASS_SPECTROMETRY: MS_TYPE MS2
AC$MASS_SPECTROMETRY: ION_MODE POSITIVE
AC$MASS_SPECTROMETRY: COLLISION_ENERGY 10 V
MS$FOCUSED_ION: PRECURSOR_M/Z 261
MS$FOCUSED_ION: PRECURSOR_TYPE [M+H]+
PK$NUM_PEAK: 75
PK$PEAK: m/z int. rel.int.
  46.972958 160.0 6
  54.308243000000004 144.0 5
  59.042480000000005 192.0 7
  62.049191 132.0 5
  64.440094 188.0 7
  71.143394 172.0 6
  72.45339999999999 80.0 3
  73.26267999999999 136.0 5
  84.49340099999999 156.0 6
  96.334328 240.0 9
  100.074112 144.0 5
  101.675941 176.0 6
  103.05426 28104.0 999
  104.83936299999999 196.0 7
  105.30403899999999 156.0 6
  107.77856399999999 212.0 8
  114.958092 152.0 5
  116.250671 52.0 2
  117.034134 176.0 6
  118.04418899999999 152.0 5
  119.98063699999999 152.0 5
  121.052139 180.0 6
  124.002838 340.0 12
  128.061615 29.099621 1
  129.06980900000002 3116.0 111
  134.92816200000001 160.0 6
  135.120651 164.0 6
  135.373032 10.47206 0
  136.026703 144.0 5
  137.905045 108.0 4
  139.167328 52.0 2
  140.41481000000002 188.0 7
  140.466476 116.0 4
  141.552917 172.0 6
  144.723511 48.0 2
  152.482254 60.0 2
  153.044006 23924.0 850
  156.018967 120.0 4
  157.06543000000002 272.0 10
  158.051346 437.0 16
  160.31689500000002 160.0 6
  163.906982 144.0 5
  168.08860800000002 176.0 6
  169.160416 65.583054 2
  170.062164 160.0 6
  173.023743 7.2 0
  173.207153 9.16702 0
  176.05233800000002 208.0 7
  176.171127 44.0 2
  176.891525 36.0 1
  178.38600200000002 44.0 2
  184.428201 196.0 7
  188.02534500000002 23847.0 848
  190.33551 48.0 2
  193.339844 88.0 3
  195.13815300000002 164.0 6
  195.894104 156.0 6
  196.285736 15.11111 1
  197.09106400000002 419.0 15
  202.049652 1228.0 44
  206.985092 220.0 8
  209.03967300000002 288.0 10
  210.439804 56.0 2
  215.566101 88.0 3
  216.836578 172.0 6
  219.03117400000002 108.0 4
  223.619675 68.0 2
  225.78173800000002 100.0 4
  229.11166400000002 890.0 32
  232.749908 68.0 2
  232.891998 120.0 4
  233.66793800000002 144.0 5
  250.06362900000002 348.0 12
  257.41308599999996 104.0 4
  261.03209599999997 1.0 0
//
