ACCESSION: CCMSLIB00000085927
RECORD_TITLE: decoy
DATE: 2015.11.20
AUTHORS: Administrator
LICENSE: CC BY-SA
CH$NAME: decoy
CH$COMPOUND_CLASS: Natural Product
CH$FORMULA: C20H31N
CH$EXACT_MASS: 285.24564999200004
CH$SMILES: N/A
CH$IUPAC: decoy
CH$LINK: N/A
AC$INSTRUMENT: decoy
AC$INSTRUMENT_TYPE: decoy
AC$MASS_SPECTROMETRY: MS_TYPE MS2
AC$MASS_SPECTROMETRY: ION_MODE POSITIVE
AC$MASS_SPECTROMETRY: COLLISION_ENERGY 10 V
MS$FOCUSED_ION: PRECURSOR_M/Z 286
MS$FOCUSED_ION: PRECURSOR_TYPE [M+H]+
PK$NUM_PEAK: 2289
PK$PEAK: m/z int. rel.int.
  29.287504000000002 252.0 0
  44.942619 240.0 0
  45.058537 128.0 0
  45.566475000000004 148.0 0
  45.592964 180.0 0
  45.597462 76.0 0
  45.676174 48.0 0
  45.684387 180.0 0
  45.780918 160.0 0
  45.866463 104.0 0
  45.956795 152.0 0
  46.156372000000005 208.0 0
  46.246315 18.05921 0
  46.263081 180.0 0
  46.448631 256.0 0
  46.503059 208.0 0
  46.591751 144.0 0
  46.597099 160.0 0
  46.678173 96.0 0
  46.922028000000005 176.0 0
  47.204098 116.0 0
  47.220139 200.0 0
  47.283737 176.0 0
  47.498978 196.0 0
  47.525085000000004 136.0 0
  47.583401 208.0 0
  47.705574 164.0 0
  47.888042 268.0 0
  48.019238 148.0 0
  48.131256 124.0 0
  48.134258 292.0 0
  48.170528000000004 156.0 0
  48.670235 168.0 0
  48.685410000000005 252.0 0
  49.124428 120.0 0
  49.261658000000004 176.0 0
  49.364922 144.0 0
  49.845314 168.0 0
  49.877159 212.0 0
  50.034065 140.0 0
  50.048225 208.0 0
  50.141144000000004 200.0 0
  50.270123 216.0 0
  50.345943 220.0 0
  50.496964 192.0 0
  50.732067 168.0 0
  50.783215 36.0 0
  50.875244 148.0 0
  51.018745 172.0 0
  51.042107 148.0 0
  51.273178 152.0 0
  51.294392 212.0 0
  51.66444 184.0 0
  51.706631 192.0 0
  51.799751 192.0 0
  51.839638 164.0 0
  52.049294 196.0 0
  52.242993 200.0 0
  52.436531 220.0 0
  52.4561 160.0 0
  52.468952 144.0 0
  52.540054000000005 172.0 0
  52.750092 140.0 0
  52.871105 276.0 0
  52.942974 180.0 0
  53.550995 224.0 0
  53.610695 144.0 0
  53.662151 140.0 0
  53.703896 280.0 0
  53.773006 156.0 0
  53.991352 192.0 0
  53.995811 148.0 0
  54.039089000000004 148.0 0
  54.087387 136.0 0
  54.1203 72.0 0
  54.166229 168.0 0
  54.180115 188.0 0
  54.185608 144.0 0
  54.263046 156.0 0
  54.4277 148.0 0
  54.458305 148.0 0
  54.487385 140.0 0
  54.66375 100.0 0
  54.755722 148.0 0
  54.885525 144.0 0
  54.959976000000005 200.0 0
  55.139847 128.0 0
  55.188675 172.0 0
  55.359993 192.0 0
  55.378937 176.0 0
  55.413338 212.0 0
  55.431988000000004 140.0 0
  55.473835 112.0 0
  55.639969 100.0 0
  56.684669 212.0 0
  56.713573000000004 140.0 0
  56.715981 168.0 0
  56.837921 132.0 0
  56.849976 112.0 0
  56.871944 188.0 0
  57.084003 144.0 0
  57.261555 200.0 0
  57.301693 148.0 0
  57.34436 140.0 0
  57.511589 164.0 0
  57.737377 76.0 0
  57.742668 160.0 0
  57.910343000000005 104.0 0
  58.015141 236.0 0
  58.035583 168.0 0
  58.037598 62.28294 0
  58.068329 144.0 0
  58.07423 248.0 0
  58.100796 212.0 0
  58.603565 180.0 0
  58.782265 200.0 0
  58.911655 156.0 0
  58.973015000000004 164.0 0
  58.984348000000004 156.0 0
  59.007458 216.0 0
  59.808060000000005 192.0 0
  59.846085 152.0 0
  60.147175000000004 140.0 0
  60.25333 172.0 0
  60.290394 196.0 0
  60.364422000000005 220.0 0
  60.411423 172.0 0
  60.613235 156.0 0
  60.685596000000004 152.0 0
  60.731247 112.0 0
  60.888416 192.0 0
  60.976742 208.0 0
  61.000835 176.0 0
  61.104111 308.0 0
  61.123508 148.0 0
  61.36808 104.0 0
  61.445812000000004 312.0 0
  61.4944 116.0 0
  61.553841 100.0 0
  61.687721 128.0 0
  61.955982 180.0 0
  62.016972 196.0 0
  62.30283 132.0 0
  62.590485 132.0 0
  62.726227 164.0 0
  62.962563 192.0 0
  63.042828 188.0 0
  63.047764 140.0 0
  63.173367 192.0 0
  63.230103 112.0 0
  63.299587 124.0 0
  63.329506 172.0 0
  63.368542000000005 152.0 0
  63.399715 56.0 0
  63.606766 68.0 0
  63.680637000000004 136.0 0
  63.910152000000004 152.0 0
  64.208084 140.0 0
  64.404076 172.0 0
  64.432976 72.0 0
  64.49318699999999 144.0 0
  64.552055 228.0 0
  64.614059 196.0 0
  64.791359 200.0 0
  64.843658 216.0 0
  65.356003 188.0 0
  65.476097 216.0 0
  65.748161 216.0 0
  65.812653 92.0 0
  66.030655 164.0 0
  66.040146 160.0 0
  66.12513 156.0 0
  66.134766 232.0 0
  66.23938 188.0 0
  66.29017599999999 176.0 0
  66.342857 144.0 0
  66.37447399999999 180.0 0
  66.383545 160.0 0
  66.39572899999999 160.0 0
  66.52683999999999 156.0 0
  66.64746099999999 128.0 0
  66.692802 140.0 0
  66.75945999999999 208.0 0
  66.811516 208.0 0
  66.90683 144.0 0
  67.13237799999999 96.0 0
  67.14765899999999 152.0 0
  67.21553 40.0 0
  67.35102099999999 160.0 0
  67.392265 216.0 0
  67.618523 156.0 0
  67.66449 164.0 0
  67.69052099999999 156.0 0
  67.719864 220.0 0
  67.91096499999999 132.0 0
  68.030273 148.0 0
  68.105705 200.0 0
  68.213043 240.0 0
  68.424309 100.0 0
  68.46488199999999 228.0 0
  68.563347 196.0 0
  68.77758 184.0 0
  69.037346 160.0 0
  69.18875899999999 192.0 0
  69.389297 164.0 0
  69.41180399999999 188.0 0
  69.465324 152.0 0
  69.552673 236.0 0
  70.16774699999999 160.0 0
  70.265564 188.0 0
  70.39130399999999 196.0 0
  70.735214 128.0 0
  70.86172499999999 196.0 0
  71.044838 184.0 0
  71.07476799999999 144.0 0
  71.134209 156.0 0
  71.143204 144.0 0
  71.323303 204.0 0
  71.32768999999999 96.0 0
  71.41759499999999 236.0 0
  71.46528599999999 108.0 0
  71.606911 216.0 0
  71.69753999999999 132.0 0
  71.84117099999999 204.0 0
  71.85874899999999 188.0 0
  72.33914899999999 148.0 0
  72.37353499999999 176.0 0
  72.67472799999999 84.0 0
  72.89209699999999 172.0 0
  73.12851699999999 188.0 0
  73.53299 116.0 0
  73.692039 140.0 0
  73.73928099999999 192.0 0
  73.81933599999999 184.0 0
  74.01651 184.0 0
  74.09884799999999 160.0 0
  74.10835999999999 156.0 0
  74.259239 144.0 0
  74.29775199999999 144.0 0
  74.63945799999999 160.0 0
  74.735435 172.0 0
  74.799149 144.0 0
  74.965744 204.0 0
  75.343452 164.0 0
  75.423492 140.0 0
  75.878754 152.0 0
  75.898872 216.0 0
  76.11771399999999 136.0 0
  76.154327 220.0 0
  76.32324999999999 184.0 0
  76.41062199999999 128.0 0
  76.47552499999999 196.0 0
  76.48915099999999 180.0 0
  76.642349 144.0 0
  76.96584299999999 160.0 0
  77.08197799999999 244.0 0
  77.255882 204.0 0
  77.86711899999999 104.0 0
  77.99750499999999 216.0 0
  78.006958 232.0 0
  78.13887 184.0 0
  78.363907 88.0 0
  78.54843899999999 172.0 0
  78.56796299999999 124.0 0
  78.811005 144.0 0
  79.096764 48.0 0
  79.16186499999999 152.0 0
  79.386192 176.0 0
  79.407799 152.0 0
  79.796143 204.0 0
  79.92868 172.0 0
  80.067245 112.0 0
  80.136108 196.0 0
  80.24043999999999 172.0 0
  80.81290399999999 76.0 0
  81.08262599999999 104.0 0
  81.143616 164.0 0
  81.196304 144.0 0
  81.214638 244.0 0
  81.284538 180.0 0
  81.325829 164.0 0
  81.47887399999999 216.0 0
  81.527603 192.0 0
  81.574608 180.0 0
  81.73629799999999 220.0 0
  81.780594 72.0 0
  81.890739 228.0 0
  82.361115 144.0 0
  82.597298 180.0 0
  82.69429 156.0 0
  82.89358499999999 152.0 0
  82.944633 148.0 0
  83.25323499999999 188.0 0
  83.411003 44.0 0
  83.63501 84.0 0
  83.638977 160.0 0
  83.775177 112.0 0
  83.82318099999999 168.0 0
  83.842384 132.0 0
  84.648651 228.0 0
  84.74546099999999 140.0 0
  84.842857 64.0 0
  84.859375 116.0 0
  84.962959 160.0 0
  85.033295 176.0 0
  85.161858 188.0 0
  85.165695 84.0 0
  85.176216 240.0 0
  85.25741599999999 140.0 0
  85.58041399999999 228.0 0
  85.799004 112.0 0
  86.075768 156.0 0
  86.143906 104.0 0
  86.35199 160.0 0
  86.94833399999999 152.0 0
  86.96032699999999 148.0 0
  87.013786 188.0 0
  87.11097699999999 188.0 0
  87.139511 132.0 0
  87.239273 160.0 0
  87.373528 160.0 0
  87.59228499999999 148.0 0
  87.61424299999999 200.0 0
  87.90369399999999 172.0 0
  88.015671 48.0 0
  88.075119 164.0 0
  88.10205099999999 172.0 0
  88.2229 168.0 0
  88.31695599999999 240.0 0
  88.37538099999999 148.0 0
  88.399155 260.0 0
  88.428986 156.0 0
  88.56101199999999 148.0 0
  88.60992399999999 188.0 0
  88.715347 236.0 0
  88.81954999999999 180.0 0
  89.23874699999999 100.0 0
  89.509552 116.0 0
  89.61226699999999 156.0 0
  90.01962999999999 116.0 0
  90.22142799999999 208.0 0
  90.597504 188.0 0
  90.609375 188.0 0
  90.61913299999999 64.0 0
  90.644714 136.0 0
  90.98934899999999 204.0 0
  91.052635 144.0 0
  91.235703 204.0 0
  91.248718 120.0 0
  91.275345 88.0 0
  91.420097 168.0 0
  91.59323099999999 156.0 0
  91.604889 160.0 0
  91.67340899999999 172.0 0
  91.68313599999999 192.0 0
  91.820549 172.0 0
  92.00795 216.0 0
  92.05715199999999 448.0 0
  92.266098 236.0 0
  92.68023699999999 148.0 0
  92.86127499999999 164.0 0
  92.973846 208.0 0
  93.273483 36.0 0
  93.861137 96.0 0
  93.889702 208.0 0
  94.064453 188.0 0
  94.06869599999999 1092.0 0
  94.27606999999999 180.0 0
  94.418701 48.0 0
  94.49628399999999 148.0 0
  94.568153 200.0 0
  94.753326 56.0 0
  95.00117499999999 164.0 0
  95.00415 44.0 0
  95.05131499999999 220.0 0
  95.06045499999999 164.0 0
  95.176239 270.040314 0
  95.204605 168.0 0
  95.239937 140.0 0
  95.296387 172.0 0
  95.30336799999999 200.0 0
  95.32569099999999 192.0 0
  95.42333199999999 168.0 0
  95.441994 168.0 0
  95.617661 112.0 0
  95.625519 124.0 0
  95.694931 168.0 0
  95.70494799999999 192.0 0
  95.729439 176.0 0
  95.734535 160.0 0
  95.827316 164.0 0
  96.036087 176.0 0
  96.07511099999999 112.0 0
  96.120605 172.0 0
  96.151558 272.0 0
  96.24971 124.0 0
  96.290588 188.0 0
  96.32706499999999 76.0 0
  96.412483 112.0 0
  96.457428 280.0 0
  96.52130899999999 92.0 0
  96.524841 180.0 0
  96.62544299999999 132.0 0
  96.753502 132.0 0
  96.78241 168.0 0
  96.82208999999999 176.0 0
  96.887146 128.0 0
  97.074348 32.0 0
  97.165825 172.0 0
  97.407433 196.0 0
  97.58655499999999 144.0 0
  97.60425599999999 196.0 0
  97.61627999999999 188.0 0
  97.637863 112.0 0
  97.77076699999999 236.0 0
  97.79213 96.0 0
  97.81955699999999 172.0 0
  97.92495699999999 84.0 0
  97.98342099999999 152.0 0
  97.987259 156.0 0
  98.05741099999999 228.0 0
  98.08524299999999 196.0 0
  98.09738999999999 160.0 0
  98.104706 152.0 0
  98.107109 184.0 0
  98.109116 52.0 0
  98.19103199999999 180.0 0
  98.205856 136.0 0
  98.297134 164.0 0
  98.41552 232.0 0
  98.451866 152.0 0
  98.57146499999999 168.0 0
  98.66641999999999 52.0 0
  99.031662 68.0 0
  99.09857199999999 616.0 0
  99.361961 20.0 0
  99.380905 168.0 0
  99.386703 28.0 0
  99.481476 200.0 0
  99.56494099999999 152.0 0
  99.637497 200.0 0
  99.639938 128.0 0
  99.66352099999999 224.0 0
  99.76068099999999 92.0 0
  99.802078 132.0 0
  100.09846499999999 160.0 0
  100.173721 188.0 0
  100.196175 188.0 0
  100.231155 144.0 0
  100.30027 160.0 0
  100.336327 88.0 0
  100.38642899999999 184.0 0
  100.42848199999999 136.0 0
  100.494225 160.0 0
  100.49950399999999 124.0 0
  100.591347 48.0 0
  100.645699 212.0 0
  100.67921399999999 116.0 0
  100.68711099999999 204.0 0
  100.772156 176.0 0
  100.93862899999999 240.0 0
  101.026703 92.0 0
  101.20852699999999 260.0 0
  101.40432 6.25 0
  101.43493699999999 204.0 0
  101.44725799999999 184.0 0
  101.483696 160.0 0
  101.53860499999999 88.0 0
  101.55632 172.0 0
  101.61546299999999 13.6995 0
  101.76538799999999 148.0 0
  101.85642999999999 196.0 0
  101.894196 196.0 0
  101.979813 60.0 0
  102.015366 192.0 0
  102.044693 220.0 0
  102.08114599999999 92.0 0
  102.083237 68.0 0
  102.12631999999999 160.0 0
  102.139 4886.0 1
  102.195107 128.0 0
  102.23007199999999 192.0 0
  102.251663 220.0 0
  102.268456 228.0 0
  102.47314499999999 108.0 0
  102.521378 14.49167 0
  102.52740499999999 140.0 0
  102.64949 184.0 0
  102.65779099999999 208.0 0
  102.67867299999999 156.0 0
  102.77912099999999 164.0 0
  102.795479 248.0 0
  102.83247399999999 256.0 0
  102.86601999999999 192.0 0
  102.891937 156.0 0
  102.948166 216.0 0
  102.98007199999999 204.0 0
  103.04843899999999 108.0 0
  103.05382499999999 652.0 0
  103.09466599999999 40.0 0
  103.13690199999999 44.0 0
  103.150459 320.0 0
  103.176521 188.0 0
  103.29478499999999 164.0 0
  103.425438 196.0 0
  103.46846 3.294643 0
  103.519241 53.219479 0
  103.533188 120.0 0
  103.64977999999999 64.0 0
  103.692589 132.0 0
  103.733887 180.0 0
  103.88885499999999 92.0 0
  104.05201699999999 176.0 0
  104.05414599999999 216.0 0
  104.115082 172.0 0
  104.17276799999999 168.0 0
  104.30454999999999 148.0 0
  104.53530099999999 176.0 0
  104.57096899999999 120.0 0
  104.600113 4.904762 0
  104.67090599999999 136.0 0
  104.68775199999999 156.0 0
  104.733902 172.0 0
  104.83966799999999 48.0 0
  105.070641 2852.0 1
  105.17907699999999 164.0 0
  105.19756299999999 76.0 0
  105.252617 160.0 0
  105.303856 68.0 0
  105.375298 176.0 0
  105.384056 148.0 0
  105.4011 248.0 0
  105.49780299999999 84.0 0
  105.50807999999999 40.0 0
  105.535446 132.0 0
  105.754341 156.0 0
  105.87898999999999 116.0 0
  105.915337 136.504303 0
  105.960144 104.0 0
  105.996414 144.0 0
  106.037071 12288.0 3
  106.06559 464.0 0
  106.074356 524.0 0
  106.106567 44.0 0
  106.11058799999999 19.890739 0
  106.141663 132.0 0
  106.159157 160.0 0
  106.198112 48.0 0
  106.31753499999999 136.0 0
  106.494362 108.0 0
  106.514214 304.0 0
  106.533203 60.0 0
  106.561668 164.0 0
  106.58545699999999 176.0 0
  106.61072499999999 164.0 0
  106.697716 164.0 0
  106.755241 116.0 0
  106.78523999999999 34.98354 0
  106.865433 68.0 0
  106.91216999999999 160.0 0
  106.953606 172.0 0
  107.050354 192.0 0
  107.06212599999999 160.0 0
  107.080963 15.45268 0
  107.123734 48.0 0
  107.130226 152.0 0
  107.14937599999999 144.0 0
  107.23934899999999 3.142241 0
  107.263313 148.0 0
  107.334229 13.06667 0
  107.44865399999999 120.0 0
  107.462341 136.0 0
  107.48937199999999 176.0 0
  107.49962599999999 136.0 0
  107.537323 220.0 0
  107.55615999999999 88.0 0
  107.563026 196.0 0
  107.636063 80.0 0
  107.76476299999999 184.0 0
  107.83854699999999 148.0 0
  107.88436899999999 192.0 0
  107.92895499999999 140.0 0
  107.945229 196.0 0
  107.96472899999999 188.0 0
  108.044373 15136.0 4
  108.05292499999999 148.0 0
  108.076805 152.0 0
  108.08161199999999 1955.593994 0
  108.09375 152.0 0
  108.096322 188.0 0
  108.252876 140.0 0
  108.28002199999999 244.0 0
  108.401573 156.0 0
  108.46874199999999 144.0 0
  108.500412 120.0 0
  108.529343 136.0 0
  108.616806 160.0 0
  108.663292 172.0 0
  108.706818 148.0 0
  108.78199 152.0 0
  108.88594099999999 160.0 0
  109.00531 276.0 0
  109.064369 484.0 0
  109.069611 180.0 0
  109.076561 7.180147 0
  109.122604 160.0 0
  109.13780999999999 132.0 0
  109.254143 88.0 0
  109.351265 39.488701 0
  109.546089 164.0 0
  109.781708 76.0 0
  109.834778 144.0 0
  109.849525 64.0 0
  109.87232999999999 136.0 0
  109.877144 172.0 0
  109.90781399999999 132.0 0
  110.00128199999999 136.0 0
  110.03778799999999 212.0 0
  110.073387 200.0 0
  110.076408 120.0 0
  110.089821 192.0 0
  110.102745 168.0 0
  110.154282 172.0 0
  110.18410499999999 224.0 0
  110.26048999999999 10.49228 0
  110.31057 48.0 0
  110.31324 216.0 0
  110.55786099999999 228.0 0
  110.694092 152.0 0
  110.78015099999999 136.0 0
  110.78766599999999 36.0 0
  110.921478 144.0 0
  110.931511 160.0 0
  111.006744 284.0 0
  111.062271 148.0 0
  111.066536 172.0 0
  111.07753899999999 120.0 0
  111.098541 1216.0 0
  111.11756899999999 240.0 0
  111.15553299999999 164.0 0
  111.17427099999999 116.0 0
  111.41731999999999 212.0 0
  111.474915 104.0 0
  111.47881299999999 208.0 0
  111.58779899999999 164.0 0
  111.69171899999999 212.0 0
  111.765587 200.0 0
  111.87487 136.0 0
  111.906853 140.0 0
  111.979073 196.0 0
  112.00297499999999 22.45455 0
  112.01029199999999 180.0 0
  112.072426 80.0 0
  112.097359 160.0 0
  112.25309 4.026471 0
  112.25585199999999 52.0 0
  112.28607199999999 56.0 0
  112.455109 100.0 0
  112.528076 188.0 0
  112.885368 100.0 0
  112.96620899999999 220.0 0
  112.969788 160.0 0
  112.978315 224.0 0
  113.01973 132.0 0
  113.02808399999999 192.0 0
  113.03443899999999 152.0 0
  113.03714799999999 464.0 0
  113.08622 316.0 0
  113.20700099999999 148.0 0
  113.267738 188.0 0
  113.373955 180.0 0
  113.59017899999999 132.0 0
  113.613022 152.0 0
  113.75634 196.0 0
  113.770195 208.0 0
  113.787735 100.0 0
  113.82818599999999 144.0 0
  113.891617 88.0 0
  113.935295 72.0 0
  114.02797699999999 144.0 0
  114.04047399999999 220.0 0
  114.219673 156.0 0
  114.222855 164.0 0
  114.32013699999999 12.5 0
  114.393723 132.0 0
  114.43938399999999 148.0 0
  114.64366899999999 160.0 0
  114.795341 128.0 0
  114.87986799999999 156.0 0
  114.96992499999999 36.099998 0
  115.003029 260.0 0
  115.05019399999999 176.0 0
  115.05283399999999 91.171387 0
  115.11076399999999 220.0 0
  115.159729 180.0 0
  115.22928599999999 156.0 0
  115.25450099999999 108.0 0
  115.444046 4.458333 0
  115.46851299999999 192.0 0
  115.536514 152.0 0
  115.54158 40.0 0
  115.54808799999999 216.0 0
  115.604675 132.0 0
  115.65493 44.0 0
  115.859489 160.0 0
  115.99709299999999 41.450699 0
  116.062202 192.0 0
  116.07043499999999 88.0 0
  116.106827 156.0 0
  116.258179 120.0 0
  116.284859 160.0 0
  116.2901 164.0 0
  116.48760999999999 124.0 0
  116.60380599999999 220.0 0
  116.787926 228.0 0
  116.842834 176.0 0
  116.90712699999999 180.0 0
  117.07067099999999 392.0 0
  117.084503 144.0 0
  117.13841199999999 180.0 0
  117.174942 216.0 0
  117.192574 28.81702 0
  117.307617 19.69068 0
  117.369789 4.973485 0
  117.37943999999999 52.205299 0
  117.637863 156.0 0
  117.72649399999999 156.0 0
  117.773979 104.0 0
  117.850426 136.0 0
  117.87442 196.0 0
  117.882042 112.0 0
  117.93665299999999 200.0 0
  117.940117 160.0 0
  118.003525 184.0 0
  118.02754999999999 336.0 0
  118.036728 3769.0 1
  118.041817 1552.0 0
  118.06871799999999 344.0 0
  118.07710999999999 168.0 0
  118.09183499999999 172.0 0
  118.126678 180.0 0
  118.138016 148.0 0
  118.16291 88.0 0
  118.270027 164.0 0
  118.321884 164.0 0
  118.34958599999999 192.0 0
  118.475449 204.0 0
  118.646751 176.0 0
  118.682007 216.0 0
  118.75825499999999 248.0 0
  118.93339499999999 104.0 0
  119.04946899999999 216.0 0
  119.061302 2100.0 0
  119.07545499999999 184.0 0
  119.077568 164.0 0
  119.079887 104.0 0
  119.085304 1658.47998 0
  119.13190499999999 140.0 0
  119.135139 40.0 0
  119.219856 164.0 0
  119.225624 220.0 0
  119.339142 144.0 0
  119.386116 156.0 0
  119.448708 184.0 0
  119.46346299999999 13.31229 0
  119.50222799999999 40.0 0
  119.573128 72.0 0
  119.635414 64.0 0
  119.64357799999999 156.0 0
  119.68437999999999 208.0 0
  119.742874 44.0 0
  119.90119899999999 156.0 0
  120.041344 140.0 0
  120.113968 196.0 0
  120.195847 36.0 0
  120.284233 188.0 0
  120.29611999999999 168.0 0
  120.518761 236.0 0
  120.64630899999999 40.0 0
  120.649902 1.171875 0
  120.67240899999999 132.0 0
  120.683853 212.0 0
  120.837578 112.0 0
  120.903137 112.0 0
  120.92781799999999 152.0 0
  120.933594 144.0 0
  120.936859 120.0 0
  120.98326899999999 180.0 0
  121.02784 128.0 0
  121.03042599999999 532.0 0
  121.06167599999999 304.0 0
  121.06417099999999 304.0 0
  121.07105299999999 232.0 0
  121.100563 360.0 0
  121.37518299999999 18.001671 0
  121.396492 28.0 0
  121.545662 22.225 0
  121.63999899999999 60.0 0
  121.645119 164.0 0
  121.657776 172.0 0
  121.74790999999999 136.0 0
  121.77555799999999 200.0 0
  121.791489 156.0 0
  121.80193299999999 196.0 0
  121.923744 148.0 0
  122.02259799999999 1024.0 0
  122.18115999999999 132.0 0
  122.32682 15.88982 0
  122.33872199999999 184.0 0
  122.41227099999999 160.0 0
  122.43341799999999 188.0 0
  122.594597 168.0 0
  122.62211599999999 64.0 0
  122.847687 96.0 0
  122.91323899999999 200.0 0
  123.02602399999999 2656.0 1
  123.028679 176.0 0
  123.031464 200.0 0
  123.042587 672.0 0
  123.145905 228.0 0
  123.194397 100.0 0
  123.309517 112.0 0
  123.31633799999999 260.0 0
  123.54186999999999 9.177631 0
  123.62136799999999 172.0 0
  123.62413799999999 212.0 0
  123.633789 168.0 0
  123.715851 92.0 0
  123.88546799999999 184.0 0
  123.889336 52.0 0
  123.93571499999999 140.0 0
  124.03261599999999 10.18074 0
  124.05710599999999 60.0 0
  124.111313 2332.0 1
  124.17854299999999 180.0 0
  124.27675599999999 208.0 0
  124.30738099999999 156.0 0
  124.311966 172.0 0
  124.331116 204.0 0
  124.81324799999999 64.0 0
  124.860565 236.0 0
  124.92083 124.0 0
  125.020485 436.0 0
  125.093674 244.0 0
  125.17783399999999 40.0 0
  125.41034699999999 232.0 0
  125.434311 164.0 0
  125.51516 228.0 0
  125.565811 132.0 0
  125.767662 160.0 0
  125.791962 144.0 0
  125.798813 5.632143 0
  126.044754 84.0 0
  126.050011 172.0 0
  126.053902 124.0 0
  126.12915 124.0 0
  126.19129199999999 56.0 0
  126.284729 236.0 0
  126.305038 244.0 0
  126.430779 136.0 0
  126.46612499999999 224.0 0
  126.546844 148.0 0
  126.562851 208.0 0
  126.60627 164.0 0
  126.841141 172.0 0
  126.907951 104.0 0
  126.916992 172.0 0
  126.941109 52.0 0
  126.96479 96.0 0
  127.01798199999999 53.064289 0
  127.06324 160.0 0
  127.08519 2216.0 1
  127.158104 216.0 0
  127.163719 180.0 0
  127.26502199999999 200.0 0
  127.28869599999999 8.380815 0
  127.357452 148.0 0
  127.500412 180.0 0
  127.539299 204.0 0
  127.708855 156.0 0
  128.017838 156.0 0
  128.054947 188.0 0
  128.060562 148.0 0
  128.136414 124.0 0
  128.383682 152.0 0
  128.407852 256.0 0
  128.72113 236.0 0
  128.788818 172.0 0
  128.899826 180.0 0
  128.906708 216.0 0
  128.93280000000001 120.0 0
  129.020599 200.0 0
  129.06582600000002 248.0 0
  129.070724 416.369202 0
  129.09033200000002 208.0 0
  129.127106 160.0 0
  129.139084 43.765209 0
  129.180954 51.099461 0
  129.228577 176.0 0
  129.345413 9.705309 0
  129.431396 132.0 0
  129.517471 15.70513 0
  129.58287 176.0 0
  129.605591 236.0 0
  129.678101 1.502315 0
  129.83839400000002 92.0 0
  129.887222 12.04167 0
  129.91377300000002 156.0 0
  130.00499000000002 216.0 0
  130.045761 100.0 0
  130.065704 2560.0 1
  130.088516 408.0 0
  130.34726 48.0 0
  130.460663 44.26313 0
  130.48327600000002 188.0 0
  130.502884 152.0 0
  130.600769 176.0 0
  130.6819 84.0 0
  130.74833700000002 120.0 0
  130.89686600000002 160.0 0
  130.989166 128.0 0
  131.0327 148.0 0
  131.04632600000002 180.0 0
  131.04921000000002 4293.0 1
  131.054947 176.0 0
  131.072937 360.0 0
  131.08569300000002 180.0 0
  131.113449 152.0 0
  131.227731 144.0 0
  131.263641 412.0 0
  131.372131 132.0 0
  131.434525 68.0 0
  131.448013 716.0 0
  131.54345700000002 32.0 0
  131.833771 120.0 0
  131.842026 104.0 0
  132.024261 140.0 0
  132.043381 144.0 0
  132.055573 3900.0 1
  132.062195 124.0 0
  132.07933 492.0 0
  132.114319 220.0 0
  132.140625 144.0 0
  132.187592 56.0 0
  132.307938 140.0 0
  132.371658 21.680161 0
  132.375336 9.428572 0
  132.390991 164.0 0
  132.472488 180.0 0
  132.479004 244.0 0
  132.545456 0.637091 0
  132.556152 168.0 0
  132.680634 120.0 0
  132.830429 72.0 0
  132.87532000000002 196.0 0
  132.90441900000002 172.0 0
  133.02375800000002 193.0 0
  133.03276100000002 172.0 0
  133.061279 6870.0 2
  133.099655 380.0 0
  133.102066 984.0 0
  133.10818500000002 18.03709 0
  133.145081 248.0 0
  133.34909100000002 236.0 0
  133.412094 1.55607 0
  133.458527 48.0 0
  133.465408 88.0 0
  133.560638 124.0 0
  133.621811 148.0 0
  133.63826 232.0 0
  133.823624 340.0 0
  133.871475 144.0 0
  133.953857 104.0 0
  134.035141 164.0 0
  134.089844 128.0 0
  134.18377700000002 44.0 0
  134.561157 28.0 0
  134.61093100000002 60.0 0
  134.725784 132.0 0
  134.834351 212.0 0
  134.938171 156.0 0
  134.948563 128.0 0
  134.962952 196.0 0
  134.985916 168.0 0
  135.006775 598.0 0
  135.013138 176.0 0
  135.03053300000002 192.0 0
  135.040466 2954.0 1
  135.04487600000002 333.0 0
  135.075119 132.0 0
  135.077789 204.0 0
  135.08165 376.0 0
  135.099548 160.0 0
  135.12459700000002 160.0 0
  135.134262 40.0 0
  135.201065 60.0 0
  135.296219 88.0 0
  135.357101 136.0 0
  135.502823 132.0 0
  135.51727300000002 188.0 0
  135.557953 84.0 0
  135.681793 188.0 0
  135.687637 112.0 0
  135.87629700000002 60.0 0
  135.98407 220.0 0
  135.987976 200.0 0
  136.032028 37.222832 0
  136.052841 248.0 0
  136.15193200000002 28.0 0
  136.29547100000002 188.0 0
  136.639038 10.03653 0
  136.685089 56.0 0
  136.77562 84.0 0
  137.00714100000002 168.0 0
  137.013977 172.0 0
  137.06019600000002 1680.0 0
  137.09187300000002 6.054487 0
  137.098373 300.0 0
  137.11412 144.0 0
  137.343002 172.0 0
  137.463593 76.0 0
  137.613968 96.0 0
  137.63879400000002 52.0 0
  137.95648200000002 148.0 0
  137.991882 144.0 0
  138.005356 144.0 0
  138.064697 168.0 0
  138.164139 9.710784 0
  138.458328 148.0 0
  138.46871900000002 156.0 0
  138.804169 164.0 0
  138.99336200000002 104.0 0
  139.009476 124.0 0
  139.040482 68.0 0
  139.12252800000002 724.0 0
  139.174011 120.0 0
  139.238144 120.0 0
  139.27034 68.0 0
  139.394608 172.0 0
  139.438599 140.0 0
  139.530167 140.0 0
  139.748138 192.0 0
  139.988968 593.119324 0
  140.03476 140.0 0
  140.060867 168.0 0
  140.104691 956.0 0
  140.197327 144.0 0
  140.25151100000002 160.0 0
  140.293335 60.0 0
  140.369507 160.0 0
  140.443817 224.0 0
  140.86247300000002 36.0 0
  140.936798 184.0 0
  140.950943 100.0 0
  140.97683700000002 144.0 0
  140.99757400000001 156.0 0
  141.04478500000002 296.0 0
  141.071152 136.0 0
  141.142853 76.0 0
  141.259003 33.25568 0
  141.34797700000001 228.0 0
  141.361679 144.0 0
  141.450974 23.19808 0
  141.484787 220.0 0
  141.54217500000001 164.0 0
  141.547485 128.0 0
  141.59779400000002 180.0 0
  141.699463 144.0 0
  141.70692400000001 7.688889 0
  141.724152 164.0 0
  141.98114 188.0 0
  142.004715 352.0 0
  142.074951 38.67712 0
  142.13261400000002 212.0 0
  142.27499400000002 176.0 0
  142.411652 224.0 0
  142.41864 148.0 0
  142.61235000000002 180.0 0
  142.63012700000002 208.0 0
  142.774475 40.0 0
  142.83342000000002 196.0 0
  142.882812 152.0 0
  142.955521 160.0 0
  142.97061200000002 120.0 0
  143.0 46.026413 0
  143.0522 160.0 0
  143.055313 92.0 0
  143.062973 52.0 0
  143.07089200000001 61.71978 0
  143.085709 20.316179 0
  143.157578 72.0 0
  143.189438 31.023109 0
  143.393311 6.840517 0
  143.480377 140.0 0
  143.49229400000002 32.0 0
  143.65358 144.0 0
  143.90609700000002 136.0 0
  143.975052 220.0 0
  144.042999 360.0 0
  144.05723600000002 388.0 0
  144.087296 92.0 0
  144.09333800000002 200.0 0
  144.34845 268.0 0
  144.468491 96.0 0
  144.52061500000002 112.0 0
  144.687622 136.0 0
  144.889023 168.0 0
  145.02345300000002 56.0 0
  145.02650500000001 156.0 0
  145.046097 1824.0 0
  145.06044 192.0 0
  145.06457500000002 3368.0 1
  145.27446 80.0 0
  145.642365 260.0 0
  145.646667 100.0 0
  145.79097000000002 180.0 0
  145.822937 144.0 0
  145.838547 168.0 0
  145.88909900000002 248.0 0
  146.122635 136.0 0
  146.172989 100.0 0
  146.251587 188.0 0
  146.256393 136.0 0
  146.268066 88.0 0
  146.293121 224.0 0
  146.341156 160.0 0
  146.41301 176.0 0
  146.46864300000001 172.0 0
  146.59914500000002 188.0 0
  146.985611 140.0 0
  147.04156500000002 107.333298 0
  147.04422 51.67244 0
  147.06955000000002 216.0 0
  147.121033 160.0 0
  147.16037 56.0 0
  147.206253 68.0 0
  147.216339 52.0 0
  147.232422 248.0 0
  147.25181600000002 152.815903 0
  147.27117900000002 100.0 0
  147.322266 36.0 0
  147.464188 172.0 0
  147.52198800000002 80.0 0
  147.593521 76.0 0
  147.68652300000002 124.0 0
  147.726685 108.0 0
  147.74130200000002 176.0 0
  147.743729 116.0 0
  147.77761800000002 196.0 0
  147.960968 120.0 0
  147.98516800000002 164.0 0
  148.04483000000002 14216.0 3
  148.050949 2472.0 1
  148.057571 148.0 0
  148.061722 208.0 0
  148.072067 112.0 0
  148.08496100000002 352.0 0
  148.165939 48.0 0
  148.468475 144.0 0
  148.580566 64.0 0
  148.633926 72.0 0
  148.666412 64.0 0
  148.669113 7.757576 0
  148.688568 128.0 0
  148.75207500000002 32.0 0
  148.75889600000002 64.0 0
  148.810547 76.0 0
  149.00235 48.0 0
  149.022324 3804.0 1
  149.05543500000002 1456.0 0
  149.05867 1176.0 0
  149.0728 576.0 0
  149.082413 140.0 0
  149.12468 184.0 0
  149.206512 36.0 0
  149.221573 136.0 0
  149.365295 84.0 0
  149.41635100000002 200.0 0
  149.879669 180.0 0
  149.88826 192.0 0
  149.89961200000002 140.0 0
  150.04830900000002 336.0 0
  150.055618 148.0 0
  150.109741 156.0 0
  150.277283 112.0 0
  150.333023 84.0 0
  150.430801 140.0 0
  150.646591 120.0 0
  150.772018 176.0 0
  150.786606 228.0 0
  150.824905 108.0 0
  150.85278300000002 128.0 0
  150.955322 200.0 0
  150.980774 136.0 0
  150.99426300000002 144.0 0
  151.006744 394.066589 0
  151.06213400000001 548.0 0
  151.099289 120.0 0
  151.21249400000002 120.0 0
  151.42172200000002 132.0 0
  151.723236 160.0 0
  151.741272 120.0 0
  151.765106 1333.0 0
  151.853622 144.0 0
  151.976044 96.0 0
  151.990509 8.186728 0
  151.99826000000002 228.0 0
  152.01448100000002 1696.0 0
  152.037781 204.0 0
  152.054001 176.0 0
  152.057785 1190.0 0
  152.087524 392.0 0
  152.09710700000002 208.0 0
  152.246689 160.0 0
  152.335297 112.0 0
  152.38304100000002 116.0 0
  152.475052 12.4915 0
  152.813782 28.0 0
  152.86294600000002 80.0 0
  152.86599700000002 5658.0 1
  152.945404 55.347729 0
  152.964096 80.0 0
  153.018524 1064.0 0
  153.065292 168.0 0
  153.10531600000002 148.0 0
  153.175598 172.0 0
  153.323792 168.0 0
  153.378418 312.0 0
  153.427521 176.0 0
  153.643372 204.0 0
  153.81904600000001 172.0 0
  153.877213 68.0 0
  153.98597700000002 180.0 0
  154.06007400000001 68.0 0
  154.15522800000002 120.0 0
  154.2173 6.204246 0
  154.389816 160.0 0
  154.564133 132.0 0
  154.925613 108.0 0
  154.988235 140.0 0
  155.04425 184.0 0
  155.055252 112.0 0
  155.083817 656.0 0
  155.08595300000002 152.0 0
  155.088043 220.0 0
  155.090088 164.0 0
  155.35261500000001 144.0 0
  155.562738 216.0 0
  155.617447 148.0 0
  155.811722 3.490385 0
  155.823654 20.101789 0
  155.907791 80.0 0
  156.000946 220.0 0
  156.066086 144.0 0
  156.081131 212.0 0
  156.092743 1252.0 0
  156.13038600000002 52.0 0
  156.15657000000002 188.0 0
  156.33505200000002 176.0 0
  156.338898 136.0 0
  156.62522900000002 49.889709 0
  157.01507600000002 14.40789 0
  157.03862 148.0 0
  157.065155 2548.0 1
  157.08436600000002 156.0 0
  157.223129 148.0 0
  157.35728500000002 112.0 0
  157.586411 128.0 0
  157.864426 164.0 0
  157.880798 272.0 0
  157.91133100000002 68.0 0
  157.930969 108.0 0
  158.028122 204.0 0
  158.075897 232.0 0
  158.083862 196.0 0
  158.107666 228.0 0
  158.123444 324.0 0
  158.189545 44.0 0
  158.29177900000002 184.0 0
  158.324326 136.0 0
  158.392838 152.0 0
  158.46017500000002 196.0 0
  158.538742 140.0 0
  158.55342100000001 11.11725 0
  158.61114500000002 116.0 0
  158.87544300000002 140.0 0
  158.921982 96.0 0
  159.062607 54214.0 13
  159.067612 1205.0 0
  159.07930000000002 41.111019 0
  159.12432900000002 188.0 0
  159.31871 48.0 0
  159.34672500000002 136.0 0
  159.452179 96.0 0
  159.678085 11.01235 0
  159.93725600000002 220.0 0
  159.956329 180.0 0
  159.97699 76.0 0
  160.031799 176.0 0
  160.04435700000002 1482.0 0
  160.05732700000002 15.001298 0
  160.16630600000002 120.0 0
  160.22442600000002 136.0 0
  160.233383 172.0 0
  160.248322 132.0 0
  160.419083 168.0 0
  160.554153 104.0 0
  160.597946 140.0 0
  160.687439 204.0 0
  160.78978 184.0 0
  161.05246 228.0 0
  161.07934600000002 1504.0 0
  161.098282 804.0 0
  161.204971 60.0 0
  161.314255 96.0 0
  161.361694 48.0 0
  161.445099 88.0 0
  161.471878 4.017857 0
  161.47584500000002 144.0 0
  161.58921800000002 148.0 0
  161.735428 232.0 0
  162.10449200000002 136.0 0
  162.12114 172.0 0
  162.127655 72.0 0
  162.202393 276.0 0
  162.242264 372.0 0
  162.348328 144.0 0
  162.50444000000002 96.0 0
  162.51770000000002 140.0 0
  162.601974 44.0 0
  162.73053000000002 80.0 0
  162.789139 148.0 0
  162.88780200000002 196.0 0
  162.96000700000002 160.0 0
  162.970154 380.0 0
  163.023956 261.0 0
  163.034988 22834.0 5
  163.03717 136.0 0
  163.041885 299.0 0
  163.059006 383.0 0
  163.07359300000002 31.40736 0
  163.082703 184.0 0
  163.124054 192.0 0
  163.160248 148.0 0
  163.334518 22.821779 0
  163.544556 64.0 0
  163.548111 28.0 0
  163.56488000000002 18.869459 0
  163.741135 144.0 0
  164.038788 468.0 0
  164.110306 500.0 0
  164.11344300000002 180.0 0
  164.155869 148.0 0
  164.179886 192.0 0
  164.24156200000002 132.0 0
  164.30633500000002 100.0 0
  164.358383 160.0 0
  164.43718 220.0 0
  164.561432 148.0 0
  164.615036 76.0 0
  164.971542 64.0 0
  164.98848 136.0 0
  165.039993 458513.0 107
  165.12284200000002 148.0 0
  165.63192700000002 160.0 0
  165.753159 60.0 0
  165.852936 172.0 0
  166.027084 112.0 0
  166.05667100000002 128.0 0
  166.067337 172.0 0
  166.07698100000002 77860.0 18
  166.079971 156.0 0
  166.090515 164.0 0
  166.106705 156.0 0
  166.15375600000002 160.0 0
  166.48613 200.0 0
  166.55538900000002 184.0 0
  166.568771 88.0 0
  166.588547 72.0 0
  166.655334 240.0 0
  166.863266 100.0 0
  167.059402 428.0 0
  167.090912 0.500559 0
  167.159302 188.0 0
  167.165939 164.0 0
  167.18957500000002 120.0 0
  167.19494600000002 15.69207 0
  167.329849 92.0 0
  167.48053000000002 64.0 0
  167.58517500000002 156.0 0
  167.618805 112.0 0
  167.70398 76.0 0
  167.799561 132.0 0
  167.93457 140.0 0
  167.975067 3160.0 1
  167.981613 264.0 0
  168.080795 172.0 0
  168.136551 152.0 0
  168.279266 192.0 0
  168.29229700000002 216.0 0
  168.354767 72.0 0
  168.63067600000002 36.0 0
  169.05950900000002 144.0 0
  169.20993 56.0 0
  169.342941 60.0 0
  169.944824 72.0 0
  169.997284 132.0 0
  170.1147 156.0 0
  170.3134 100.0 0
  170.34483300000002 92.0 0
  170.453125 56.0 0
  170.62825 84.0 0
  170.839966 92.0 0
  170.96949800000002 168.0 0
  171.018997 10415.0 2
  171.027985 631.0 0
  171.05481 2676.0 1
  171.080994 892.0 0
  171.119821 1128.0 0
  171.23190300000002 140.0 0
  171.40158100000002 144.0 0
  171.410095 208.0 0
  171.482254 212.0 0
  171.590942 192.0 0
  171.760422 140.0 0
  171.93060300000002 196.0 0
  171.93869 428.0 0
  172.050598 180.0 0
  172.061081 172.0 0
  172.121872 1080.0 0
  172.17837500000002 120.0 0
  172.30323800000002 76.0 0
  172.519104 72.0 0
  172.62413 140.0 0
  172.728363 88.0 0
  172.86496 220.0 0
  172.93441800000002 32.0 0
  172.93742400000002 276.0 0
  172.949997 45935.0 11
  173.033936 48.0 0
  173.05526700000001 193.0 0
  173.059326 392.0 0
  173.087662 432.0 0
  173.39154100000002 11.00093 0
  173.397446 144.0 0
  173.52795400000002 112.0 0
  173.593842 112.0 0
  173.59715300000002 64.0 0
  173.850769 172.0 0
  174.06582600000002 132.0 0
  174.086136 75054.0 17
  174.09831200000002 29.793329 0
  174.157104 288.0 0
  174.168167 96.0 0
  174.372192 160.0 0
  174.556091 148.0 0
  174.773209 196.0 0
  174.836197 180.0 0
  174.931015 68.0 0
  175.07504300000002 8158.0 2
  175.118347 208.0 0
  175.12724300000002 220.0 0
  175.16407800000002 116.0 0
  175.28006000000002 68.0 0
  175.402023 196.0 0
  175.675552 216.0 0
  175.68022200000001 52.0 0
  175.718842 92.0 0
  175.886856 16.453329 0
  175.960617 30.670879 0
  175.990936 88.0 0
  176.040543 1853.0 0
  176.07835400000002 216.0 0
  176.18876600000002 80.0 0
  176.22653200000002 84.0 0
  176.29126000000002 116.0 0
  176.32191500000002 192.0 0
  176.32991 57.753471 0
  176.36149600000002 128.0 0
  176.59053 24.78162 0
  176.757599 192.0 0
  176.817139 108.0 0
  176.838333 256.0 0
  176.85067700000002 44.0 0
  176.967941 144.0 0
  176.97352600000002 80.0 0
  177.076004 116.0 0
  177.110107 104.0 0
  177.437317 204.0 0
  177.468048 72.0 0
  177.53718600000002 60.0 0
  177.802048 68.0 0
  177.838638 180.0 0
  177.910416 260.0 0
  177.927032 228.0 0
  177.985535 52.0 0
  178.188019 31.40427 0
  178.462097 48.0 0
  178.608734 64.0 0
  178.623672 124.0 0
  178.921555 140.0 0
  179.03131100000002 156.0 0
  179.06636 176.0 0
  179.07286100000002 154.393097 0
  179.07792700000002 128.0 0
  179.098221 24.334351 0
  179.28894 56.0 0
  179.35553000000002 40.0 0
  179.643295 232.0 0
  179.656677 116.0 0
  179.703079 140.0 0
  179.883408 220.0 0
  179.921753 320.0 0
  179.975967 148.0 0
  180.075974 560.0 0
  180.09063700000002 164.0 0
  180.101822 1032.0 0
  180.143509 116.0 0
  180.166336 188.0 0
  180.263641 120.0 0
  180.515137 152.0 0
  180.664703 200.0 0
  180.70433 108.0 0
  180.83003200000002 176.0 0
  180.96975700000002 172.0 0
  181.023376 568.0 0
  181.047235 1233.0 0
  181.05015600000002 316.0 0
  181.068405 300.0 0
  181.09852600000002 33.615059 0
  181.108994 260.0 0
  181.125695 164.0 0
  181.311981 88.0 0
  181.684311 192.0 0
  181.901947 156.0 0
  181.923843 164.0 0
  181.95503200000002 108.0 0
  182.060867 172.0 0
  182.077179 128.0 0
  182.09433 109.1838 0
  182.314224 140.0 0
  182.376923 160.0 0
  182.598984 196.0 0
  182.717743 164.0 0
  182.813141 84.0 0
  182.953934 160.0 0
  182.962341 36.0 0
  183.071472 152.0 0
  183.074203 3513.0 1
  183.077744 684.0 0
  183.079843 208.0 0
  183.088669 164.0 0
  183.103088 180.0 0
  183.114853 1072.0 0
  183.125168 132.0 0
  183.190887 156.0 0
  183.279221 152.0 0
  183.490021 164.0 0
  183.533142 129.627304 0
  183.682632 120.0 0
  183.939285 144.0 0
  183.95256 48.0 0
  183.96785 152.0 0
  184.00325 176.0 0
  184.011078 148.0 0
  184.051727 748.0 0
  184.06457500000002 148.0 0
  184.074265 884.0 0
  184.079102 156.0 0
  184.08148200000002 988.0 0
  184.111786 160.0 0
  184.127274 152.0 0
  184.153549 204.0 0
  184.16806 72.0 0
  184.172226 104.0 0
  184.28169300000002 76.0 0
  184.354095 92.0 0
  184.38424700000002 25.86479 0
  184.621094 136.0 0
  184.72688300000002 268.0 0
  184.88124100000002 144.0 0
  184.920486 112.0 0
  184.986938 40.0 0
  184.999908 200.0 0
  185.057724 470.0 0
  185.09466600000002 488.0 0
  185.105621 43.085091 0
  185.11586 978.522522 0
  185.122116 172.0 0
  185.157562 1608.0 0
  185.533005 132.0 0
  185.60411100000002 9.868333 0
  185.889069 112.0 0
  186.08471 172.0 0
  186.131058 224.0 0
  186.43441800000002 176.0 0
  186.63385 152.0 0
  187.044495 212.0 0
  187.07693500000002 156.0 0
  187.08075 148.0 0
  187.114517 728.0 0
  187.124252 172.0 0
  187.371307 3.115741 0
  187.374908 248.0 0
  187.601166 152.0 0
  187.66566500000002 9.198291 0
  187.76535 172.0 0
  187.76886000000002 204.0 0
  187.974533 180.0 0
  188.03772 48.5625 0
  188.06904600000001 140.0 0
  188.103906 140.0 0
  188.113159 150158.0 35
  188.206497 35.909088 0
  188.281677 140.0 0
  188.29629500000001 208.0 0
  188.33372500000002 196.0 0
  188.369812 204.0 0
  188.436676 224.0 0
  188.645721 136.0 0
  188.702393 188.0 0
  188.773743 140.0 0
  188.83058200000002 128.0 0
  188.956635 116.0 0
  188.984329 148.0 0
  189.016739 2600.0 1
  189.036987 976.0 0
  189.04963700000002 1497.0 0
  189.07818600000002 14280.0 3
  189.08905000000001 169.794693 0
  189.68507400000001 84.0 0
  189.76800500000002 188.0 0
  189.775528 96.0 0
  189.833023 88.0 0
  190.02626 44.0 0
  190.07754500000001 160.0 0
  190.225311 120.0 0
  190.84291100000002 48.0 0
  190.97169300000002 141.0 0
  191.036652 216.0 0
  191.05165100000002 336.0 0
  191.054565 212.0 0
  191.071854 1036.0 0
  191.083481 1664.0 0
  191.145584 208.0 0
  191.26190200000002 248.0 0
  191.43803400000002 212.0 0
  191.63909900000002 172.0 0
  192.043488 532.0 0
  192.060989 176.0 0
  192.174729 128.0 0
  192.233032 68.0 0
  192.60988700000001 172.0 0
  192.926193 10.00097 0
  192.950668 100.0 0
  193.090881 308.0 0
  193.09967 697.813782 0
  193.137054 92.0 0
  194.025482 188.0 0
  194.033432 168.0 0
  194.085495 140.0 0
  194.097641 744.0 0
  194.102417 200.0 0
  194.211624 80.0 0
  194.266678 216.0 0
  194.49498 22.04348 0
  194.497421 172.0 0
  194.531494 44.0 0
  194.747345 124.0 0
  194.975967 20.271669 0
  195.10299700000002 496.0 0
  195.116287 948.0 0
  195.129791 120.0 0
  195.15042100000002 168.0 0
  196.066742 168.0 0
  196.069992 112.0 0
  196.081635 228.0 0
  196.395248 72.0 0
  196.407059 80.0 0
  197.025864 148.0 0
  197.093826 96.0 0
  197.104187 19808.0 5
  197.226608 48.0 0
  197.23801500000002 140.0 0
  197.347397 212.0 0
  197.48017900000002 80.0 0
  197.521881 56.0 0
  197.61618 84.0 0
  197.767639 152.0 0
  198.067215 124.0 0
  198.105453 100.0 0
  198.137711 136.0 0
  198.40068100000002 96.0 0
  198.643967 120.0 0
  198.77565 148.0 0
  199.054886 156.0 0
  199.091858 17272.0 4
  199.187057 60.0 0
  199.23107900000002 80.0 0
  199.315018 172.0 0
  199.333344 2.61E-4 0
  199.714111 136.0 0
  199.834259 160.0 0
  200.051559 140.916595 0
  200.08183300000002 268.0 0
  200.085892 440.0 0
  200.090661 773.0 0
  200.10832200000002 148.0 0
  200.164795 232.0 0
  200.655045 124.0 0
  200.897491 60.0 0
  201.000046 204.0 0
  201.01045200000002 192.0 0
  201.04620400000002 132.0 0
  201.05659500000002 132.0 0
  201.070648 166.046204 0
  201.087014 116.0 0
  201.09501600000002 220.0 0
  201.129547 40.361698 0
  201.198837 220.0 0
  201.262222 60.0 0
  201.28938300000002 48.0 0
  201.32603500000002 160.0 0
  201.42150900000001 60.0 0
  201.595749 152.0 0
  201.738754 13.11204 0
  201.790695 72.0 0
  201.909775 188.0 0
  201.926041 3.342592 0
  202.02977 176.0 0
  202.071411 232.0 0
  202.074432 144.0 0
  202.092712 29596.0 7
  202.108154 1088.505005 0
  202.410873 188.0 0
  202.491058 60.0 0
  202.584473 172.0 0
  202.70292700000002 208.0 0
  203.06573500000002 306.0 0
  203.067856 320.0 0
  203.07208300000002 128.0 0
  203.136841 180.0 0
  203.181824 2.482662 0
  203.19146700000002 172.0 0
  203.296875 108.0 0
  203.390701 80.0 0
  203.417801 116.0 0
  203.740555 84.0 0
  203.905518 72.0 0
  203.923401 176.0 0
  204.020157 848.0 0
  204.041931 1804.0 0
  204.06199600000002 34.028992 0
  204.07215200000002 1707.0 0
  204.143112 140.0 0
  204.177628 52.0 0
  204.191971 68.0 0
  204.24774200000002 19.555611 0
  204.84011800000002 38.339291 0
  205.035675 2093.0 0
  205.04426600000002 3120.0 1
  205.087524 288.0 0
  205.129288 176.0 0
  205.362427 160.0 0
  205.39746100000002 116.0 0
  205.646271 76.0 0
  205.944839 184.0 0
  205.984528 336.0 0
  206.047684 200.0 0
  206.079522 164.0 0
  206.08157300000002 144.0 0
  206.08847 140.0 0
  206.13089000000002 44.0 0
  206.17790200000002 64.0 0
  206.517822 164.0 0
  206.744934 8.49359 0
  207.068237 3640.0 1
  207.081818 148.0 0
  207.086243 264.0 0
  207.089203 144.0 0
  207.11441000000002 76.0 0
  207.493652 120.0 0
  207.629105 96.0 0
  207.91604600000002 36.0 0
  208.02804600000002 780.0 0
  208.055969 12253.0 3
  208.05860900000002 256.0 0
  208.072397 182.0 0
  208.46759 240.0 0
  208.594086 160.0 0
  208.70721400000002 204.0 0
  208.776825 116.0 0
  208.92274500000002 23.694441 0
  208.986221 136.0 0
  209.017502 172.0 0
  209.028595 588.0 0
  209.09423800000002 114.855499 0
  209.132202 296.0 0
  209.256851 168.0 0
  209.494629 152.0 0
  209.527634 100.0 0
  209.71788 48.0 0
  209.75379900000001 64.0 0
  210.058838 354.0 0
  210.06485 88.0 0
  210.22747800000002 56.0 0
  210.236115 168.0 0
  210.44674700000002 192.0 0
  210.75671400000002 68.0 0
  211.04547100000002 12292.0 3
  211.078751 44.0 0
  211.109552 240.0 0
  211.123535 9788.0 2
  211.13960300000002 164.0 0
  211.166168 180.0 0
  211.582535 128.0 0
  211.71301300000002 192.0 0
  211.816833 148.0 0
  212.00108300000002 232.0 0
  212.333084 196.0 0
  212.346451 72.0 0
  212.40519700000002 10.01552 0
  212.99383500000002 164.0 0
  213.032028 1395.481812 0
  213.046829 211.710907 0
  213.11676 216.0 0
  213.127792 1852.0 0
  213.13458300000002 156.0 0
  213.232834 112.0 0
  213.236176 92.0 0
  213.50456200000002 180.0 0
  213.518372 164.0 0
  213.622971 164.0 0
  213.802231 14.77057 0
  213.89115900000002 140.0 0
  213.932098 248.0 0
  213.996231 232.0 0
  214.049927 184.0 0
  214.08848600000002 684.0 0
  214.445511 192.0 0
  215.03079200000002 220.0 0
  215.04774500000002 304.0 0
  215.059265 13641.0 3
  215.06727600000002 124.0 0
  215.069763 2852.0 1
  215.544067 8.912499 0
  216.077988 220.0 0
  216.108109 812.0 0
  216.111526 200.0 0
  216.153229 200.0 0
  216.17291300000002 148.0 0
  216.18597400000002 70.32338 0
  216.293472 64.0 0
  216.344055 148.0 0
  216.70768700000002 108.0 0
  217.044495 160.0 0
  217.049774 1192.0 0
  217.05304 164.0 0
  217.084717 128.0 0
  217.103973 172.0 0
  217.139618 100.0 0
  217.160889 352.0 0
  217.446594 80.0 0
  218.08200000000002 1.0 0
  218.092758 36.223209 0
  218.114807 312.0 0
  218.12449600000002 1473.0 0
  218.22442600000002 7.668561 0
  218.37664800000002 92.0 0
  218.69281 72.0 0
  218.83822600000002 164.0 0
  218.967847 151.0 0
  219.040695 148.0 0
  219.575974 120.0 0
  219.66261300000002 112.0 0
  220.03500400000001 491610.0 114
  220.05439800000002 5015.0 1
  220.097916 200.0 0
  220.165246 184.0 0
  220.759338 60.0 0
  220.93798800000002 148.0 0
  220.970551 148.0 0
  221.001358 172.0 0
  221.098282 144.689804 0
  221.101776 108.0 0
  221.138474 48.0 0
  221.31071500000002 40.0 0
  221.565613 88.0 0
  221.615494 100.0 0
  221.634445 176.0 0
  221.64312700000002 168.0 0
  221.98675500000002 116.0 0
  221.994614 416.0 0
  222.11024500000002 660.0 0
  222.114166 224.0 0
  222.178253 180.0 0
  222.60723900000002 116.0 0
  223.04641700000002 132.0 0
  223.074341 184.0 0
  223.078644 136.0 0
  223.154007 496.0 0
  223.446564 128.0 0
  224.058151 304.0 0
  224.09251400000002 176.0 0
  224.14115900000002 444.0 0
  224.199051 176.0 0
  224.44502300000002 52.0 0
  224.454544 197.203476 0
  224.551346 136.0 0
  224.799362 40.0 0
  224.83316000000002 168.0 0
  224.836227 160.0 0
  224.86651600000002 96.0 0
  224.953506 132.0 0
  224.964706 80.0 0
  225.053894 352.0 0
  225.09678 232.0 0
  225.129196 289.888885 0
  225.20314000000002 112.0 0
  225.506165 48.0 0
  225.54444900000001 268.0 0
  225.817032 100.0 0
  226.108887 1386.0 0
  226.161209 140.0 0
  226.32946800000002 120.0 0
  226.9189 32.0 0
  227.020645 144.0 0
  227.052933 208.0 0
  227.074371 548.0 0
  227.100342 24.179029 0
  227.10423300000002 460.0 0
  227.11557000000002 128.0 0
  227.141769 528.0 0
  227.163269 120.0 0
  227.31590300000002 80.0 0
  227.431046 216.0 0
  227.61935400000002 92.0 0
  227.736008 116.0 0
  227.79663100000002 160.0 0
  227.90614300000001 45.81926 0
  228.109955 128.0 0
  228.112534 228.0 0
  228.611816 148.0 0
  228.64653 8.265625 0
  228.683502 316.0 0
  228.801804 120.0 0
  229.023483 92.0 0
  229.081543 184.0 0
  229.086868 152.0 0
  229.42816200000001 100.0 0
  229.587662 60.0 0
  229.720322 48.0 0
  229.75434900000002 140.0 0
  229.947876 188.0 0
  230.135025 224.0 0
  230.405426 212.0 0
  230.579117 156.0 0
  230.82457000000002 68.0 0
  230.881012 6.673611 0
  231.001358 40.0 0
  231.011612 176.0 0
  231.019394 816.0 0
  231.05020100000002 9.228125 0
  231.052933 846711.0 197
  231.058228 168.0 0
  231.060577 15696.0 4
  231.103821 65.096733 0
  231.29567 144.0 0
  231.343964 124.0 0
  231.464737 180.0 0
  231.983307 140.0 0
  232.11471600000002 133.068893 0
  232.189377 128.0 0
  232.53779600000001 6.837323 0
  232.58886700000002 60.0 0
  232.824219 184.0 0
  233.01800500000002 13854.0 3
  233.048615 176.0 0
  233.086792 160.0 0
  233.097961 252.0 0
  233.16304 280.0 0
  233.19618200000002 128.0 0
  233.22837800000002 72.0 0
  233.34732100000002 56.0 0
  233.464752 128.0 0
  233.522919 40.0 0
  233.54924 144.0 0
  233.857864 112.0 0
  233.909195 176.0 0
  234.038666 156.0 0
  234.085159 272.0 0
  234.08943200000002 188.0 0
  234.12037700000002 1064.0 0
  234.28020600000002 698.0 0
  234.32045000000002 140.0 0
  234.46521 100.0 0
  234.610703 264.0 0
  234.731201 176.0 0
  234.82955900000002 156.0 0
  234.92131 64.0 0
  234.99971000000002 184.0 0
  235.033386 148.0 0
  235.09788500000002 156.0 0
  235.301605 100.0 0
  235.434906 184.0 0
  235.471634 20.644039 0
  235.68386800000002 176.0 0
  236.081131 932.0 0
  236.112885 184.0 0
  236.43536400000002 80.0 0
  236.626282 88.0 0
  236.706116 44.0 0
  236.73803700000002 80.0 0
  236.816391 160.0 0
  237.08694500000001 184.0 0
  237.161865 160.0 0
  237.34075900000002 80.0 0
  237.386765 200.0 0
  237.627213 152.0 0
  237.65519700000002 7.523551 0
  237.940613 140.0 0
  238.024246 44.0 0
  238.097748 320.0 0
  238.110916 148.0 0
  238.270554 52.0 0
  238.485916 168.0 0
  238.866241 104.0 0
  238.873322 136.0 0
  238.98799100000002 108.0 0
  239.069656 184.0 0
  239.223129 148.0 0
  239.237762 48.0 0
  239.454269 152.0 0
  239.514114 13.78125 0
  239.777115 228.0 0
  239.793091 6.507246 0
  239.87114 212.0 0
  240.061981 156.0 0
  240.58078 80.0 0
  240.76026900000002 172.0 0
  240.798935 164.0 0
  241.122635 132.0 0
  241.165222 196.0 0
  241.4216 172.0 0
  241.468155 156.0 0
  241.911987 44.0 0
  242.033875 148.0 0
  242.04989600000002 409.0 0
  242.089966 96.965714 0
  242.518875 56.0 0
  242.818542 112.0 0
  242.919479 116.0 0
  243.00082400000002 72.0 0
  243.118347 376.0 0
  243.908981 100.0 0
  244.06346100000002 548.0 0
  244.11382400000002 308.0 0
  244.147919 76.0 0
  244.17932100000002 328.0 0
  244.352814 84.0 0
  244.646469 68.0 0
  244.671188 156.0 0
  244.775055 124.0 0
  244.85173 144.0 0
  244.945953 84.0 0
  245.002777 168.0 0
  245.093613 4088.0 1
  245.698959 16.142691 0
  245.84771700000002 260.0 0
  245.890305 156.0 0
  247.038995 219.0 0
  247.056412 828.0 0
  247.081421 60520.0 14
  247.095032 156.0 0
  247.14386000000002 11.80178 0
  247.485611 168.0 0
  247.552353 108.0 0
  247.98181200000002 164.0 0
  248.03692600000002 164.0 0
  248.082062 140.0 0
  248.087769 156.0 0
  248.113495 72.0 0
  248.14444 716.0 0
  248.17300400000002 204.0 0
  248.192978 180.0 0
  248.34066800000002 176.0 0
  248.66673300000002 67.697617 0
  249.02842700000002 124.0 0
  249.054993 3490709.0 812
  249.061218 44.0 0
  249.0849 46.306339 0
  249.087646 160.0 0
  249.092 1.0 0
  249.137299 148.0 0
  249.462341 148.0 0
  249.570297 43.548981 0
  249.903854 284.0 0
  250.10025000000002 148.0 0
  250.11282300000002 332.0 0
  250.12200900000002 160.0 0
  250.330063 92.0 0
  251.038202 264.0 0
  251.087403 284.0 0
  251.12886 200.0 0
  251.23344400000002 80.0 0
  251.477768 160.0 0
  251.96305800000002 152.0 0
  252.064774 356.0 0
  252.07818600000002 84.030403 0
  252.109711 156.0 0
  252.119446 15.66568 0
  252.12608300000002 1880.0 0
  252.424072 48.0 0
  252.631271 168.0 0
  252.752274 228.025299 0
  253.03976400000002 22.312771 0
  253.048553 1546.0 0
  253.11428800000002 284.0 0
  253.145248 2252.0 1
  253.167526 72.0 0
  253.326324 4.083333 0
  253.41716 76.0 0
  253.5112 172.0 0
  253.878784 40.0 0
  254.0495 160.0 0
  254.362976 144.0 0
  254.412338 192.0 0
  254.57904100000002 124.0 0
  254.810333 64.0 0
  254.99324000000001 168.0 0
  255.032532 64.0 0
  255.06736800000002 184.0 0
  255.17247 392.0 0
  255.42569 272.0 0
  255.539536 152.0 0
  255.83204700000002 176.0 0
  256.066895 108.0 0
  256.08429 304.0 0
  256.264435 124.0 0
  256.311279 108.0 0
  256.436462 140.0 0
  257.10470599999996 2972.0 1
  257.22628799999995 2877.0 1
  257.2435 176.0 0
  257.449951 124.0 0
  257.5784 132.0 0
  257.95712299999997 144.0 0
  257.990479 164.0 0
  258.04537999999997 773.0 0
  258.097015 112.0 0
  258.850647 136.0 0
  258.947235 372.0 0
  259.04305999999997 300.0 0
  259.204773 156.0 0
  259.49560499999995 11.45606 0
  259.783264 132.0 0
  259.991852 72.0 0
  260.088959 480.0 0
  260.10214199999996 10.75788 0
  260.17340099999996 212.0 0
  260.609161 60.0 0
  260.890106 188.0 0
  261.32492099999996 38.115082 0
  261.768402 144.0 0
  262.062866 4592.0 1
  262.076355 176.0 0
  262.125092 268.0 0
  262.696289 244.0 0
  262.93954499999995 252.0 0
  263.16217 128.0 0
  263.509705 140.0 0
  264.102539 704.0 0
  264.24469 48.0 0
  264.53552199999996 224.0 0
  264.62841799999995 112.0 0
  264.716858 192.0 0
  264.929382 60.0 0
  265.011414 224.0 0
  265.125641 121.0 0
  265.23373399999997 28.0 0
  265.701782 188.0 0
  265.818634 100.0 0
  266.08599899999996 986620.0 230
  266.13561999999996 248.0 0
  266.20578 92.0 0
  266.533661 36.0 0
  266.792603 92.0 0
  267.005432 192.0 0
  267.058044 336.0 0
  267.105011 4292829.0 999
  267.143823 308.0 0
  267.17562899999996 996.0 0
  267.424316 168.0 0
  267.781525 84.0 0
  268.114258 180.0 0
  268.200317 136.0 0
  268.378906 196.0 0
  268.44769299999996 156.0 0
  268.51293899999996 72.0 0
  268.59436 168.0 0
  268.738953 5.473485 0
  268.78396599999996 104.0 0
  269.04953 232.0 0
  269.07388299999997 140.0 0
  269.083313 78808.0 18
  269.103973 164.0 0
  269.120789 136.0 0
  269.16796899999997 52.0 0
  269.192688 172.0 0
  269.48590099999996 148.0 0
  270.04659999999996 1027.0 0
  270.052185 224.0 0
  270.082458 120.0 0
  270.145081 184.0 0
  270.153168 48.0 0
  270.184143 148.0 0
  270.378601 108.0 0
  270.65835599999997 116.0 0
  270.95886199999995 80.0 0
  271.055634 188.0 0
  271.254883 244.0 0
  272.333984 168.0 0
  272.468445 4.120098 0
  272.491028 16.410721 0
  272.93850699999996 192.0 0
  272.94726599999996 108.0 0
  273.12699999999995 1.0 0
  273.23690799999997 56.0 0
  273.966888 148.0 0
  274.04428099999996 120.0 0
  274.13552899999996 276.0 0
  274.358093 228.0 0
  274.63543699999997 140.0 0
  274.69030799999996 164.0 0
  274.89205899999996 64.0 0
  274.931824 240.0 0
  274.97522 228.0 0
  275.17956499999997 132.0 0
  275.75881999999996 80.0 0
  276.104095 164.0 0
  276.256042 112.0 0
  276.523987 96.0 0
  276.886932 56.0 0
  277.06487999999996 492.0 0
  277.18463099999997 72.0 0
  277.219269 80.0 0
  277.821198 124.0 0
  277.83493 2.335317 0
  277.955902 116.0 0
  278.175323 156.0 0
  278.31918299999995 240.0 0
  279.06506299999995 160.0 0
  279.071167 88.0 0
  279.113434 463.0 0
  279.12857099999997 148.0 0
  279.13629199999997 164.0 0
  279.88327 120.0 0
  280.03500399999996 140.0 0
  280.03833 180.0 0
  280.106201 132.0 0
  280.910919 172.0 0
  281.361115 84.0 0
  281.91024799999997 4.673077 0
  282.10427899999996 23.349899 0
  282.129578 216.0 0
  282.13311799999997 252.0 0
  282.265442 148.0 0
  282.39328 136.0 0
  282.801636 76.0 0
  283.00479099999995 176.0 0
  283.065857 236.0 0
  283.17065399999996 180.0 0
  283.22601299999997 388.0 0
  283.592407 11.78578 0
  283.89807099999996 27.236839 0
  283.910126 172.0 0
  284.021729 156.0 0
  284.205017 228.0 0
  284.330566 72.0 0
  284.685638 11.09921 0
  284.726166 140.0 0
  284.85513299999997 24.74715 0
  285.031769 424.0 0
  285.070923 3358.0 1
  285.125 84.0 0
  285.78472899999997 52.0 0
  286.039337 1305.0 0
  286.14043499999997 176.0 0
  286.251923 256.0 0
//
