ACCESSION: CCMSLIB00000075310
RECORD_TITLE: decoy
DATE: 2015.11.20
AUTHORS: Administrator
LICENSE: CC BY-SA
CH$NAME: decoy
CH$COMPOUND_CLASS: Natural Product
CH$FORMULA: C21H39N7O12
CH$EXACT_MASS: 581.265669688
CH$SMILES: N/A
CH$IUPAC: decoy
CH$LINK: N/A
AC$INSTRUMENT: decoy
AC$INSTRUMENT_TYPE: decoy
AC$MASS_SPECTROMETRY: MS_TYPE MS2
AC$MASS_SPECTROMETRY: ION_MODE POSITIVE
AC$MASS_SPECTROMETRY: COLLISION_ENERGY 10 V
MS$FOCUSED_ION: PRECURSOR_M/Z 582
MS$FOCUSED_ION: PRECURSOR_TYPE [M+H]+
PK$NUM_PEAK: 1542
PK$PEAK: m/z int. rel.int.
  22.417820000000003 22.01136 0
  23.014489 148.0 0
  43.098024 140.0 0
  44.87993 188.0 0
  44.889824000000004 160.0 0
  45.144794000000005 180.0 0
  45.151604 44.0 0
  45.464024 156.0 0
  45.544174 192.0 0
  45.900951 72.0 0
  46.020752 160.0 0
  46.17416 80.0 0
  46.479191 156.0 0
  47.021713 212.0 0
  47.035187 188.0 0
  47.519447 172.0 0
  47.767437 220.0 0
  47.847603 152.0 0
  48.325565000000005 152.0 0
  48.601585 140.0 0
  48.680241 216.0 0
  48.762585 120.0 0
  49.318592 152.0 0
  49.344433 92.0 0
  49.376907 180.0 0
  49.685627000000004 156.0 0
  49.869263000000004 120.0 0
  49.890263000000004 148.0 0
  50.161045 176.0 0
  50.686649 120.0 0
  51.013371 144.0 0
  51.100208 224.0 0
  51.139999 156.0 0
  51.218693 164.0 0
  51.690498 176.0 0
  51.767033000000005 204.0 0
  52.815205 144.0 0
  52.915295 196.0 0
  52.966293 216.0 0
  53.16893 176.0 0
  53.292309 68.0 0
  53.559174 176.0 0
  54.02248 152.0 0
  54.055576 224.0 0
  54.466114000000005 128.0 0
  55.306271 144.0 0
  55.386585000000004 244.0 0
  55.410362 156.0 0
  56.14497 108.0 0
  56.746246 364.0 0
  57.344021000000005 152.0 0
  57.479984 172.0 0
  58.347263 176.0 0
  58.39481 72.0 0
  58.519204 140.0 0
  58.563034 176.0 0
  58.670902 212.0 0
  59.059826 132.0 0
  59.182087 184.0 0
  59.491249 188.0 0
  59.544838 108.0 0
  60.101021 208.0 0
  60.355156 144.0 0
  60.381035000000004 128.0 0
  60.47958 204.0 0
  60.503731 68.0 0
  60.846016 196.0 0
  60.865505 140.0 0
  61.559597000000004 180.0 0
  61.764160000000004 228.0 0
  61.784130000000005 144.0 0
  61.870747 172.0 0
  61.896137 244.0 0
  62.021099 156.0 0
  62.290001000000004 164.0 0
  62.327721000000004 176.0 0
  62.925556 152.0 0
  63.860764 216.0 0
  64.685875 132.0 0
  64.82869699999999 100.0 0
  65.076218 56.0 0
  65.62776199999999 136.0 0
  66.01699099999999 184.0 0
  66.02062199999999 228.0 0
  66.27875499999999 188.0 0
  66.361572 168.0 0
  66.487099 140.0 0
  66.58036799999999 132.0 0
  66.675232 220.0 0
  66.933151 264.0 0
  67.13366699999999 36.0 0
  67.93024399999999 188.0 0
  67.979378 56.0 0
  68.034601 196.0 0
  68.088089 208.0 0
  68.39679 244.0 0
  68.986351 148.0 0
  69.224892 140.0 0
  69.453339 156.0 0
  70.395073 61.666672 0
  70.59582499999999 180.0 0
  70.68686699999999 204.0 0
  70.70097399999999 220.0 0
  70.887993 140.0 0
  70.91414599999999 148.0 0
  71.13791699999999 28.0 0
  71.264664 112.0 0
  71.275742 160.0 0
  71.497948 164.0 0
  71.57389099999999 144.0 0
  72.041969 192.0 0
  72.351929 156.0 0
  72.44446599999999 140.0 0
  72.778702 172.0 0
  73.12731199999999 160.0 0
  73.145096 160.0 0
  73.65742499999999 156.0 0
  74.196457 184.0 0
  74.342064 328.0 0
  74.596497 60.0 0
  74.72822599999999 164.0 0
  75.949821 248.0 0
  76.210724 136.0 0
  76.310738 164.0 0
  76.35842099999999 64.0 0
  76.629204 180.0 0
  77.23686199999999 188.0 0
  77.29862999999999 160.0 0
  77.46494299999999 156.0 0
  78.21412699999999 108.0 0
  78.294838 184.0 0
  78.53765899999999 208.0 0
  78.75164799999999 168.0 0
  79.19738799999999 88.0 0
  79.754532 160.0 0
  79.91391 204.0 0
  80.010925 144.0 0
  80.16171299999999 188.0 0
  80.438431 184.0 0
  80.62907399999999 164.0 0
  81.039436 180.0 0
  81.144943 128.0 0
  81.243935 144.0 0
  81.269539 188.0 0
  82.83899699999999 23.89286 0
  82.90980499999999 220.0 0
  83.239937 252.0 0
  83.25400499999999 196.0 0
  83.292442 40.0 0
  83.73953999999999 100.0 0
  83.90704299999999 136.0 0
  83.975121 184.0 0
  84.842659 160.0 0
  85.269043 176.0 0
  85.33185599999999 168.0 0
  85.522469 188.0 0
  85.90995 196.0 0
  86.080208 148.0 0
  86.082527 116.0 0
  86.38546799999999 128.0 0
  86.55517599999999 164.0 0
  86.59844199999999 140.0 0
  86.77171299999999 204.0 0
  87.106331 208.0 0
  87.11921799999999 160.0 0
  88.581261 80.0 0
  88.58517499999999 148.0 0
  88.680466 164.0 0
  88.837936 144.0 0
  88.84554299999999 204.0 0
  89.12943999999999 164.0 0
  89.292175 132.0 0
  89.566446 180.0 0
  89.687294 132.0 0
  89.877731 136.0 0
  90.069527 196.0 0
  90.343727 180.0 0
  90.603859 180.0 0
  90.683404 180.0 0
  91.48185 232.0 0
  91.52552 160.0 0
  91.567886 140.0 0
  91.737206 216.0 0
  92.050896 1924.0 0
  92.057831 704.0 0
  92.076172 160.0 0
  92.50939899999999 176.0 0
  92.556953 336.0 0
  93.06747499999999 112.0 0
  93.240898 160.0 0
  93.521988 228.0 0
  93.609512 196.0 0
  94.187248 188.0 0
  94.899529 176.0 0
  95.048012 344.0 0
  95.15683 276.0 0
  95.172653 228.0 0
  95.199013 36.0 0
  95.209457 224.0 0
  95.21747599999999 276.0 0
  95.36943099999999 184.0 0
  95.386383 116.0 0
  95.48095699999999 160.0 0
  95.49021099999999 176.0 0
  95.59896099999999 208.0 0
  95.602448 196.0 0
  95.83708999999999 148.0 0
  95.844994 156.0 0
  95.99093599999999 180.0 0
  96.28199799999999 52.0 0
  96.290146 132.0 0
  96.587875 228.0 0
  96.627686 192.0 0
  96.64800299999999 256.0 0
  96.65369399999999 212.0 0
  96.85347 96.0 0
  96.967705 204.0 0
  97.03388199999999 156.0 0
  97.403252 236.0 0
  97.477341 248.0 0
  97.500603 128.0 0
  97.574196 340.0 0
  97.71084599999999 148.0 0
  98.055809 232.0 0
  98.24758899999999 176.0 0
  98.26563999999999 148.0 0
  98.535873 208.0 0
  98.58434299999999 188.0 0
  98.587875 184.0 0
  98.65999599999999 152.0 0
  98.88894699999999 240.0 0
  98.98797599999999 192.0 0
  99.056198 64.0 0
  99.09290299999999 1108.0 0
  99.27229299999999 196.0 0
  99.519714 180.0 0
  99.71018199999999 188.0 0
  99.73097999999999 148.0 0
  99.803062 128.0 0
  100.001556 112.0 0
  100.00477599999999 148.0 0
  100.08595299999999 208.0 0
  100.18350199999999 136.0 0
  100.22518199999999 116.0 0
  100.26542699999999 124.0 0
  100.328865 204.0 0
  100.38394199999999 48.0 0
  100.478859 128.0 0
  100.51257299999999 112.0 0
  100.577805 144.0 0
  100.73767099999999 128.0 0
  100.77029399999999 68.0 0
  101.04775199999999 200.0 0
  101.17495699999999 148.0 0
  101.36889599999999 120.0 0
  101.39782699999999 96.0 0
  101.57235 256.0 0
  101.68783599999999 152.0 0
  101.729202 124.0 0
  102.421257 13.66786 0
  102.75012199999999 156.0 0
  102.845703 132.0 0
  102.941994 116.0 0
  102.94646499999999 124.0 0
  103.052094 34.673611 0
  103.05446599999999 1892.0 0
  103.16307099999999 252.0 0
  103.55053699999999 26.527781 0
  103.552765 168.0 0
  103.56652799999999 21.23472 0
  103.760368 252.0 0
  103.82598899999999 136.0 0
  103.862427 176.0 0
  103.915359 164.0 0
  103.93038899999999 224.0 0
  103.958344 236.0 0
  103.97902699999999 148.0 0
  104.029686 180.0 0
  104.05143699999999 264.0 0
  104.060181 144.0 0
  104.097763 160.0 0
  104.10861999999999 180.0 0
  104.37554899999999 4.760417 0
  104.565681 156.0 0
  104.597099 196.0 0
  104.63707 208.0 0
  104.74606299999999 120.0 0
  105.033981 11460.0 1
  105.075897 224.0 0
  105.10239399999999 236.0 0
  105.110779 164.0 0
  105.149788 168.0 0
  105.16847999999999 64.0 0
  105.17051699999999 132.0 0
  105.214592 188.0 0
  105.28199 36.0 0
  105.403503 96.0 0
  105.647087 216.0 0
  105.655029 164.0 0
  105.826454 156.0 0
  105.967804 104.0 0
  106.058678 156.0 0
  106.06169899999999 80.890747 0
  106.17356099999999 140.0 0
  106.230469 148.0 0
  106.536598 160.0 0
  106.74542199999999 212.0 0
  106.780243 156.0 0
  106.858864 116.0 0
  106.871887 176.0 0
  106.885544 5.864662 0
  107.04270199999999 136.0 0
  107.09207199999999 132.0 0
  107.132195 112.0 0
  107.160286 4.927083 0
  107.266708 100.0 0
  107.45904499999999 88.0 0
  107.676842 196.0 0
  107.825012 188.0 0
  107.845665 180.0 0
  107.996544 176.0 0
  108.05279499999999 200.0 0
  108.07723999999999 45.863689 0
  108.21369899999999 52.0 0
  108.241974 48.0 0
  108.420029 4.338141 0
  108.55279499999999 124.0 0
  108.74616999999999 148.0 0
  109.049797 108.0 0
  109.065231 560.0 0
  109.089401 1.666667 0
  109.098534 8.340278 0
  109.111824 208.0 0
  109.25778199999999 180.0 0
  109.439842 180.0 0
  109.610603 180.0 0
  109.668915 136.0 0
  109.91126999999999 96.0 0
  109.92484999999999 168.0 0
  110.005157 188.0 0
  110.074303 476.0 0
  110.28662899999999 164.0 0
  110.405952 104.0 0
  110.581696 368.0 0
  110.71917699999999 172.0 0
  110.76222999999999 196.0 0
  110.818558 172.0 0
  110.94002499999999 152.0 0
  111.065872 184.0 0
  111.07871999999999 128.0 0
  111.105584 236.0 0
  111.21958199999999 192.0 0
  111.58996599999999 100.0 0
  111.726158 76.0 0
  111.77867099999999 88.0 0
  111.83886 176.0 0
  112.04473899999999 252.0 0
  112.09079 216.0 0
  112.10734599999999 156.0 0
  112.240219 256.0 0
  112.57082399999999 100.0 0
  112.792564 56.0 0
  112.79622699999999 116.0 0
  112.818901 128.0 0
  113.059822 712.0 0
  113.090042 52.0 0
  113.145332 160.0 0
  113.218025 48.0 0
  113.42637599999999 112.0 0
  113.78710199999999 188.0 0
  113.793785 144.0 0
  113.940514 20.35918 0
  114.09117099999999 180.0 0
  114.614571 144.0 0
  114.65422099999999 108.0 0
  114.71582799999999 196.0 0
  114.90924799999999 112.0 0
  115.055061 4284.0 0
  115.07547 222.228699 0
  115.664093 128.0 0
  116.050873 180.0 0
  116.05545 332.0 0
  116.06369799999999 144.0 0
  116.10263099999999 36.0 0
  116.228668 156.0 0
  116.36949899999999 34.676399 0
  116.40871399999999 184.0 0
  116.42279099999999 140.0 0
  116.45406299999999 240.0 0
  116.585144 216.0 0
  116.62982199999999 116.0 0
  116.914024 100.0 0
  117.036957 180.0 0
  117.068512 20.502979 0
  117.16630599999999 164.0 0
  117.32532499999999 196.0 0
  117.46619399999999 176.0 0
  117.907158 40.0 0
  117.93584399999999 5.814815 0
  117.976379 148.0 0
  118.03708599999999 112.0 0
  118.11024499999999 160.0 0
  118.284523 108.0 0
  118.61612699999999 196.0 0
  118.69144399999999 188.0 0
  118.702637 144.0 0
  118.85768999999999 164.0 0
  118.939827 28.0 0
  119.00647 128.0 0
  119.03868899999999 426.0 0
  119.087379 184.0 0
  119.24909199999999 176.0 0
  119.258888 180.0 0
  119.316727 136.0 0
  119.367767 152.0 0
  119.458061 136.0 0
  119.486328 160.0 0
  119.575943 168.0 0
  119.583023 156.0 0
  119.73011 120.0 0
  119.841347 148.0 0
  119.90349599999999 160.0 0
  119.97675299999999 164.0 0
  120.045418 10344.0 1
  120.057289 180.0 0
  120.08090999999999 2216.0 0
  120.083603 172.0 0
  120.100563 152.0 0
  120.133377 168.0 0
  120.265564 88.0 0
  120.309517 8.007576 0
  120.42180599999999 64.0 0
  120.480019 168.0 0
  120.58370199999999 152.0 0
  121.029625 712.0 0
  121.05954 148.0 0
  121.06689499999999 188.0 0
  121.08442 2899.0 0
  121.097099 78.809921 0
  121.14904 136.0 0
  121.22005499999999 18.58036 0
  121.297523 224.0 0
  121.719398 116.0 0
  121.815338 172.0 0
  121.98280299999999 76.0 0
  122.02455099999999 1492.0 0
  122.09612999999999 1096.0 0
  122.10275299999999 208.0 0
  122.139595 48.0 0
  122.25018299999999 152.0 0
  122.34350599999999 56.0 0
  122.37585399999999 152.0 0
  122.40061999999999 96.0 0
  122.503349 36.0 0
  123.046791 172.0 0
  123.062332 116.0 0
  123.07515699999999 68.0 0
  123.10758999999999 160.0 0
  123.115265 164.0 0
  123.832336 168.0 0
  124.035164 152.0 0
  124.048721 25.54006 0
  124.164925 164.0 0
  124.369644 188.0 0
  124.651642 148.0 0
  124.74647499999999 136.0 0
  124.788399 168.0 0
  124.859085 156.0 0
  125.011505 160.0 0
  125.01722 104.0 0
  125.02269 22.459749 0
  125.03558299999999 224.0 0
  125.045547 148.0 0
  125.106499 180.0 0
  125.39609499999999 56.988369 0
  125.404434 156.0 0
  125.523178 220.0 0
  125.56968699999999 148.0 0
  125.635567 360.0 0
  125.654236 72.0 0
  125.665489 156.0 0
  125.756424 44.0 0
  125.808945 112.0 0
  125.853088 172.0 0
  125.89665199999999 88.0 0
  126.011589 252.223404 0
  126.07222 480.0 0
  126.41053799999999 228.0 0
  126.734192 180.0 0
  126.803978 248.0 0
  127.011406 120.0 0
  127.243164 60.0 0
  127.5411 148.0 0
  127.930397 148.0 0
  127.96708699999999 203.6138 0
  128.008636 220.0 0
  128.049484 1476.0 0
  128.054077 172.0 0
  128.108673 56.0 0
  128.220459 7.726716 0
  128.408371 232.0 0
  128.710663 176.0 0
  128.849487 176.0 0
  128.901321 168.0 0
  128.987549 80.0 0
  129.00499 180.0 0
  129.361588 112.0 0
  130.038666 244.0 0
  130.101715 132.0 0
  130.289841 192.0 0
  130.295486 40.0 0
  130.454025 176.0 0
  130.886292 392.0 0
  131.04071000000002 517.0 0
  131.045868 176.0 0
  131.04805000000002 784.0 0
  131.095886 132.0 0
  131.574509 30.47695 0
  131.61608900000002 92.0 0
  131.768829 172.0 0
  131.83415200000002 232.0 0
  131.968445 156.0 0
  131.970856 12.46618 0
  132.342484 200.0 0
  132.354462 172.0 0
  132.53955100000002 116.0 0
  132.926498 100.0 0
  133.02401700000001 2860.0 0
  133.03152500000002 200.0 0
  133.081253 236.306107 0
  133.101761 532.0 0
  133.10711 188.0 0
  133.152161 14.10849 0
  133.255219 220.0 0
  133.29345700000002 128.0 0
  133.75027500000002 19.81818 0
  133.820038 144.0 0
  133.899628 356.0 0
  134.060638 152.0 0
  134.065796 432.0 0
  134.100983 100.0 0
  134.10401900000002 328.0 0
  134.17205800000002 156.0 0
  134.364563 35.823582 0
  134.490906 164.0 0
  134.745178 160.0 0
  134.82882700000002 156.0 0
  134.884918 9.240385 0
  134.97026100000002 188.0 0
  134.984146 80.0 0
  135.040649 5.333759 0
  135.081421 172.0 0
  135.09329200000002 480.0 0
  135.185806 52.0 0
  135.225021 35.88298 0
  135.324097 112.0 0
  135.483032 120.0 0
  135.605362 84.0 0
  135.617645 176.0 0
  135.637475 148.0 0
  135.72988900000001 148.0 0
  135.887299 112.0 0
  135.946411 224.0 0
  136.07139600000002 824.0 0
  136.0755 604.0 0
  136.096268 248.0 0
  136.115646 156.0 0
  136.225388 76.0 0
  136.382416 88.0 0
  136.870132 164.0 0
  136.930374 152.0 0
  136.973465 216.0 0
  136.983734 84.0 0
  137.11526500000002 340.0 0
  137.122543 112.0 0
  137.26606800000002 84.0 0
  137.399689 108.0 0
  137.405609 80.0 0
  137.531494 116.0 0
  137.53817700000002 156.0 0
  137.87175000000002 148.0 0
  137.9832 208.0 0
  138.056519 168.0 0
  138.062485 184.0 0
  138.08555 1726.0 0
  138.100494 727.0 0
  138.250259 108.0 0
  138.8638 108.0 0
  138.90489200000002 148.0 0
  139.05304 180.0 0
  139.125122 196.0 0
  139.168686 196.0 0
  139.331467 172.0 0
  139.35853600000002 148.0 0
  139.435944 124.0 0
  139.616577 184.0 0
  139.759293 168.0 0
  139.824814 108.0 0
  139.876785 260.0 0
  140.041977 136.0 0
  140.337875 188.0 0
  140.499405 60.0 0
  140.789871 48.0 0
  141.028381 192.0 0
  141.26890600000002 22.098789 0
  141.28898600000002 14.76587 0
  141.804977 180.0 0
  141.97612 144.0 0
  141.980209 236.537201 0
  142.01149 200.0 0
  142.055161 280.0 0
  142.15654 184.0 0
  142.39419600000002 184.0 0
  142.632477 160.0 0
  143.029999 2168.0 0
  143.073822 288.0 0
  143.1139 212.0 0
  143.545364 52.0 0
  143.801727 172.0 0
  144.044296 5936.0 0
  144.05427600000002 116.0 0
  144.097687 160.0 0
  144.185562 56.0 0
  144.25473 40.0 0
  144.56839000000002 412.0 0
  144.703003 92.0 0
  144.796173 164.0 0
  145.013168 10.35 0
  145.067337 320.0 0
  145.096954 488.0 0
  145.10153200000002 944.0 0
  145.415588 80.0 0
  145.48820500000002 156.0 0
  145.66111800000002 132.0 0
  145.66670200000002 268.0 0
  146.010468 156.0 0
  146.03552200000001 166.188904 0
  146.084244 1228.0 0
  146.105576 296.0 0
  146.168686 116.0 0
  146.537735 144.0 0
  146.55770900000002 172.0 0
  146.743011 248.0 0
  147.042099 2468.0 0
  147.04513500000002 148.0 0
  147.098984 180.0 0
  147.117783 1280.0 0
  147.288452 56.0 0
  147.725067 88.0 0
  148.036453 153.0 0
  148.066055 255.0 0
  148.074127 2824.0 0
  148.108582 204.0 0
  148.18695100000002 48.0 0
  148.190231 67.948593 0
  148.405396 164.0 0
  148.42691000000002 248.0 0
  148.69258100000002 208.0 0
  149.00730900000002 88.0 0
  149.062103 325.0 0
  149.143524 168.0 0
  149.32994100000002 40.0 0
  149.674057 132.0 0
  149.69326800000002 180.0 0
  149.83696 180.0 0
  149.862167 164.0 0
  149.892548 144.0 0
  150.17382800000001 204.0 0
  150.472443 144.0 0
  150.529922 160.0 0
  150.76911900000002 140.0 0
  151.020218 140.0 0
  151.078842 212.0 0
  151.174301 156.0 0
  151.216607 72.0 0
  151.587662 92.0 0
  151.75576800000002 144.0 0
  152.102341 5.363636 0
  152.139206 92.0 0
  152.242737 40.0 0
  152.33441200000001 220.0 0
  152.527496 164.0 0
  152.649689 104.0 0
  152.79245 200.0 0
  152.99911500000002 540.0 0
  153.065231 80.224541 0
  153.210495 180.0 0
  153.26242100000002 72.0 0
  153.363754 152.0 0
  153.594894 120.0 0
  153.816696 6.341667 0
  153.825317 228.0 0
  154.023956 148.0 0
  154.04987 1.0 0
  154.075058 920.0 0
  154.135223 45.47361 0
  154.14163200000002 240.0 0
  154.151657 44.0 0
  154.230927 152.0 0
  154.30586200000002 60.0 0
  154.401306 72.0 0
  154.46057100000002 36.0 0
  154.682556 104.0 0
  154.985229 140.0 0
  155.078888 429.123505 0
  155.506989 25.04348 0
  155.692032 180.0 0
  155.714508 152.0 0
  155.933685 164.0 0
  156.0522 172.0 0
  156.17688 148.0 0
  156.33406100000002 104.0 0
  156.856567 28.0 0
  156.96078500000002 128.0 0
  157.09852600000002 42.435219 0
  157.22403 40.0 0
  157.25465400000002 188.0 0
  157.26045200000002 232.0 0
  157.675659 6.0 0
  157.750168 140.0 0
  158.073898 192.0 0
  158.149582 104.0 0
  158.21734600000002 156.0 0
  158.220337 144.0 0
  158.227295 112.0 0
  158.370148 228.0 0
  158.41539 12.90987 0
  158.64845300000002 152.0 0
  158.933411 228.0 0
  159.067398 204.0 0
  159.348938 11.58671 0
  159.540466 100.0 0
  159.55508400000002 144.0 0
  159.732056 164.0 0
  159.821777 156.0 0
  160.013168 168.0 0
  160.021667 152.0 0
  160.050507 52.0 0
  160.08252000000002 18.92178 0
  160.191818 1.825 0
  160.268509 21.43716 0
  160.39845300000002 68.0 0
  160.499039 14.04617 0
  160.532913 100.0 0
  160.664139 176.0 0
  161.205658 92.0 0
  161.303955 44.0 0
  161.380646 176.0 0
  161.439804 156.0 0
  161.767242 144.0 0
  162.046478 128.0 0
  162.061417 140.0 0
  162.134232 48.0 0
  162.16774 160.0 0
  162.31024200000002 232.0 0
  162.40849300000002 116.0 0
  162.424438 200.0 0
  162.61982700000002 240.0 0
  162.73407 212.0 0
  162.94177200000001 144.0 0
  162.985254 580.0 0
  163.109467 1024.0 0
  163.3349 120.0 0
  163.381348 52.0 0
  163.919296 80.0 0
  164.017929 56.0 0
  164.031372 72.0 0
  164.209183 56.0 0
  164.29783600000002 116.0 0
  164.825974 132.0 0
  165.064804 172.0 0
  165.06774900000002 308.0 0
  165.24606300000002 136.0 0
  165.37347400000002 184.0 0
  165.378433 104.0 0
  165.82440200000002 112.0 0
  165.892426 216.0 0
  165.977539 220.0 0
  166.024414 148.0 0
  166.064133 45.83197 0
  166.07707200000002 148.0 0
  166.108719 216.0 0
  166.160583 20.76948 0
  166.490982 96.0 0
  166.639816 176.0 0
  166.64814800000002 60.0 0
  166.78504900000001 128.0 0
  166.869583 116.0 0
  166.89759800000002 180.0 0
  166.950592 56.0 0
  166.99400300000002 2165806.0 143
  167.05294800000001 110.0 0
  167.268616 152.0 0
  167.502365 160.0 0
  167.63751200000002 216.0 0
  167.727921 208.0 0
  167.795715 140.0 0
  167.97670000000002 160.0 0
  167.98912 76.0 0
  168.08770800000002 92.0 0
  168.21765100000002 152.0 0
  168.28363000000002 180.0 0
  168.30954 44.0 0
  168.728134 188.0 0
  168.740433 76.0 0
  168.792053 160.0 0
  169.01388500000002 176.0 0
  169.173019 14.02671 0
  169.623413 112.0 0
  169.680756 64.0 0
  170.05998200000002 388.0 0
  170.245285 52.0 0
  170.46373 72.0 0
  170.56398000000002 128.0 0
  170.654877 92.0 0
  170.86792 80.0 0
  170.89132700000002 156.0 0
  170.933029 160.0 0
  171.041086 192.0 0
  171.046234 2295.0 0
  171.05323800000002 176.0 0
  171.35441600000001 184.0 0
  171.36419700000002 51.020828 0
  171.50096100000002 176.0 0
  171.823212 19.346149 0
  171.826233 184.0 0
  172.03216600000002 5572.0 0
  172.05903600000002 136.0 0
  172.09132400000001 276.0 0
  172.110916 3994.260986 0
  172.385071 100.0 0
  172.42334 160.0 0
  172.672455 40.0 0
  173.057632 140.0 0
  173.064301 488.0 0
  173.07002300000002 784.0 0
  173.129837 152.0 0
  173.199142 76.0 0
  173.34973100000002 116.0 0
  173.666107 132.0 0
  174.026871 3545.0 0
  174.091171 184.0 0
  174.13656600000002 340.0 0
  174.220764 212.0 0
  174.332153 100.0 0
  174.874786 76.0 0
  174.880905 152.0 0
  175.01876800000002 104.0 0
  175.04255700000002 232.0 0
  175.04672200000002 45.378052 0
  175.47184800000002 44.0 0
  175.496262 108.0 0
  175.508499 43.64687 0
  175.55688500000002 236.0 0
  175.644699 52.0 0
  175.73481800000002 204.0 0
  175.82307400000002 120.0 0
  176.021683 168.0 0
  176.04454 328.0 0
  176.071 1.0 0
  176.100189 136.0 0
  176.31024200000002 44.0 0
  176.480713 152.0 0
  176.82470700000002 84.0 0
  177.05294800000001 192.0 0
  177.16133100000002 40.0 0
  177.399384 88.0 0
  177.493088 144.0 0
  177.50276200000002 160.0 0
  178.054245 4326.0 0
  178.51010100000002 168.0 0
  178.711456 56.0 0
  178.715561 172.0 0
  178.735657 124.0 0
  178.793274 68.0 0
  178.837036 160.0 0
  179.08374 182.566101 0
  179.107538 188.0 0
  179.202225 84.0 0
  179.688904 112.0 0
  179.82977300000002 33.440929 0
  179.910797 156.0 0
  179.935043 216.0 0
  179.979187 140.0 0
  180.01156600000002 212.0 0
  180.10231000000002 5516.0 0
  180.23751800000002 64.0 0
  180.388351 140.0 0
  181.043854 1593.0 0
  181.075378 139248.0 9
  181.10202 119.0 0
  181.402298 56.0 0
  181.68550100000002 168.0 0
  182.04293800000002 296.0 0
  182.122421 52.0 0
  182.454544 0.683274 0
  182.666162 160.0 0
  182.76825 164.0 0
  183.012405 246.0 0
  183.024292 336.0 0
  183.05148300000002 168.0 0
  183.07901 176.0 0
  183.66888400000002 172.0 0
  183.731613 64.0 0
  184.05169700000002 156.0 0
  184.103867 204.0 0
  184.11540200000002 160.0 0
  184.132385 1872.0 0
  184.134644 7.510965 0
  184.69494600000002 196.0 0
  184.783218 100.0 0
  184.943878 160.0 0
  185.083328 176.0 0
  185.092453 52.0 0
  185.09556600000002 12009.0 1
  185.15008500000002 208.0 0
  185.618927 200.0 0
  185.861206 200.0 0
  186.01680000000002 184.0 0
  186.042664 80.0 0
  186.09613000000002 252.0 0
  186.19052100000002 160.0 0
  186.44369500000002 152.0 0
  186.767303 116.0 0
  187.02610800000002 234.859497 0
  187.08316000000002 140.0 0
  187.3246 6.482143 0
  187.37463400000001 88.0 0
  187.50306700000002 204.0 0
  188.157837 172.0 0
  188.36582900000002 164.0 0
  188.496826 156.0 0
  188.905716 72.0 0
  189.122406 148.0 0
  189.189423 152.0 0
  189.20816000000002 128.0 0
  189.24588 68.0 0
  189.360733 56.0 0
  189.587677 96.0 0
  189.607864 140.0 0
  189.630875 104.0 0
  189.885712 208.0 0
  190.017899 108.0 0
  190.08320600000002 700.0 0
  190.190445 32.0 0
  190.503342 60.0 0
  190.59581 7.510345 0
  190.61116 220.0 0
  190.64909400000002 68.0 0
  191.05629000000002 132.0 0
  191.059631 212.0 0
  191.10394300000002 124.0 0
  191.13313300000002 32.0 0
  191.174484 1179.0 0
  191.223282 60.0 0
  191.450928 88.0 0
  192.005112 276.0 0
  192.688751 128.0 0
  192.81294300000002 96.0 0
  193.017883 128.0 0
  193.057114 384.0 0
  193.082413 13095.0 1
  193.338379 136.0 0
  193.73001100000002 72.714973 0
  193.884781 164.0 0
  193.95893900000002 136.0 0
  193.969208 100.0 0
  194.03770400000002 3328.115967 0
  194.048157 160.0 0
  194.074112 552.0 0
  194.081207 352.0 0
  194.091721 212.0 0
  194.128952 80.0 0
  194.33145100000002 104.0 0
  194.429199 236.0 0
  194.720123 192.0 0
  195.06990100000002 212.0 0
  195.10269200000002 5380.0 0
  195.44873 64.0 0
  195.580063 188.0 0
  195.94639600000002 199.165802 0
  196.03491200000002 800.0 0
  196.06135600000002 92.0 0
  196.089706 248.0 0
  196.121353 760.0 0
  196.465149 80.0 0
  196.723953 68.0 0
  196.73584 116.0 0
  196.86308300000002 108.0 0
  197.03410300000002 272.0 0
  197.052444 116.0 0
  197.058334 180.0 0
  197.91095 128.0 0
  198.41038500000002 168.0 0
  198.695602 172.0 0
  198.902115 124.0 0
  198.956116 140.0 0
  198.96846000000002 136.0 0
  199.184525 128.0 0
  199.421707 10.48701 0
  199.759384 268.0 0
  199.89025900000001 168.0 0
  200.02499400000002 48.0 0
  200.04426600000002 10023.0 1
  200.09265100000002 168.0 0
  200.29425 180.0 0
  200.429367 104.0 0
  200.46765100000002 40.0 0
  200.722519 132.0 0
  200.826614 112.0 0
  200.92700200000002 1.183712 0
  201.055954 31376.0 2
  201.078247 236.0 0
  201.57423400000002 68.0 0
  201.631393 108.0 0
  202.39317300000002 36.0 0
  202.654022 76.0 0
  202.736306 681.0 0
  202.922714 84.0 0
  202.949997 48509.0 3
  203.103104 256.0 0
  203.315613 156.0 0
  203.433487 256.0 0
  203.483887 64.0 0
  203.49263000000002 180.0 0
  204.267548 48.0 0
  204.43820200000002 56.0 0
  204.57021500000002 148.0 0
  204.600662 152.0 0
  204.84011800000002 38.339291 0
  204.935224 13057.0 1
  204.982468 968.3349 0
  205.312836 96.0 0
  206.019882 96.0 0
  206.085968 172.0 0
  206.195404 52.0 0
  206.55281100000002 188.0 0
  206.90382400000001 116.0 0
  207.04451 176.0 0
  207.06195100000002 654.0 0
  207.686249 3.822876 0
  207.705093 116.0 0
  207.805801 104.0 0
  208.044022 6275.0 0
  208.04982 588.0 0
  208.438599 176.0 0
  208.87265000000002 156.0 0
  209.04061900000002 160.0 0
  209.070084 264.0 0
  209.094254 107.277199 0
  209.69078100000002 68.0 0
  209.79852300000002 12.33333 0
  209.989777 148.0 0
  210.06680300000002 815.0 0
  210.07153300000002 6695.0 0
  210.183929 84.0 0
  210.190887 68.0 0
  210.209885 76.0 0
  210.268265 9.614036 0
  210.29499800000002 132.0 0
  210.373077 164.0 0
  210.605453 148.0 0
  210.767822 152.0 0
  211.066864 140.0 0
  211.092026 14050.0 1
  211.509308 128.0 0
  211.55908200000002 44.0 0
  211.913544 148.0 0
  212.07341 1195.542969 0
  212.182205 280.0 0
  212.304413 148.0 0
  212.346863 172.0 0
  213.008377 240.0 0
  213.018707 132.0 0
  213.09024000000002 831.0 0
  213.31366 3.688725 0
  213.9702 448.0 0
  214.06178300000002 156.0 0
  214.66909800000002 200.0 0
  214.75824 80.0 0
  214.775482 80.0 0
  214.969559 94.360046 0
  215.314651 456.0 0
  215.350403 248.0 0
  216.108307 76.0 0
  216.145599 160.0 0
  216.557953 200.0 0
  216.644623 148.0 0
  216.743912 132.0 0
  217.107651 588.679504 0
  217.119324 172.0 0
  217.155869 136.0 0
  217.35354600000002 176.0 0
  217.413803 96.0 0
  217.490646 72.0 0
  217.51251200000002 168.0 0
  218.09080500000002 144.0 0
  218.20076 188.0 0
  218.330429 88.0 0
  218.573868 136.0 0
  218.70034800000002 32.0 0
  219.06929 384.0 0
  219.127182 432.0 0
  219.131744 56.0 0
  219.322968 248.0 0
  219.358383 112.0 0
  219.701538 52.0 0
  219.907791 2.336539 0
  220.044113 109.1856 0
  220.13931300000002 156.0 0
  220.20773300000002 212.0 0
  220.737961 40.0 0
  220.946075 116.0 0
  220.965836 168.0 0
  221.220856 208.0 0
  221.67433200000002 48.0 0
  222.07084700000001 200.0 0
  222.095978 88.0 0
  222.131653 84.0 0
  222.714401 152.0 0
  222.844055 96.0 0
  222.927582 148.0 0
  223.036453 148.0 0
  223.71168500000002 164.0 0
  223.76062000000002 128.0 0
  223.935532 40.0 0
  224.127533 136.0 0
  224.442307 176.0 0
  224.45198100000002 48.0 0
  224.458267 64.0 0
  225.051666 60.0 0
  225.056641 156.0 0
  225.099838 245.539597 0
  225.126785 1307.264038 0
  225.22868300000002 176.0 0
  225.400269 112.0 0
  225.53064 144.0 0
  226.039352 148.0 0
  226.066498 20124.0 1
  226.54667700000002 39.008339 0
  226.629593 228.0 0
  226.97503700000001 140.0 0
  227.016861 384.0 0
  227.03855900000002 192.0 0
  227.06256100000002 140.0 0
  227.351334 164.0 0
  227.58410600000002 180.0 0
  227.691406 88.0 0
  227.765488 88.0 0
  228.06242400000002 176.0 0
  228.357651 192.0 0
  228.43640100000002 128.0 0
  228.895935 420.0 0
  229.044815 188.0 0
  229.122208 640.0 0
  229.207626 168.0 0
  229.355835 176.0 0
  229.43138100000002 92.0 0
  229.517563 52.0 0
  229.926575 64.0 0
  230.04933200000002 14.69391 0
  230.065063 244.0 0
  230.586349 136.0 0
  230.620605 188.0 0
  231.450317 152.0 0
  232.099365 524.0 0
  232.205383 57179.941406 4
  232.86372400000002 88.0 0
  233.032028 1.777778 0
  233.098297 380.0 0
  233.124207 160615.0 11
  233.461304 60.0 0
  233.79049700000002 40.0 0
  234.185654 1120.0 0
  234.759476 100.0 0
  235.06147800000002 128.0 0
  235.126053 130.0 0
  235.148956 140.0 0
  235.223434 104.0 0
  237.18481400000002 4372.0 0
  237.29011500000001 21.931589 0
  237.332504 144.0 0
  237.419647 56.0 0
  237.454803 144.0 0
  238.075525 164.0 0
  238.089584 164.0 0
  238.09277300000002 452.0 0
  238.56864900000002 192.0 0
  238.654327 192.0 0
  239.02731300000002 3052.0 0
  239.060226 3.640152 0
  239.08813500000002 11216.0 1
  239.105682 17.183821 0
  239.213928 72.0 0
  239.75302100000002 52.0 0
  240.068497 168.0 0
  240.114777 336.0 0
  240.122925 128.0 0
  240.182938 200.0 0
  241.003052 1092.0 0
  241.268448 100.0 0
  241.606522 92.0 0
  241.631393 12.86747 0
  242.12117 172.0 0
  242.159027 144.0 0
  242.298508 112.0 0
  243.04766800000002 340.0 0
  243.084045 188.0 0
  243.138779 60.890781 0
  243.143372 84.0 0
  243.168106 172.0 0
  243.509125 44.0 0
  244.135117 100.0 0
  244.17558300000002 2685.641113 0
  244.285095 256.0 0
  244.94635 156.0 0
  246.44957000000002 80.0 0
  246.48550400000002 68.0 0
  246.68631000000002 32.0 0
  246.972824 172.0 0
  247.211884 204.0 0
  247.625305 124.0 0
  248.886932 124.0 0
  248.966949 180.0 0
  251.17965700000002 336.0 0
  251.257889 52.0 0
  251.629715 176.0 0
  251.789108 64.0 0
  251.831131 160.0 0
  252.38526900000002 180.0 0
  252.821167 152.0 0
  252.973694 64.0 0
  252.985794 128.0 0
  253.056488 184.0 0
  253.158142 18.98214 0
  253.172501 200.0 0
  253.29332000000002 8.368768 0
  253.610092 144.0 0
  253.671951 80.0 0
  253.877136 140.0 0
  254.141769 148.0 0
  255.120499 36.0 0
  255.167831 320.0 0
  255.65451000000002 188.0 0
  255.82428000000002 100.0 0
  256.037903 3280.0 0
  257.019098 311.0 0
  257.043945 164.0 0
  257.59320099999997 196.0 0
  257.765137 132.0 0
  257.791046 112.0 0
  258.01028399999996 248.0 0
  258.125519 200.0 0
  258.344116 56.0 0
  258.55365 30.29822 0
  258.84551999999996 236.0 0
  259.052887 304.0 0
  259.11886599999997 272.0 0
  259.56161499999996 80.0 0
  260.273804 44.0 0
  260.697021 96.0 0
  260.85711699999996 180.0 0
  261.086914 370.0 0
  261.101227 327.0 0
  261.15209999999996 272.0 0
  261.410065 10533.666016 1
  262.132141 892.0 0
  262.26403799999997 128.0 0
  263.105164 14.75521 0
  263.119324 416.0 0
  263.170349 60.0 0
  263.39801 4.888158 0
  264.075989 1.5079813E7 999
  264.084167 172.0 0
  264.18945299999996 132.0 0
  265.04776 168.0 0
  265.154022 63.04076 0
  265.53817699999996 148.0 0
  266.056702 36.0 0
  266.076324 1628.0 0
  266.12686199999996 312.0 0
  266.61578399999996 36.0 0
  266.76712 3.6 0
  267.17303499999997 11416.0 1
  267.53240999999997 112.0 0
  267.98590099999996 92.0 0
  268.45901499999997 152.0 0
  269.042847 160.0 0
  269.31899999999996 3.700758 0
  270.078552 164.0 0
  270.249603 164.0 0
  270.747803 66.525238 0
  271.09130899999997 220.0 0
  271.22042799999997 72.0 0
  271.562073 120.0 0
  272.289856 112.0 0
  273.12699999999995 1.0 0
  273.22061199999996 933.454285 0
  273.441528 124.0 0
  273.783081 116.0 0
  274.786346 68.0 0
  276.045868 252.0 0
  276.90649399999995 136.0 0
  277.035828 5296.0 0
  277.62805199999997 124.0 0
  277.73049899999995 160.0 0
  278.00479099999995 196.0 0
  278.16067499999997 144.0 0
  278.63742099999996 1188.0 0
  278.908264 164.0 0
  279.093231 140.0 0
  279.137207 167.287994 0
  279.17569 160.0 0
  279.513153 92.0 0
  280.35015899999996 64.0 0
  280.943115 52.0 0
  281.362732 32.0 0
  281.821899 36.0 0
  282.176178 184.0 0
  282.60015899999996 7.006945 0
  282.676697 64.0 0
  283.57989499999996 72.0 0
  283.766998 136.0 0
  284.08727999999996 144.0 0
  284.100372 280.0 0
  284.105347 448.0 0
  284.670166 168.0 0
  284.798462 64.0 0
  285.03006 184.0 0
  285.07775899999996 11.54559 0
  285.89840699999996 40.0 0
  286.109161 192.0 0
  286.127777 1572.0 0
  287.09668 140.0 0
  287.857147 9.682934 0
  287.86474599999997 204.0 0
  288.01464799999997 100.0 0
  288.43893399999996 156.0 0
  289.295532 44.0 0
  289.59011799999996 2.595238 0
  290.057526 260.0 0
  290.098663 108.0 0
  291.09549 38.978382 0
  291.393646 232.0 0
  291.581299 128.0 0
  291.656036 64.0 0
  292.134979 2772.0 0
  292.592834 140.0 0
  293.032104 164.0 0
  293.07336399999997 424.0 0
  293.30252099999996 5.964527 0
  293.988831 140.0 0
  294.159943 116.0 0
  294.3461 112.0 0
  294.72619599999996 80.0 0
  294.792023 132.0 0
  295.04129 180.0 0
  295.141479 172.0 0
  296.188538 172.0 0
  297.01629699999995 108.0 0
  297.067688 20492.0 1
  297.48098799999997 67865.0 4
  298.51242099999996 56.0 0
  298.61141999999995 116.0 0
  298.925812 300.0 0
  301.079254 7.847826 0
  301.178253 1020.0 0
  302.00521899999995 184.0 0
  302.12753299999997 188.0 0
  302.144531 184.0 0
  302.19055199999997 1504.0 0
  303.353302 92.0 0
  304.01104699999996 872.0 0
  304.02124 216.0 0
  304.427307 168.0 0
  304.469879 144.0 0
  304.99935899999997 80.0 0
  305.125854 156.0 0
  305.285919 92.0 0
  305.872498 256.0 0
  306.169739 204.0 0
  306.38287399999996 76.0 0
  308.066742 404.0 0
  308.221863 3780.0 0
  308.354065 52.0 0
  309.70108 128.0 0
  310.10366799999997 232.0 0
  311.608887 17.453621 0
  312.118317 500.0 0
  312.12207 740.0 0
  312.14239499999996 144.0 0
  312.20053099999996 104.0 0
  312.366028 160.0 0
  313.497437 124.2621 0
  313.59399399999995 124.0 0
  313.978821 264.0 0
  316.076599 144.0 0
  317.080811 152.0 0
  318.80261199999995 92.0 0
  318.955902 180.0 0
  319.997345 120.0 0
  320.44516 148.0 0
  320.717041 156.0 0
  321.331482 105.627296 0
  321.601776 92.0 0
  321.81271399999997 13.80474 0
  322.048462 30.836121 0
  322.75048799999996 152.0 0
  323.095215 35.0 0
  323.343933 200.0 0
  323.73360599999995 140.0 0
  324.058716 128.0 0
  324.082275 316.0 0
  327.58694499999996 100.0 0
  328.16891499999997 168.0 0
  329.50152599999996 216.0 0
  330.721344 60.0 0
  331.088776 712.0 0
  331.575287 52.0 0
  331.77297999999996 628.0 0
  331.96572899999995 100.0 0
  332.544739 28.0 0
  334.085602 56.0 0
  334.189941 188.0 0
  334.73291 84.0 0
  335.072205 140.0 0
  337.416931 84.0 0
  339.07543899999996 80.0 0
  344.22747799999996 204.0 0
  344.27975499999997 44.0 0
  345.059052 168.0 0
  345.381805 80.0 0
  346.15820299999996 952.0 0
  346.872681 204.0 0
  348.601837 0.833333 0
  348.727264 2.5378 0
  349.0336 132.0 0
  349.039948 6186.0 0
  349.09793099999996 1429.0 0
  349.76239 148.0 0
  351.03576699999996 160.0 0
  351.11776699999996 144.0 0
  351.564355 236.0 0
  351.996002 124.0 0
  352.690155 120.0 0
  352.73529099999996 56.0 0
  353.56985499999996 164.0 0
  353.714966 176.0 0
  355.014679 92.0 0
  355.97955299999995 148.0 0
  356.278778 108.0 0
  358.59078999999997 2.688889 0
  359.11526499999997 1156.0 0
  359.281158 128.0 0
  360.52459699999997 92.0 0
  360.94244399999997 176.0 0
  361.01492299999995 5.041 0
  362.142212 1192.0 0
  365.230682 8.703947 0
  365.355011 108.0 0
  365.850647 148.0 0
  367.18447199999997 176.0 0
  369.37066699999997 92.0 0
  369.894257 100.0 0
  370.166077 128.0 0
  371.979095 180.0 0
  372.026459 128.0 0
  373.3974 152.0 0
  374.203735 1120.0 0
  374.674713 136.0 0
  376.22274799999997 144.0 0
  376.73263499999996 108.0 0
  377.13314199999996 164.0 0
  377.338013 84.0 0
  379.08541199999996 168.0 0
  381.074677 204.0 0
  381.924194 46.006939 0
  383.03891 172.0 0
  386.16137699999996 156.0 0
  386.498376 164.0 0
  387.661743 18.52002 0
  387.882416 180.0 0
  388.19262699999996 220.0 0
  389.15274 544.0 0
  392.285706 156.0 0
  396.81073 140.0 0
  398.772919 64.0 0
  399.30630499999995 72.0 0
  404.334686 52.0 0
  406.365631 112.0 0
  407.48751799999997 124.0 0
  408.157837 108.0 0
  411.14547699999997 140.0 0
  411.976685 132.0 0
  415.176294 176.0 0
  418.058655 124.0 0
  424.35778799999997 116.0 0
  425.54580699999997 15.36012 0
  426.57965099999996 272.0 0
  426.765533 124.0 0
  428.34371899999996 112.0 0
  429.228973 200.0 0
  432.29779099999996 34.026791 0
  433.13742099999996 144.0 0
  433.32372999999995 184.0 0
  433.736816 104.0 0
  435.713708 176.0 0
  441.585419 10.5625 0
  442.30877699999996 6.502717 0
  443.167535 144.0 0
  444.576965 25.26882 0
  447.315796 1931.0 0
  447.541321 21.37495 0
  448.166901 360.0 0
  448.854523 2064.0 0
  451.530396 140.0 0
  453.186401 856.0 0
  459.417084 128.0 0
  461.044128 54.64333 0
  468.105591 0.288303 0
  477.327637 224.0 0
  478.75 9.767344 0
  491.28844599999996 148.0 0
  494.058807 246.013321 0
  499.186401 33.744049 0
  501.25659199999996 740.278503 0
  505.26 1.0 0
  527.22699 52.0 0
  530.264038 184.0 0
  531.783569 72.0 0
  533.363519 160.0 0
  534.8027950000001 1263.0 0
  536.6369020000001 4.138034 0
  541.3448490000001 148.0 0
  543.220215 136.0 0
  556.386963 184.0 0
  574.459344 156.0 0
  575.887695 32.0 0
  576.9016720000001 216.0 0
  577.521783 80.0 0
  580.179199 12.81517 0
  582.272946 1.0 0
//
