ACCESSION: CCMSLIB00000080001
RECORD_TITLE: decoy
DATE: 2015.11.20
AUTHORS: Administrator
LICENSE: CC BY-SA
CH$NAME: decoy
CH$COMPOUND_CLASS: Natural Product
CH$FORMULA: C10H12O4
CH$EXACT_MASS: 196.073558864
CH$SMILES: N/A
CH$IUPAC: decoy
CH$LINK: N/A
AC$INSTRUMENT: decoy
AC$INSTRUMENT_TYPE: decoy
AC$MASS_SPECTROMETRY: MS_TYPE MS2
AC$MASS_SPECTROMETRY: ION_MODE POSITIVE
AC$MASS_SPECTROMETRY: COLLISION_ENERGY 10 V
MS$FOCUSED_ION: PRECURSOR_M/Z 197
MS$FOCUSED_ION: PRECURSOR_TYPE [M+H]+
PK$NUM_PEAK: 90
PK$PEAK: m/z int. rel.int.
  45.189854000000004 204.0 40
  46.947563 116.0 23
  47.048771 308.0 61
  49.300735 152.0 30
  50.513062000000005 188.0 37
  50.736429 240.0 47
  59.531040000000004 144.0 28
  62.935772 64.0 13
  64.539894 184.0 36
  69.46174599999999 172.0 34
  73.1931 192.0 38
  82.77950299999999 192.0 38
  83.866745 192.0 38
  88.95039399999999 192.0 38
  90.06354499999999 140.0 28
  91.68441 116.0 23
  94.365837 148.0 29
  95.151894 144.0 28
  95.92770399999999 256.0 51
  96.009529 140.0 28
  96.805504 124.0 24
  99.24994699999999 164.0 32
  99.751312 48.0 9
  101.29219099999999 88.0 17
  101.97348 164.0 32
  104.351692 164.0 32
  106.04287 2060.0 406
  106.144798 216.0 43
  107.466095 144.0 28
  113.57740799999999 144.0 28
  116.414047 148.0 29
  119.045502 5063.0 999
  119.753761 160.0 32
  121.372604 9.0625 2
  122.257477 72.0 14
  122.993202 305.0 60
  123.19711299999999 200.0 39
  126.066261 4185.421875 826
  127.21657599999999 116.0 23
  130.83992 220.0 43
  131.05354300000002 172.0 34
  131.372025 140.0 28
  131.823105 172.0 34
  132.535889 128.0 25
  132.860367 60.0 12
  133.02349900000002 117.0 23
  133.100571 172.0 34
  136.039658 152.0 30
  136.08448800000002 468.0 92
  137.269257 160.0 32
  137.818939 28.0 6
  139.326324 220.0 43
  142.160492 128.0 25
  142.88931300000002 36.0 7
  143.17982500000002 140.0 28
  143.93222 360.0 71
  147.38252300000002 11.86613 2
  147.93858300000002 176.0 35
  148.55072900000002 220.0 43
  149.09393300000002 1152.0 227
  149.366669 44.0 9
  149.938568 156.0 31
  151.30697600000002 8.833333 2
  151.38214100000002 164.0 32
  153.959335 168.0 33
  156.595749 240.0 47
  157.061218 1310.0 258
  158.504623 176.0 35
  159.04315200000002 188.0 37
  160.371048 108.0 21
  160.99130200000002 292.0 58
  162.064865 1579.0 312
  162.07092300000002 200.0 39
  162.216782 204.0 40
  162.65007 116.0 23
  163.59938 48.0 9
  168.14398200000002 96.0 19
  170.53881800000002 152.0 30
  172.11203 232.0 46
  172.203339 56.0 11
  172.511642 108.0 21
  175.112198 148.0 29
  178.239548 30.102779 6
  181.24408 12.60404 2
  184.08046000000002 144.0 28
  189.72435000000002 184.0 36
  192.178192 15.46771 3
  193.594315 80.0 16
  195.115417 176.0 35
  197.08100000000002 1.0 0
//
