ACCESSION: CCMSLIB00000078035
RECORD_TITLE: decoy
DATE: 2015.11.20
AUTHORS: Administrator
LICENSE: CC BY-SA
CH$NAME: decoy
CH$COMPOUND_CLASS: Natural Product
CH$FORMULA: C23H21F7N4O3
CH$EXACT_MASS: 534.150188072
CH$SMILES: N/A
CH$IUPAC: decoy
CH$LINK: N/A
AC$INSTRUMENT: decoy
AC$INSTRUMENT_TYPE: decoy
AC$MASS_SPECTROMETRY: MS_TYPE MS2
AC$MASS_SPECTROMETRY: ION_MODE POSITIVE
AC$MASS_SPECTROMETRY: COLLISION_ENERGY 10 V
MS$FOCUSED_ION: PRECURSOR_M/Z 535
MS$FOCUSED_ION: PRECURSOR_TYPE [M+H]+
PK$NUM_PEAK: 1756
PK$PEAK: m/z int. rel.int.
  42.033947000000005 599.858215 0
  43.12616 18.5625 0
  45.037888 180.0 0
  45.08062 212.0 0
  45.220665000000004 160.0 0
  45.259628 168.0 0
  45.377663 160.0 0
  45.473343 164.0 0
  45.635216 172.0 0
  46.307571 248.0 0
  46.458256 180.0 0
  47.04224 140.0 0
  47.304024 116.0 0
  47.427437000000005 164.0 0
  47.70435 120.0 0
  47.884655 152.0 0
  47.932365000000004 148.0 0
  49.101521 148.0 0
  49.309017000000004 152.0 0
  49.359131000000005 156.0 0
  49.554867 140.0 0
  49.785603 160.0 0
  49.820835 188.0 0
  49.848652 216.0 0
  49.908531 136.0 0
  50.204021000000004 224.0 0
  50.266682 160.0 0
  50.738323 252.0 0
  50.821445000000004 212.0 0
  51.328033000000005 220.0 0
  51.767033000000005 204.0 0
  51.827164 196.0 0
  52.202843 204.0 0
  52.279709000000004 148.0 0
  52.290150000000004 244.0 0
  52.707574 176.0 0
  52.881775000000005 208.0 0
  52.89674 184.0 0
  53.05434 164.0 0
  53.11871 144.0 0
  53.225002 212.0 0
  53.534557 228.0 0
  53.684425000000005 136.0 0
  54.437725 184.0 0
  54.644714 148.0 0
  54.913208000000004 156.0 0
  55.026344 128.0 0
  55.537273 148.0 0
  55.647694 156.0 0
  55.696175000000004 264.0 0
  55.781384 240.0 0
  56.09116 168.0 0
  56.548555 168.0 0
  57.014320000000005 168.0 0
  57.231491 100.0 0
  57.357143 200.0 0
  58.458191 180.0 0
  58.49725 204.0 0
  58.530361 120.0 0
  58.623585 176.0 0
  58.735268000000005 216.0 0
  59.044327 152.0 0
  59.051796 172.0 0
  59.073129 228.0 0
  59.209999 156.0 0
  59.664474 112.0 0
  60.31834 236.0 0
  60.3913 140.0 0
  60.425774000000004 160.0 0
  60.582901 172.0 0
  60.665428 136.0 0
  60.751698000000005 180.0 0
  61.005555 148.0 0
  61.259235000000004 188.0 0
  61.419849 96.0 0
  61.437614 220.0 0
  61.710308000000005 128.0 0
  61.723965 52.0 0
  61.854946 216.0 0
  62.370312 144.0 0
  62.574463 144.0 0
  63.102737000000005 100.0 0
  63.185516 92.0 0
  63.432152 264.0 0
  63.526070000000004 216.0 0
  63.569202000000004 144.0 0
  63.776123 176.0 0
  63.986458 124.0 0
  64.008301 156.0 0
  64.335625 228.0 0
  65.575684 208.0 0
  65.583084 208.0 0
  65.784904 156.0 0
  65.802635 148.0 0
  65.84876299999999 164.0 0
  66.137756 132.0 0
  66.234398 124.0 0
  66.24633 96.0 0
  66.46717799999999 192.0 0
  66.629959 120.0 0
  66.746185 224.0 0
  66.753029 264.0 0
  66.85561399999999 180.0 0
  66.97962199999999 128.0 0
  67.00093799999999 56.0 0
  67.325783 128.0 0
  67.354721 128.0 0
  67.666229 136.0 0
  67.81899299999999 156.0 0
  68.36413599999999 144.0 0
  68.41345199999999 136.0 0
  68.477592 200.0 0
  68.60717799999999 200.0 0
  68.63201099999999 324.0 0
  68.74552899999999 180.0 0
  69.099937 132.0 0
  69.23784599999999 164.0 0
  69.33043699999999 228.0 0
  69.53418699999999 356.0 0
  69.58107799999999 172.0 0
  69.92771099999999 148.0 0
  70.156342 248.0 0
  70.33423599999999 96.0 0
  70.364166 228.0 0
  70.401276 220.0 0
  70.47307599999999 192.0 0
  70.90946199999999 15.92045 0
  71.234619 152.0 0
  71.264191 132.0 0
  71.307907 176.0 0
  71.476433 128.0 0
  71.702057 236.0 0
  72.029556 172.0 0
  72.164772 144.0 0
  72.398399 196.0 0
  72.636383 184.0 0
  72.828217 148.0 0
  72.83717299999999 268.0 0
  73.183319 204.0 0
  73.317436 160.0 0
  73.438133 248.0 0
  74.12186399999999 80.0 0
  74.323921 164.0 0
  74.35951999999999 148.0 0
  74.42939 208.0 0
  74.579315 36.0 0
  74.76819599999999 132.0 0
  74.939995 156.0 0
  75.136078 176.0 0
  75.149704 224.0 0
  75.589264 208.0 0
  75.59693899999999 240.0 0
  75.641365 116.0 0
  75.73483999999999 136.0 0
  75.81854999999999 84.0 0
  75.98031599999999 92.0 0
  76.002831 200.0 0
  76.105324 232.0 0
  76.13506299999999 168.0 0
  76.86186199999999 140.0 0
  77.026208 184.0 0
  77.147171 156.0 0
  77.72869899999999 192.0 0
  77.779091 152.0 0
  77.792068 152.0 0
  77.904922 124.0 0
  77.94873 200.0 0
  78.582619 204.0 0
  78.920616 204.0 0
  78.97636399999999 164.0 0
  79.192284 232.0 0
  79.364746 216.0 0
  79.699631 100.0 0
  79.866394 172.0 0
  80.83268 72.0 0
  81.25168599999999 216.0 0
  82.14860499999999 224.0 0
  82.84208699999999 188.0 0
  82.846931 312.0 0
  83.10118899999999 184.0 0
  83.26988999999999 116.0 0
  84.087571 176.0 0
  84.127365 184.0 0
  84.31154599999999 220.0 0
  84.867752 60.0 0
  84.954132 172.0 0
  85.0886 192.0 0
  85.226776 176.0 0
  85.30635099999999 132.0 0
  85.396469 28.0 0
  85.69216899999999 124.0 0
  86.06738999999999 112.0 0
  86.132736 176.0 0
  86.95458199999999 152.0 0
  86.977539 188.0 0
  87.335793 212.0 0
  87.36868299999999 152.0 0
  87.55525999999999 240.0 0
  87.880135 132.0 0
  88.06356 168.0 0
  88.606308 160.0 0
  88.704239 228.0 0
  88.93231999999999 152.0 0
  89.17146299999999 184.0 0
  89.201759 180.0 0
  89.444138 240.0 0
  89.529152 204.0 0
  89.902672 264.0 0
  89.958694 160.0 0
  90.035507 260.0 0
  90.13176 208.0 0
  90.15748599999999 144.0 0
  90.169884 60.0 0
  90.363259 128.0 0
  90.64512599999999 144.0 0
  90.823944 360.0 0
  90.8853 156.0 0
  91.078773 200.0 0
  91.160004 120.0 0
  91.94543499999999 144.0 0
  91.97469299999999 116.0 0
  92.044281 180.0 0
  92.06008899999999 164.0 0
  92.06367499999999 308.0 0
  92.225815 40.0 0
  92.54783599999999 100.0 0
  92.93350199999999 48.0 0
  92.973541 208.0 0
  92.975639 344.0 0
  93.03055599999999 180.0 0
  93.06526199999999 220.0 0
  93.09370399999999 244.0 0
  93.262253 208.0 0
  93.521988 228.0 0
  93.582077 88.0 0
  93.69470199999999 188.0 0
  94.05728099999999 176.0 0
  94.127106 200.0 0
  94.667023 152.0 0
  94.74794 288.0 0
  94.87177299999999 52.0 0
  94.981606 40.0 0
  95.040909 36.0 0
  95.046684 240.0 0
  95.087334 160.0 0
  95.11820999999999 148.0 0
  95.122255 208.0 0
  95.211838 200.0 0
  95.228027 184.0 0
  95.256058 128.0 0
  95.32768999999999 128.0 0
  95.512131 252.0 0
  95.602165 144.0 0
  95.869385 116.0 0
  95.93968199999999 36.0 0
  96.050125 204.0 0
  96.12528999999999 168.0 0
  96.197182 168.0 0
  96.207977 240.0 0
  96.370285 184.0 0
  96.48190299999999 192.0 0
  96.532112 212.0 0
  96.59767199999999 68.0 0
  96.619057 72.0 0
  96.701515 172.0 0
  96.77128599999999 240.0 0
  96.93230399999999 204.0 0
  96.994095 112.0 0
  97.00207499999999 160.0 0
  97.023415 160.0 0
  97.32586699999999 132.0 0
  97.38591799999999 208.0 0
  97.52931199999999 204.0 0
  97.583992 228.0 0
  97.890221 96.0 0
  97.895714 156.0 0
  98.05648799999999 188.0 0
  98.06510899999999 168.0 0
  98.196281 152.0 0
  98.324303 164.0 0
  98.42620099999999 256.0 0
  98.53377499999999 168.0 0
  98.723053 148.0 0
  98.79118299999999 108.0 0
  98.835732 52.0 0
  98.852165 208.0 0
  99.17690999999999 168.0 0
  99.469231 52.0 0
  99.506462 184.0 0
  99.523636 68.0 0
  99.650818 204.0 0
  99.820442 80.0 0
  99.97374699999999 104.0 0
  100.45897699999999 152.0 0
  100.60951999999999 232.0 0
  100.81330899999999 120.0 0
  100.830918 168.0 0
  101.02132399999999 188.0 0
  101.024971 116.0 0
  101.048592 184.0 0
  101.07395899999999 140.0 0
  101.27952599999999 228.0 0
  101.34342199999999 84.0 0
  101.35024999999999 160.0 0
  101.661705 72.0 0
  101.803108 212.0 0
  101.805618 244.0 0
  101.81532299999999 176.0 0
  102.03334799999999 752.0 0
  102.081116 156.0 0
  102.08893599999999 188.0 0
  102.127296 196.0 0
  102.22318299999999 36.0 0
  102.230415 156.0 0
  102.254295 176.0 0
  102.34477199999999 156.0 0
  102.47449499999999 176.0 0
  102.546494 156.0 0
  102.69491599999999 176.0 0
  102.75573 180.0 0
  103.026085 88.0 0
  103.05351999999999 888.0 0
  103.05683099999999 176.0 0
  103.079208 200.0 0
  103.08564 220.0 0
  103.08850899999999 196.0 0
  103.095787 24.15559 0
  103.179268 144.0 0
  103.217331 112.0 0
  103.296448 136.0 0
  103.316559 84.0 0
  103.389107 9.091216 0
  103.46187599999999 100.0 0
  103.482506 16.218781 0
  103.70906799999999 76.0 0
  103.76233699999999 108.0 0
  103.91714499999999 80.0 0
  104.065933 156.0 0
  104.16197199999999 192.0 0
  104.262085 216.0 0
  104.264679 184.0 0
  104.306366 168.0 0
  104.341934 236.0 0
  104.498024 116.0 0
  104.542953 212.0 0
  104.66302499999999 36.697239 0
  104.769989 132.0 0
  104.834091 140.0 0
  104.886681 30.49482 0
  104.912216 224.0 0
  104.97383099999999 84.0 0
  105.034004 21036.0 5
  105.04098499999999 220.0 0
  105.07099199999999 176.0 0
  105.10664399999999 156.0 0
  105.119453 132.0 0
  105.255669 296.0 0
  105.36883499999999 172.0 0
  105.463966 156.0 0
  105.471313 52.0 0
  105.52455099999999 128.0 0
  105.52669499999999 160.0 0
  105.60054 51.257301 0
  105.85932899999999 168.0 0
  105.879105 196.0 0
  105.97876699999999 268.0 0
  106.036552 196.0 0
  106.04250499999999 443.0 0
  106.066887 208.0 0
  106.070724 188.0 0
  106.117043 6.010417 0
  106.373795 208.0 0
  106.583618 2.678571 0
  106.968674 84.0 0
  107.047356 204.0 0
  107.083107 1744.0 0
  107.086906 192.0 0
  107.20320099999999 8.555921 0
  107.20612299999999 156.0 0
  107.25769 10.16329 0
  107.434525 156.0 0
  107.47228199999999 84.0 0
  107.57315799999999 156.0 0
  107.60732999999999 156.0 0
  107.620049 180.0 0
  107.83911099999999 236.0 0
  107.9067 116.0 0
  108.053314 164.0 0
  108.07032799999999 132.0 0
  108.112808 32.0 0
  108.23880799999999 60.25029 0
  108.26729599999999 40.0 0
  108.42476699999999 160.0 0
  108.809288 196.0 0
  108.956558 180.0 0
  109.028374 2840.0 1
  109.585121 144.0 0
  109.728348 96.0 0
  109.90525099999999 80.0 0
  110.00514199999999 420.0 0
  110.216743 68.0 0
  110.39609499999999 220.0 0
  110.437241 156.0 0
  110.515343 140.0 0
  110.528954 148.0 0
  110.62395599999999 152.0 0
  110.728561 140.0 0
  110.89182299999999 156.0 0
  111.064331 628.0 0
  111.07753899999999 120.0 0
  111.21939099999999 184.0 0
  111.236008 64.0 0
  111.320251 19.877159 0
  111.404495 188.0 0
  111.697296 172.0 0
  111.75353199999999 164.0 0
  111.80446599999999 152.0 0
  111.92899299999999 136.0 0
  111.933105 152.0 0
  112.063087 156.0 0
  112.36456299999999 188.0 0
  112.467613 56.0 0
  112.538551 148.0 0
  112.748848 144.0 0
  112.889015 64.0 0
  113.091217 168.0 0
  113.196091 288.0 0
  113.27235399999999 160.0 0
  113.332031 196.0 0
  113.40555599999999 176.0 0
  113.796295 208.0 0
  113.879684 164.0 0
  113.95517 160.0 0
  113.969872 148.0 0
  114.026894 224.0 0
  114.056389 292.0 0
  114.187592 56.0 0
  114.297699 224.0 0
  114.32760599999999 200.0 0
  114.43124399999999 5.753801 0
  114.45380399999999 212.0 0
  114.70204899999999 108.0 0
  114.79422 144.0 0
  114.835213 140.0 0
  114.84119399999999 55.390572 0
  114.965019 156.0 0
  114.981758 156.0 0
  115.22081 228.0 0
  115.35192099999999 2.503472 0
  115.35469099999999 132.0 0
  115.453514 200.0 0
  115.537712 192.0 0
  115.626854 196.0 0
  115.64641599999999 168.0 0
  115.88748199999999 148.0 0
  116.05850199999999 176.0 0
  116.21844499999999 176.0 0
  116.300598 188.0 0
  116.84294899999999 60.0 0
  117.05627399999999 152.0 0
  117.11046599999999 180.0 0
  117.15683 272.0 0
  117.182571 168.0 0
  117.207878 72.0 0
  117.270462 224.0 0
  117.33006999999999 104.0 0
  117.386955 140.0 0
  117.444122 44.067848 0
  117.868484 104.0 0
  117.935059 148.0 0
  117.99443099999999 148.0 0
  118.04208399999999 1520.0 0
  118.06388899999999 115.853401 0
  118.068787 268.0 0
  118.28108999999999 3.005953 0
  118.30833399999999 180.0 0
  118.39671299999999 144.0 0
  118.65126799999999 36.0 0
  118.73271199999999 100.0 0
  118.75825499999999 248.0 0
  118.792999 220.0 0
  118.875664 128.0 0
  118.897263 40.0 0
  119.03743 144.0 0
  119.06369 136.0 0
  119.08431999999999 124.0 0
  119.16444399999999 17.48576 0
  119.31851999999999 168.0 0
  119.668358 116.0 0
  119.81249199999999 180.0 0
  120.02001999999999 36.0 0
  120.080772 2220.0 0
  120.088707 704.0 0
  120.09614599999999 220.0 0
  120.225746 128.0 0
  120.267006 156.0 0
  120.50870499999999 7.531565 0
  120.51858499999999 44.0 0
  120.83460199999999 40.0 0
  121.05326799999999 340.0 0
  121.06320199999999 300.0 0
  121.10221899999999 1012.0 0
  121.166191 5.401515 0
  121.211761 26.228239 0
  121.29506699999999 29.95043 0
  121.38194299999999 164.0 0
  121.54377699999999 300.0 0
  121.653854 336.0 0
  121.78716999999999 44.0 0
  121.793129 140.0 0
  121.803963 116.0 0
  121.85818499999999 116.0 0
  121.893661 52.0 0
  121.924026 184.0 0
  122.08966799999999 220.0 0
  122.103828 84.0 0
  122.17613999999999 132.0 0
  122.348068 140.0 0
  122.373764 140.0 0
  122.38332399999999 236.0 0
  122.49256899999999 188.0 0
  122.532349 208.0 0
  122.666725 192.0 0
  122.770889 100.0 0
  122.79094699999999 140.0 0
  122.975319 144.0 0
  123.032837 29992.0 7
  123.10286699999999 420.0 0
  123.184067 44.0 0
  123.21623199999999 76.0 0
  123.242554 332.0 0
  123.25952099999999 188.0 0
  123.563835 188.0 0
  123.59462699999999 108.0 0
  123.778801 196.0 0
  123.912971 56.0 0
  124.03860499999999 108.0 0
  124.10333999999999 220.0 0
  124.230087 92.0 0
  124.266876 164.0 0
  124.691841 172.0 0
  124.78125 9.672619 0
  124.83022299999999 96.0 0
  124.849762 152.0 0
  124.88079099999999 216.0 0
  124.883995 156.0 0
  125.05684699999999 116.0 0
  125.06175999999999 340.0 0
  125.097557 160.0 0
  125.286926 17.360559 0
  125.344315 25.00362 0
  125.37424499999999 60.0 0
  125.49080699999999 144.0 0
  125.574287 68.0 0
  125.59110299999999 104.0 0
  125.687035 224.0 0
  125.939087 176.0 0
  126.00900999999999 194.051102 0
  126.102814 144.0 0
  126.182587 144.0 0
  126.41973899999999 168.0 0
  126.43397499999999 200.0 0
  126.474937 168.0 0
  126.480835 176.0 0
  126.484482 232.0 0
  126.491249 140.0 0
  127.03475999999999 148.0 0
  127.04075599999999 152.0 0
  127.053703 164.0 0
  127.114944 204.0 0
  127.15064199999999 196.0 0
  127.15542599999999 132.0 0
  127.33453399999999 120.0 0
  127.363159 88.0 0
  127.393318 80.0 0
  127.61593599999999 180.0 0
  127.778099 148.0 0
  128.001755 128.0 0
  128.06118800000002 3828.0 1
  128.088486 216.0 0
  128.457672 68.0 0
  128.694626 140.0 0
  128.864105 164.0 0
  128.905228 132.0 0
  128.945984 36.0 0
  129.070099 144.0 0
  129.075104 88.0 0
  129.078323 184.0 0
  129.173065 176.0 0
  129.465256 132.0 0
  129.663376 172.0 0
  129.907272 184.0 0
  130.03688 196.0 0
  130.041458 286439.0 65
  130.066833 104.0 0
  130.07392900000002 496.0 0
  130.244415 132.0 0
  130.28772 196.0 0
  130.363449 180.0 0
  130.489075 140.0 0
  130.714523 212.0 0
  130.770309 176.0 0
  130.874222 240.0 0
  130.936798 11.52381 0
  131.058624 128.0 0
  131.070267 10.69031 0
  131.175903 204.0 0
  131.51332100000002 172.0 0
  131.561249 140.0 0
  131.580826 308.0 0
  131.774796 172.0 0
  131.78765900000002 156.0 0
  131.849869 148.0 0
  131.919083 136.0 0
  132.080658 176.0 0
  132.08483900000002 208.0 0
  132.13002 1868.0 0
  132.383835 40.0 0
  132.404343 10.34722 0
  132.50576800000002 76.0 0
  132.57260100000002 148.0 0
  132.708832 148.0 0
  132.93112200000002 16.648279 0
  132.937485 184.0 0
  132.94665500000002 252.0 0
  132.962982 168.0 0
  133.024948 168.0 0
  133.030167 148.0 0
  133.05069 140.0 0
  133.075928 645.101929 0
  133.079697 123.956001 0
  133.17527800000002 108.0 0
  133.341644 180.0 0
  133.440277 144.0 0
  133.513657 152.0 0
  134.063919 196.0 0
  134.129364 116.0 0
  134.194824 120.0 0
  134.240173 148.0 0
  134.31041000000002 124.0 0
  134.34011800000002 244.0 0
  134.415359 220.0 0
  134.51889 128.0 0
  134.70575 16.56818 0
  134.938171 156.0 0
  134.990219 184.0 0
  135.04028300000002 13722.0 3
  135.054306 192.0 0
  135.08017 1120.098999 0
  135.08595300000002 188.0 0
  135.09549 164.0 0
  135.116837 335.162689 0
  135.127472 152.0 0
  135.21073900000002 208.0 0
  135.243469 84.0 0
  135.284286 116.0 0
  135.372452 10.375 0
  135.39982600000002 204.0 0
  135.49717700000002 96.0 0
  135.705917 248.0 0
  135.848419 132.0 0
  135.90181 148.0 0
  135.949463 176.0 0
  136.01789200000002 164.0 0
  136.053528 132.0 0
  136.071121 152.0 0
  136.073746 144.0 0
  136.43895 160.0 0
  136.98928800000002 116.0 0
  137.047043 57.328442 0
  137.06835900000002 80.0 0
  137.087997 160.0 0
  137.090179 200.0 0
  137.101044 100.0 0
  137.108484 324.0 0
  137.426193 72.0 0
  137.55934100000002 92.0 0
  137.587463 160.0 0
  137.914368 48.0 0
  138.00576800000002 184.0 0
  138.063049 64.0 0
  138.078415 168.0 0
  138.085968 268.0 0
  138.12042200000002 184.0 0
  138.140182 132.0 0
  138.151978 220.0 0
  138.37274200000002 116.0 0
  138.53663600000002 208.0 0
  138.710876 144.0 0
  138.871384 236.0 0
  138.87454200000002 180.0 0
  139.004456 140.0 0
  139.21315 48.0 0
  139.29156500000002 160.0 0
  139.48001100000002 244.0 0
  139.56691 64.0 0
  139.63699300000002 68.0 0
  140.09127800000002 156.0 0
  140.30015600000002 188.0 0
  140.346573 156.0 0
  140.37295500000002 144.0 0
  140.524368 152.0 0
  140.576447 184.0 0
  140.81942700000002 104.0 0
  140.86676 112.0 0
  141.012817 764.0 0
  141.041086 170.0 0
  141.09011800000002 2060.952881 0
  141.13952600000002 144.0 0
  141.328857 272.0 0
  141.43038900000002 156.0 0
  141.52513100000002 152.0 0
  141.696594 168.0 0
  141.910995 44.0 0
  141.967499 220.0 0
  141.99452200000002 152.0 0
  142.011703 58.1026 0
  142.03457600000002 128.0 0
  142.05925000000002 64.296471 0
  142.06410200000002 124.0 0
  142.075195 220.0 0
  142.08320600000002 275.204407 0
  142.255096 56.0 0
  143.15686 152.0 0
  143.248367 136.0 0
  143.38725300000002 160.0 0
  143.445206 164.0 0
  143.507477 144.0 0
  143.55337500000002 64.0 0
  143.663284 72.0 0
  143.666855 152.0 0
  144.043701 164.0 0
  144.047806 176.0 0
  144.058289 1064.0 0
  144.098862 80.0 0
  144.15213 168.0 0
  144.15673800000002 128.0 0
  144.18640100000002 168.0 0
  144.19548 35.160309 0
  144.263824 60.0 0
  144.378479 204.0 0
  144.457977 10.65625 0
  144.649246 88.0 0
  145.00676 460.0 0
  145.012405 172.0 0
  145.025192 8313.0 2
  145.046097 1824.0 0
  145.055206 128.0 0
  145.070999 249.0 0
  145.487503 200.0 0
  145.74125700000002 220.0 0
  145.961578 156.0 0
  146.061066 512.0 0
  146.09754900000001 57.094318 0
  146.632507 116.0 0
  146.691101 52.0 0
  146.711868 164.0 0
  147.053864 176.0 0
  147.078247 272.704193 0
  147.11668400000002 336.0 0
  147.167664 44.0 0
  147.19528200000002 72.0 0
  147.22087100000002 116.0 0
  147.631866 3.434615 0
  147.658737 228.0 0
  147.88862600000002 176.0 0
  147.899216 160.0 0
  148.045914 117.952698 0
  148.05067400000001 300.0 0
  148.07164 2716.0 1
  148.110046 120.0 0
  148.232254 144.0 0
  148.253433 200.0 0
  148.625473 244.0 0
  148.962509 124.0 0
  149.010864 199.0 0
  149.054413 14368.0 3
  149.05865500000002 156.0 0
  149.07740800000002 428.0 0
  149.13758900000002 204.0 0
  149.235489 128.0 0
  149.309799 152.0 0
  149.35565200000002 144.0 0
  149.431274 72.0 0
  149.511642 144.0 0
  149.56654400000002 1.866667 0
  149.673065 92.0 0
  149.695862 136.0 0
  149.75662200000002 160.0 0
  149.89961200000002 140.0 0
  150.033432 332.0 0
  150.055634 192.0 0
  150.05818200000002 240.0 0
  150.59286500000002 196.0 0
  150.649292 88.0 0
  150.827988 212.0 0
  150.846161 188.0 0
  150.94708300000002 60.0 0
  151.015411 140.0 0
  151.03521700000002 1774.0 0
  151.06556700000002 288.0 0
  151.11045800000002 29.49843 0
  151.334076 140.0 0
  151.571579 196.0 0
  151.621307 188.0 0
  151.630173 172.0 0
  151.769409 108.0 0
  151.98048400000002 22.11594 0
  152.018539 168.0 0
  152.036819 508.0 0
  152.059158 17.96023 0
  152.179688 28.0 0
  152.50885 92.0 0
  152.574524 4.358333 0
  152.86599700000002 5658.0 1
  152.896637 148.0 0
  152.981415 172.0 0
  153.037521 320.0 0
  153.088928 351.380615 0
  153.335388 252.0 0
  153.346146 188.0 0
  153.40574600000002 228.0 0
  153.787292 188.0 0
  153.923111 8.367424 0
  153.94133000000002 92.0 0
  154.019577 144.0 0
  154.093613 176.0 0
  154.218994 104.0 0
  154.68029800000002 76.0 0
  154.687195 188.0 0
  154.951279 144.0 0
  155.05680800000002 128.0 0
  155.198517 32.0 0
  155.342804 228.0 0
  155.63763400000002 26.628571 0
  155.88063 148.0 0
  156.061554 6922.0 2
  156.089523 256.0 0
  156.10806300000002 156.0 0
  156.256256 204.0 0
  156.503586 116.0 0
  156.582764 132.0 0
  156.648376 196.0 0
  156.710938 156.0 0
  156.73786900000002 176.0 0
  157.00502 80.0 0
  157.063446 2620.0 1
  157.122299 44.0 0
  157.385757 112.0 0
  157.484802 116.0 0
  157.539215 280.0 0
  157.561417 60.0 0
  157.594818 180.0 0
  157.599014 4.013889 0
  157.63874800000002 40.0 0
  157.67837500000002 120.0 0
  157.861893 140.0 0
  157.99336200000002 140.0 0
  158.07811 164.0 0
  158.246262 33.826839 0
  158.387268 76.0 0
  158.653809 132.0 0
  158.77027900000002 164.0 0
  158.785843 152.0 0
  158.79800400000002 132.0 0
  158.811325 200.0 0
  158.92802400000002 112.0 0
  158.978073 56.0 0
  159.026566 244.0 0
  159.06234700000002 176.0 0
  159.079742 320.0 0
  159.09831200000002 8.41565 0
  159.16011 48.0 0
  159.32019 152.0 0
  159.46313500000002 208.0 0
  159.694016 120.0 0
  159.737427 156.0 0
  159.991104 49.311329 0
  160.01147500000002 156.0 0
  160.060135 88.0 0
  160.098343 152.0 0
  160.12295500000002 440.0 0
  160.192932 68.0 0
  160.227768 108.0 0
  160.47197 164.0 0
  160.524002 144.0 0
  160.529266 124.0 0
  160.81036400000002 48.0 0
  160.849808 48.0 0
  160.910706 172.0 0
  160.934433 168.0 0
  161.018036 160.0 0
  161.028336 168.0 0
  161.080872 740.0 0
  161.336487 216.0 0
  161.34707600000002 132.0 0
  161.39651500000002 200.0 0
  161.537521 124.0 0
  162.040543 180.0 0
  162.052658 256.0 0
  162.065323 243.0 0
  162.128647 156.0 0
  162.134598 156.0 0
  162.634094 304.0 0
  163.034988 22834.0 5
  163.05972300000002 64.0 0
  163.06663500000002 112.0 0
  163.073364 37.7313 0
  163.07551600000002 23480.0 5
  163.10614 18.26754 0
  163.181824 1.09667 0
  163.258667 148.0 0
  163.39334100000002 200.0 0
  163.51211500000002 156.0 0
  163.570938 22.462641 0
  163.577393 200.0 0
  163.932114 48.0 0
  164.04916400000002 200.0 0
  164.166931 80.0 0
  164.334808 72.0 0
  164.45163 108.0 0
  164.69310000000002 7.044117 0
  164.772873 168.0 0
  165.003174 715.0 0
  165.011292 944.0 0
  165.025925 772.0 0
  165.058731 212.0 0
  165.06900000000002 113.452301 0
  165.55058300000002 260.0 0
  165.80070500000002 68.0 0
  165.884323 136.0 0
  165.91639700000002 204.0 0
  166.02033400000002 3512.0 1
  166.074585 54.772041 0
  166.123245 112.0 0
  166.142151 96.0 0
  166.15458700000002 144.0 0
  166.16622900000002 152.0 0
  166.178818 108.0 0
  166.301041 100.0 0
  166.452164 3.727941 0
  166.50886500000001 88.0 0
  166.613998 56.0 0
  166.707764 144.0 0
  167.0009 200.0 0
  167.028488 152.0 0
  167.044693 144.0 0
  167.083969 132.0 0
  167.175735 3.345238 0
  167.276794 16.360809 0
  167.29530300000002 68.0 0
  167.34677100000002 16.20455 0
  167.44300800000002 160.0 0
  167.50679 104.0 0
  167.516876 236.0 0
  167.67520100000002 188.0 0
  168.055618 184.0 0
  168.06024200000002 180.0 0
  168.072968 3186.0 1
  168.08067300000002 4545.0 1
  168.155777 148.0 0
  168.28891000000002 108.0 0
  168.292648 116.0 0
  168.324036 140.0 0
  168.455811 108.0 0
  168.461502 168.0 0
  168.496781 108.0 0
  168.59108 96.0 0
  168.678955 68.0 0
  168.688782 220.0 0
  168.985687 192.0 0
  169.194229 160.0 0
  169.687637 100.0 0
  169.69284100000002 4.595588 0
  170.01156 188.0 0
  170.072998 879.0 0
  170.09523000000002 488.0 0
  170.636642 176.0 0
  170.702515 116.0 0
  170.85278300000002 180.0 0
  171.075363 1273.0 0
  171.077423 188.0 0
  171.079758 5879.035156 1
  171.121689 1348.0 0
  171.175354 208.0 0
  171.74031100000002 132.0 0
  171.935944 160.0 0
  172.08749400000002 156.0 0
  172.122726 128.0 0
  172.323318 84.0 0
  172.46167 212.0 0
  172.90097 172.0 0
  173.048584 92.0 0
  174.055161 5564.0 1
  174.348083 72.0 0
  174.415085 72.0 0
  174.458664 152.0 0
  174.599442 264.0 0
  174.685379 132.0 0
  175.025803 120.0 0
  175.03985600000001 424.0 0
  175.062012 370.0 0
  175.074905 385.0 0
  175.080566 88.0 0
  175.085587 7884.0 2
  175.127701 160.0 0
  175.763947 144.0 0
  175.78758200000001 196.0 0
  175.833969 112.0 0
  176.11599700000002 200.0 0
  176.28370700000002 30.000731 0
  176.41339100000002 228.0 0
  176.58969100000002 140.0 0
  177.142197 176.0 0
  177.420746 120.0 0
  177.481369 112.0 0
  177.643066 144.0 0
  178.08663900000002 220.0 0
  178.19769300000002 152.0 0
  178.207443 80.0 0
  178.442169 240.0 0
  178.655762 152.0 0
  178.747879 212.0 0
  179.04805000000002 152.0 0
  179.062866 432.0 0
  179.071 1.0 0
  179.081909 6391.0 1
  179.086761 92.0 0
  179.332611 132.0 0
  179.38230900000002 248.0 0
  179.385239 32.055649 0
  179.54451 168.0 0
  179.579285 112.0 0
  179.680634 188.0 0
  179.726227 40.0 0
  179.736343 116.0 0
  179.75430300000002 44.0 0
  179.78280600000002 136.0 0
  179.974396 144.0 0
  180.009903 68.0 0
  180.064041 316.0 0
  180.084183 2341.0 1
  180.09466600000002 148.0 0
  180.141312 136.0 0
  180.148102 212.0 0
  180.24026500000002 160.0 0
  180.576096 148.0 0
  180.720169 108.0 0
  180.806168 164.0 0
  180.97799700000002 184.0 0
  180.982956 168.0 0
  181.05929600000002 145.0 0
  181.08654800000002 168.0 0
  181.108994 260.0 0
  182.040985 11526.0 3
  182.096237 200.0 0
  182.104462 448.0 0
  182.108093 164.0 0
  182.12231400000002 136.0 0
  182.301025 124.0 0
  182.362274 2.751645 0
  182.634323 172.0 0
  182.965744 164.0 0
  183.63041700000002 148.0 0
  183.680511 136.0 0
  184.025574 72.0 0
  184.033615 176.0 0
  184.08384700000002 308.0 0
  184.110489 188.0 0
  184.727814 160.0 0
  184.80084200000002 228.0 0
  184.8228 100.0 0
  184.835327 168.0 0
  185.00089400000002 2125.0 0
  185.057632 468.0 0
  185.06105 784.0 0
  185.07719400000002 136.0 0
  185.14497400000002 168.0 0
  185.208389 272.0 0
  185.420486 156.0 0
  185.656769 228.0 0
  185.92205800000002 152.0 0
  185.96765100000002 1680.0 0
  185.97009300000002 52.0 0
  185.976807 84.0 0
  185.98005700000002 180.0 0
  186.02302600000002 9194.0 2
  186.062607 1319.0 0
  186.092056 140.0 0
  186.107483 88.0 0
  186.137222 184.0 0
  186.797989 88.0 0
  186.969223 300.0 0
  187.06620800000002 2.0 0
  187.302048 152.0 0
  187.41206400000002 11.78248 0
  188.091263 128.0 0
  188.105667 580.720581 0
  188.162521 136.0 0
  188.37178 68.0 0
  188.439682 160.0 0
  188.891953 64.0 0
  188.994247 64.0 0
  189.01898200000002 296.0 0
  189.042077 1013.0 0
  189.05577100000002 436.0 0
  189.120407 200.0 0
  189.162292 180.0 0
  189.295883 8.995968 0
  189.859512 112.0 0
  189.955231 31.789141 0
  190.092957 204.0 0
  190.129379 84.0 0
  190.188431 80.0 0
  190.337311 172.0 0
  191.03337100000002 172.0 0
  191.037476 148.0 0
  191.085449 592.597717 0
  191.142899 292.0 0
  191.295654 32.0 0
  191.391464 68.0 0
  192.03504900000001 9523.0 2
  192.07269300000002 4141.0 1
  192.33119200000002 136.0 0
  192.348602 40.0 0
  192.42262300000002 120.0 0
  192.493866 128.0 0
  192.641174 7.47962 0
  192.92390400000002 156.0 0
  193.03666700000002 34933.0 8
  193.26834100000002 180.0 0
  193.285248 116.0 0
  193.87132300000002 212.0 0
  194.00705000000002 148.0 0
  194.43026700000001 132.0 0
  194.48126200000002 132.0 0
  195.001678 152.0 0
  195.01091 2500.0 1
  195.078003 55.133888 0
  195.099054 412.0 0
  195.14604200000002 68.0 0
  195.21928400000002 144.0 0
  195.311752 9.057693 0
  195.419495 172.0 0
  195.443588 424.0 0
  195.57444800000002 156.0 0
  195.630997 144.0 0
  196.050934 180.0 0
  196.197662 92.0 0
  196.217957 128.0 0
  196.26989700000001 144.0 0
  196.286743 204.0 0
  196.444534 84.0 0
  196.475601 40.0 0
  196.61113 176.0 0
  197.040359 2811.0 1
  197.48434400000002 152.0 0
  197.634125 84.0 0
  198.086014 160.0 0
  198.096054 224.0 0
  198.34137 11.70417 0
  199.024078 187.981277 0
  199.09019500000002 432.0 0
  199.111038 2072.0 0
  199.155334 12.22094 0
  199.34082 68.0 0
  199.51329 52.0 0
  199.63462800000002 48.0 0
  199.935608 180.0 0
  199.949417 124.0 0
  199.95198100000002 60.0 0
  200.113358 4500.0 1
  200.79361 152.0 0
  200.98005700000002 32196.0 7
  201.005829 192.0 0
  201.089096 191.742905 0
  201.095108 184.0 0
  201.127991 2732.0 1
  201.47648600000002 11.45833 0
  201.503769 148.0 0
  201.60015900000002 188.0 0
  201.900284 44.0 0
  202.046341 40.0 0
  202.05281100000002 136.0 0
  202.306305 4.182692 0
  202.63668800000002 220.0 0
  202.917191 172.0 0
  203.030237 5199.0 1
  203.038925 188.0 0
  203.063858 8.166667 0
  203.08831800000002 163.814499 0
  203.12616 304.0 0
  203.143158 231.8965 0
  203.259491 72.0 0
  203.977112 783.653442 0
  204.042374 7.225 0
  204.07397500000002 108.0 0
  204.203171 184.0 0
  204.319092 60.0 0
  204.471191 160.0 0
  205.080353 119.0 0
  205.08531200000002 108.0 0
  205.089279 156.0 0
  205.103516 212.0 0
  205.144821 708.0 0
  205.25195300000001 156.0 0
  205.54632600000002 120.0 0
  205.843002 172.0 0
  206.069519 132.0 0
  206.085556 172.0 0
  206.09404 33.672218 0
  207.12068200000002 160.0 0
  207.44082600000002 128.0 0
  207.48999 180.0 0
  208.06303400000002 128.0 0
  208.097183 154576.0 35
  208.12059000000002 6.925926 0
  208.57508900000002 184.0 0
  208.67669700000002 100.0 0
  209.09904500000002 204.0 0
  209.11874400000002 180.0 0
  209.149948 240.0 0
  209.193756 160.0 0
  209.572418 156.0 0
  209.69099400000002 132.0 0
  209.933334 54.92511 0
  210.66748 11.42803 0
  210.96997100000002 200.0 0
  211.131845 2491.0 1
  211.141464 192.0 0
  211.158218 172.0 0
  211.186752 148.0 0
  211.34111000000001 92.0 0
  211.52356 140.0 0
  211.80423000000002 132.0 0
  211.87655600000002 156.0 0
  211.90763900000002 96.0 0
  212.041794 140.0 0
  212.169946 166.0 0
  212.218002 14190.0 3
  212.304886 180.0 0
  212.338623 76.0 0
  212.865768 192.0 0
  212.99383500000002 164.0 0
  213.032791 188.0 0
  213.07916300000002 180.0 0
  213.095535 128.0 0
  213.11492900000002 180.0 0
  213.63162200000002 84.0 0
  213.710327 220.0 0
  214.060989 14.09524 0
  214.09021 938.0 0
  214.215363 128.0 0
  214.346191 52.0 0
  215.074814 204.0 0
  215.46691900000002 212.0 0
  215.88157700000002 124.0 0
  216.23919700000002 216.0 0
  216.42205800000002 144.0 0
  216.457382 48.0 0
  217.14175400000002 148.0 0
  217.216104 204.0 0
  217.444305 40.0 0
  218.009399 32.0 0
  218.016549 160.0 0
  218.02643700000002 140.0 0
  218.07840000000002 40578.0 9
  218.082672 260.0 0
  218.124359 112.0 0
  218.137665 632.0 0
  218.238495 72.0 0
  218.353775 172.0 0
  218.722092 40.0 0
  219.063354 316.0 0
  219.085358 97.539902 0
  219.166528 192.0 0
  219.18154900000002 168.0 0
  219.545456 28.0 0
  219.61908 152.0 0
  219.624222 168.0 0
  219.796082 168.0 0
  219.82766700000002 52.0 0
  219.9702 208.0 0
  220.08948600000002 172.0 0
  220.17939800000002 48.0 0
  220.564713 156.0 0
  220.67515600000002 3.125 0
  220.710388 132.0 0
  220.95967100000001 140.0 0
  221.47529600000001 112.0 0
  222.045197 204.0 0
  222.082672 468.0 0
  222.092834 936.0 0
  222.25502 104.0 0
  222.604431 236.0 0
  222.835297 176.0 0
  223.020294 244.0 0
  223.064072 248.0 0
  223.176712 11.38889 0
  223.41597000000002 204.0 0
  223.571136 136.0 0
  223.98550400000002 96.0 0
  224.052505 555.846619 0
  225.87136800000002 184.0 0
  226.03855900000002 96.0 0
  226.048706 15930.450195 4
  226.573563 124.0 0
  227.000366 148.0392 0
  227.16313200000002 148.0 0
  227.50349400000002 21.44643 0
  227.604645 196.0 0
  228.036728 1381.0 0
  228.090912 3.167587 0
  228.103149 280.0 0
  228.116333 245.046295 0
  228.394318 192.0 0
  228.772781 128.0 0
  229.036438 148.0 0
  229.04040500000002 144.0 0
  229.05058300000002 1048.0 0
  229.09982300000001 208.0 0
  229.689423 100.0 0
  229.797943 2.675 0
  230.091125 260.0 0
  230.61776700000001 236.0 0
  230.993393 148.0 0
  231.021118 9.8 0
  231.134109 92.0 0
  231.161774 124.0 0
  231.73202500000002 188.0 0
  232.058472 192.0 0
  232.13415500000002 156.0 0
  232.150055 172.0 0
  232.42247 44.674099 0
  232.642853 48.0 0
  232.74173000000002 80.0 0
  233.424026 136.0 0
  233.522919 40.0 0
  233.712357 1.501389 0
  233.72934 100.0 0
  234.215317 156.0 0
  234.572571 152.0 0
  234.65382400000001 13.51197 0
  234.719818 11.57407 0
  235.557816 136.0 0
  235.56457500000002 144.0 0
  236.14463800000001 176.0 0
  236.264465 64.0 0
  236.652374 112.0 0
  236.663513 72.0 0
  236.682724 18.21533 0
  236.905396 144.0 0
  237.078271 180.0 0
  237.10611 304.0 0
  238.221359 144.0 0
  238.646332 152.0 0
  239.125244 96.0 0
  240.059998 4435598.0 999
  240.22934 92.0 0
  241.081238 480.0 0
  241.10025000000002 915.689026 0
  241.1604 224.0 0
  241.59581 48.0 0
  242.139938 25.726191 0
  242.172662 152.0 0
  242.219772 6.876302 0
  242.47052000000002 108.0 0
  242.473129 44.0 0
  242.705551 120.0 0
  242.911514 36.0 0
  242.98280300000002 148.0 0
  243.061859 164.0 0
  243.189087 92.0 0
  243.20816000000002 362.0 0
  243.49182100000002 76.0 0
  244.08879100000001 132.0 0
  244.12295500000002 156.0 0
  244.451172 136.0 0
  244.821594 176.0 0
  244.839478 10.0947 0
  245.067337 95640.0 22
  245.07260100000002 240.0 0
  245.10202 92.0 0
  245.182434 152.0 0
  245.34874000000002 212.0 0
  245.364746 96.0 0
  245.553909 72.0 0
  245.828003 64.0 0
  245.843994 144.0 0
  247.072845 47.375 0
  247.97937000000002 164.0 0
  248.024506 160.0 0
  248.03375200000002 1340.0 0
  248.109192 164.0 0
  248.437408 188.0 0
  248.461838 192.0 0
  249.026611 184.0 0
  249.293594 39.830078 0
  249.372894 25.57209 0
  249.452225 140.0 0
  249.850281 56.0 0
  249.877045 80.0 0
  250.044952 148.0 0
  250.15841700000001 2143.875 0
  250.187576 176.0 0
  250.37252800000002 224.0 0
  250.926376 148.0 0
  252.076736 2796.0 1
  252.17845200000002 200.0 0
  252.710144 208.0 0
  253.480087 208.0 0
  253.575104 52.0 0
  254.372543 40.0 0
  254.996933 176.0 0
  255.046997 160.0 0
  255.384521 144.0 0
  255.62648000000002 32.0 0
  255.67025800000002 23.089279 0
  255.987 15976.0 4
  256.01709 27.20833 0
  256.042816 104.0 0
  256.49069199999997 116.0 0
  256.495026 148.0 0
  257.042938 103.743698 0
  257.102631 12991.0 3
  258.061157 120.0 0
  258.91867099999996 228.0 0
  259.134888 156.0 0
  259.494019 21.670139 0
  259.793701 80.0 0
  260.171539 16.61742 0
  260.18667 184.0 0
  260.24096699999996 84.0 0
  260.52615399999996 36.0 0
  261.081573 272.0 0
  261.165283 124.0 0
  261.16885399999995 52.0 0
  261.442078 22.33954 0
  261.477112 72.0 0
  262.004822 60.0 0
  262.031067 140.0 0
  263.03192099999995 14977.0 3
  263.05938699999996 58.19836 0
  263.06402599999996 792.0 0
  263.069458 1836.0 0
  263.169037 176.0 0
  263.23382599999997 268.0 0
  263.86914099999996 136.0 0
  263.898895 108.0 0
  264.62771599999996 84.0 0
  265.078674 136.0 0
  265.41705299999995 15.92708 0
  265.901398 244.0 0
  266.194122 68.0 0
  266.605554 156.0 0
  267.133087 12.70089 0
  267.26739499999996 148.0 0
  267.28405799999996 152.0 0
  267.997864 5.333333 0
  268.012634 128.0 0
  268.17629999999997 148.0 0
  268.59930399999996 40.0 0
  268.91983 112.0 0
  268.960602 60.0 0
  269.214258 156.0 0
  269.318176 56.0 0
  269.69116199999996 144.0 0
  270.086182 12.36012 0
  270.53524799999997 88.0 0
  270.634125 164.0 0
  271.082794 36.0 0
  271.66213999999997 22.318911 0
  271.855255 116.0 0
  272.125946 112.0 0
  272.932098 168.0 0
  273.057526 140.0 0
  273.580109 48.0 0
  273.71847499999996 152.0 0
  274.099792 352.0 0
  274.12197899999995 928.0 0
  274.142389 140.0 0
  274.195526 100.0 0
  274.198334 68.0 0
  274.21637 44.0 0
  274.302368 88.0 0
  274.505585 76.0 0
  274.593567 144.0 0
  275.06271399999997 144.0 0
  275.086304 366.0 0
  275.139954 372.0 0
  275.475525 184.0 0
  275.579193 136.0 0
  275.668091 10.0625 0
  276.47866799999997 268.0 0
  276.89419599999997 204.0 0
  277.049225 188.0 0
  277.121429 28.533199 0
  277.211884 52.0 0
  277.486389 156.0 0
  277.63638299999997 105.664391 0
  278.59243799999996 88.0 0
  278.77520799999996 120.0 0
  279.187012 160.0 0
  279.234894 68.0 0
  279.63888599999996 80.0 0
  280.523773 96.0 0
  280.58358799999996 10.34722 0
  280.62573199999997 136.0 0
  281.119751 184.0 0
  281.163391 128.0 0
  282.218079 104.0 0
  282.592926 56.0 0
  282.619019 236.0 0
  282.96209699999997 192.0 0
  283.14068599999996 4538.0 1
  283.167596 3712.0 1
  283.635223 284.0 0
  284.033478 136.0 0
  284.20459 192.0 0
  284.307465 60.0 0
  284.502594 68.0 0
  284.691803 124.0 0
  285.132812 168.0 0
  285.15554799999995 304.0 0
  285.44467199999997 104.0 0
  285.932129 128.0 0
  286.28146399999997 144.0 0
  286.367004 44.231739 0
  286.677399 104.0 0
  287.07199099999997 468.0 0
  287.193634 27.999908 0
  287.306061 192.0 0
  287.944824 172.0 0
  288.05483999999996 5415.0 1
  288.10583499999996 160.0 0
  288.452911 64.0 0
  289.166046 288.0 0
  289.499939 36.0 0
  290.205475 204.0 0
  291.008423 164.0 0
  291.23199999999997 1.0 0
  291.947052 24.93029 0
  292.207245 122.0 0
  292.46322599999996 108.0 0
  293.144745 204.0 0
  294.321533 52.0 0
  294.516907 80.0 0
  294.816711 184.0 0
  295.055328 192.0 0
  295.086578 456.0 0
  295.492798 84.0 0
  295.927032 64.0 0
  297.002502 344.0 0
  299.028863 216.0 0
  299.136444 148.0 0
  300.703918 208.0 0
  301.046143 60.0 0
  301.14178499999997 200.0 0
  301.17537799999997 156.0 0
  302.179108 132.0 0
  302.638489 64.0 0
  302.783173 52.0 0
  303.58840899999996 116.0 0
  303.876587 44.0 0
  304.156433 124.0 0
  304.325409 156.0 0
  304.50479099999995 240.0 0
  305.168725 1244.0 0
  305.533142 7.666667 0
  306.55389399999996 72.0 0
  306.81042499999995 128.0 0
  307.073608 591.0 0
  307.160828 4900.0 1
  307.306183 3.028846 0
  307.75442499999997 80.0 0
  309.13055399999996 156.0 0
  309.157318 152.0 0
  309.188812 119.337997 0
  310.097107 226.0 0
  311.12008 96.0 0
  311.131561 196.0 0
  311.216003 88.0 0
  311.48013299999997 164.0 0
  311.493042 7.854167 0
  312.18362399999995 48.0 0
  312.503265 200.0 0
  312.641052 188.0 0
  313.098938 392.0 0
  313.133148 124.0 0
  313.404114 128.0 0
  314.39352399999996 14.076563 0
  314.897339 332.0 0
  315.07852199999996 1977.0 0
  315.091278 72.0 0
  315.14599599999997 2795705.0 630
  315.361877 116.0 0
  316.570831 120.0 0
  318.705872 56.0 0
  318.778076 44.0 0
  319.074707 96.0 0
  319.134949 132.0 0
  319.393219 3.90625 0
  320.354523 84.0 0
  321.218567 188.0 0
  321.75030499999997 10.67949 0
  322.188049 348.0 0
  322.347656 31.42857 0
  323.133362 116.0 0
  323.162628 173.520401 0
  324.12359599999996 296.0 0
  324.137695 312.0 0
  324.21313499999997 120.0 0
  324.95108 1.0 0
  327.045746 152.0 0
  328.05801399999996 32.687469 0
  328.166748 164.0 0
  328.923706 172.0 0
  329.10830699999997 196.0 0
  330.951965 504.0 0
  331.03018199999997 68.0 0
  331.52761799999996 132.0 0
  332.120728 17808.0 4
  332.54779099999996 80.0 0
  332.563141 28.20417 0
  332.76773099999997 52.0 0
  333.092407 275.0 0
  333.940155 28.0 0
  334.285034 384.0 0
  335.15304599999996 132.0 0
  337.115204 564.0 0
  337.37796 9.852564 0
  337.883148 148.0 0
  338.069061 180.0 0
  339.66479499999997 100.0 0
  339.99224899999996 108.0 0
  341.19717399999996 3.703704 0
  341.671967 48.0 0
  342.15881299999995 148.0 0
  343.114441 148.0 0
  343.761353 92.0 0
  344.641571 80.0 0
  345.273102 12.50298 0
  345.419922 76.0 0
  345.68841599999996 100.0 0
  346.250519 11.58438 0
  346.46426399999996 144.0 0
  346.78869599999996 136.0 0
  347.08377099999996 359.446198 0
  348.016663 7276.0 2
  348.857147 13.66975 0
  349.096795 1075.0 0
  349.13375199999996 324.0 0
  350.09854099999995 584.0 0
  351.388123 11.06618 0
  351.433716 104.0 0
  352.566956 152.0 0
  353.069397 300.0 0
  354.090424 260.0 0
  356.03619399999997 196.0 0
  356.19064299999997 344.0 0
  357.051636 449.0 0
  357.134033 76.0 0
  357.905212 84.0 0
  358.562408 1.666667 0
  362.06604 128.0 0
  362.265015 29.253309 0
  364.89541599999995 160.0 0
  365.636963 132.0 0
  366.04305999999997 240.0 0
  366.177582 140.0 0
  367.62625099999997 52.0 0
  368.02822899999995 144.0 0
  368.187012 7124.0 2
  369.822632 72.0 0
  370.139008 180.0 0
  370.175598 124.0 0
  371.255859 240.0 0
  372.508698 184.0 0
  372.555664 68.0 0
  372.68481399999996 6.15 0
  373.272491 5.333333 0
  377.17650699999996 168.0 0
  379.251892 116.0 0
  380.04916399999996 132.0 0
  380.669495 120.0 0
  381.806946 152.0 0
  382.34628299999997 81.270813 0
  383.823151 108.0 0
  387.25195299999996 60.0 0
  387.45095799999996 160.0 0
  387.992401 2.761364 0
  388.88647499999996 184.0 0
  390.22653199999996 128.0 0
  390.817902 200.0 0
  391.048096 108.0 0
  392.19503799999995 88.0 0
  392.378296 7017.597656 2
  396.0784 120.0 0
  400.23693199999997 224.0 0
  400.462494 116.0 0
  400.61184699999995 13.7619 0
  401.238953 1652.0 0
  404.55593899999997 104.0 0
  408.507477 164.0 0
  408.773621 264.0 0
  409.04153399999996 15.936543 0
  410.184845 29.03723 0
  413.144318 128.0 0
  415.18267799999995 108.0 0
  418.54547099999996 1.421529 0
  419.021637 176.0 0
  424.45871 76.0 0
  424.466705 180.0 0
  426.128174 5.88587 0
  427.23330699999997 160.0 0
  428.25143399999996 1928.829956 0
  429.26052899999996 140.0 0
  429.43850699999996 180.0 0
  432.37600699999996 76.0 0
  433.21435499999995 11476.0 3
  437.253717 368.0 0
  439.47995 184.0 0
  441.303521 144.0 0
  443.785919 148.0 0
  444.526398 104.0 0
  444.768914 168.0 0
  446.940545 84.0 0
  447.157043 128.0 0
  447.304108 132.0 0
  448.003357 152.0 0
  452.01354999999995 140.0 0
  453.91668699999997 2.071121 0
  453.941833 112.0 0
  455.114044 252.0 0
  463.045959 180.0 0
  463.198669 200.0 0
  467.202911 144.0 0
  487.240906 144.0 0
  487.60179999999997 208.0 0
  488.75237999999996 108.0 0
  490.602448 1.746519 0
  492.974243 20.56793 0
  493.285187 160.0 0
  495.268585 148.0 0
  499.204773 161.8638 0
  502.207 1.0 0
  504.298676 228.0 0
  508.16607 160.0 0
  515.995178 104.0 0
  517.134053 1.0 0
  518.0866090000001 84.0 0
  522.251709 2292.0 1
  525.3769530000001 56.0 0
  526.239868 30.559448 0
  530.982666 268.0 0
  535.158447 106864.0 24
//
