ACCESSION: CCMSLIB00000079131
RECORD_TITLE: decoy
DATE: 2015.11.20
AUTHORS: Administrator
LICENSE: CC BY-SA
CH$NAME: decoy
CH$COMPOUND_CLASS: Natural Product
CH$FORMULA: C24H29N5O3
CH$EXACT_MASS: 435.227039788
CH$SMILES: N/A
CH$IUPAC: decoy
CH$LINK: N/A
AC$INSTRUMENT: decoy
AC$INSTRUMENT_TYPE: decoy
AC$MASS_SPECTROMETRY: MS_TYPE MS2
AC$MASS_SPECTROMETRY: ION_MODE POSITIVE
AC$MASS_SPECTROMETRY: COLLISION_ENERGY 10 V
MS$FOCUSED_ION: PRECURSOR_M/Z 436
MS$FOCUSED_ION: PRECURSOR_TYPE [M+H]+
PK$NUM_PEAK: 749
PK$PEAK: m/z int. rel.int.
  45.956139 168.0 0
  46.009792000000004 104.0 0
  46.098446 176.0 0
  46.295864 184.0 0
  46.587936 168.0 0
  46.876568 188.0 0
  47.329987 136.0 0
  48.283279 144.0 0
  48.855907 64.0 0
  49.451588 176.0 0
  49.543793 96.0 0
  49.698112 188.0 0
  50.453686000000005 144.0 0
  50.73502 68.0 0
  51.423229 40.0 0
  51.510914 148.0 0
  52.878803000000005 72.0 0
  53.483715000000004 160.0 0
  53.572689000000004 200.0 0
  53.903278 184.0 0
  55.395916 240.0 0
  55.534012000000004 96.0 0
  56.147804 44.0 0
  56.432796 68.0 0
  58.029728 144.0 0
  58.221802000000004 180.0 0
  59.169491 144.0 0
  59.202507000000004 44.0 0
  59.260960000000004 140.0 0
  59.335106 172.0 0
  59.514061 264.0 0
  60.189819 204.0 0
  60.837677 224.0 0
  61.186115 136.0 0
  61.898731000000005 172.0 0
  62.550381 200.0 0
  62.714214 148.0 0
  62.899406 116.0 0
  63.07148 124.0 0
  63.213055000000004 148.0 0
  64.49318699999999 144.0 0
  65.761299 152.0 0
  66.75638599999999 56.0 0
  67.93208299999999 60.0 0
  68.209724 272.0 0
  69.33760099999999 132.0 0
  71.04083299999999 152.0 0
  71.19815799999999 168.0 0
  71.362556 212.0 0
  71.894234 32.0 0
  71.99385099999999 220.0 0
  72.213066 232.0 0
  72.661407 152.0 0
  73.54176299999999 204.0 0
  74.96558399999999 140.0 0
  75.93995699999999 328.0 0
  76.524681 248.0 0
  76.669648 228.0 0
  77.58979 140.0 0
  77.623009 68.0 0
  77.902611 148.0 0
  78.102516 160.0 0
  78.18262499999999 160.0 0
  78.72579999999999 208.0 0
  80.18911 180.0 0
  82.32228099999999 128.0 0
  82.348709 140.0 0
  83.381813 164.0 0
  84.427078 200.0 0
  84.787331 108.0 0
  84.97260299999999 104.0 0
  85.016487 176.0 0
  85.20912899999999 196.0 0
  85.787735 192.0 0
  85.869957 156.0 0
  85.888466 176.0 0
  87.706886 112.0 0
  87.90909599999999 0.0 0
  89.79699699999999 160.0 0
  89.80038499999999 160.0 0
  91.51772299999999 44.0 0
  92.057831 704.0 0
  93.03182199999999 156.0 0
  93.53062399999999 152.0 0
  93.70446 248.0 0
  93.89634699999999 248.0 0
  94.25038099999999 176.0 0
  94.33161899999999 132.0 0
  94.553879 128.0 0
  94.647926 116.0 0
  94.73138399999999 148.0 0
  94.883263 152.0 0
  94.89845299999999 144.0 0
  94.955254 180.0 0
  94.99395799999999 196.0 0
  95.283295 136.0 0
  95.59350599999999 128.0 0
  96.04409 144.0 0
  96.789841 104.0 0
  96.877327 188.0 0
  97.003227 172.0 0
  97.073624 184.0 0
  97.564827 140.0 0
  97.655594 20.0 0
  97.669975 184.0 0
  97.692352 152.0 0
  97.81663499999999 132.0 0
  97.94202399999999 224.0 0
  98.056648 172.0 0
  98.14199099999999 208.0 0
  98.191734 40.0 0
  98.541039 136.0 0
  98.580101 188.0 0
  99.412033 108.0 0
  99.509918 124.0 0
  99.54246499999999 200.0 0
  100.180939 144.0 0
  101.06180599999999 140.0 0
  101.224266 88.0 0
  101.416443 67.818558 0
  102.05014 132.0 0
  102.142235 192.0 0
  102.17813899999999 176.0 0
  102.185379 204.0 0
  102.63681799999999 48.0 0
  102.98275 176.0 0
  103.05360399999999 268.0 0
  103.442459 208.0 0
  103.490662 112.0 0
  103.743973 220.0 0
  104.109207 88.0 0
  104.112663 128.0 0
  104.120171 11.025 0
  104.231522 132.0 0
  104.438339 136.0 0
  104.76789099999999 112.0 0
  105.044647 188.0 0
  105.068253 200.0 0
  105.298042 196.0 0
  105.80206299999999 196.0 0
  106.03530099999999 7.046875 0
  106.03763599999999 300.0 0
  106.06992299999999 180.0 0
  106.520302 184.0 0
  106.59999099999999 176.0 0
  106.95279699999999 192.0 0
  107.068069 128.0 0
  107.186516 92.0 0
  107.270012 144.0 0
  107.418976 16.944441 0
  107.65123 116.0 0
  107.727768 88.0 0
  108.265816 216.0 0
  108.69326799999999 176.0 0
  108.893936 32.0 0
  109.045639 4808.0 1
  109.14426399999999 132.0 0
  109.163986 31.040001 0
  109.169731 168.0 0
  109.20268999999999 44.0 0
  109.818794 3.730625 0
  110.164993 152.0 0
  110.21878799999999 144.0 0
  110.24079099999999 160.0 0
  110.500191 136.0 0
  110.999313 2040.0 0
  111.043098 81.183861 0
  111.15319099999999 88.0 0
  111.31590999999999 360.0 0
  111.488953 144.0 0
  111.57146499999999 124.0 0
  112.35361499999999 148.0 0
  113.01838699999999 288.0 0
  113.16937999999999 7.382936 0
  113.321709 168.0 0
  113.40555599999999 176.0 0
  113.41665599999999 160.0 0
  113.54222899999999 80.0 0
  113.759857 228.0 0
  114.15420499999999 160.0 0
  114.43024399999999 164.0 0
  114.447769 11.48098 0
  114.547089 132.0 0
  114.730156 216.0 0
  115.008629 1.836806 0
  115.056747 156.0 0
  115.09299499999999 620.0 0
  115.12147499999999 176.0 0
  115.42592599999999 148.0 0
  115.90080999999999 148.0 0
  116.90216799999999 164.0 0
  116.958733 184.0 0
  117.03403499999999 1268.0 0
  117.662537 204.0 0
  117.93584399999999 5.814815 0
  118.215744 104.0 0
  118.767021 176.0 0
  118.80234499999999 148.0 0
  119.013466 172.0 0
  119.08577 760.0 0
  119.125069 208.0 0
  119.167412 9.366936 0
  119.209747 72.0 0
  119.365814 72.0 0
  119.502533 224.0 0
  119.831558 192.0 0
  120.016403 176.0 0
  120.078392 640.0 0
  120.256805 136.0 0
  120.34260599999999 220.0 0
  120.39594299999999 132.0 0
  120.403488 160.0 0
  120.874023 180.0 0
  120.92757399999999 56.0 0
  121.047012 592.0 0
  121.064613 272.0 0
  121.287735 44.0 0
  121.49928299999999 64.0 0
  121.520958 176.0 0
  121.655312 164.0 0
  122.231522 204.0 0
  122.241035 128.0 0
  122.934158 112.0 0
  123.068192 31.46032 0
  123.98398599999999 88.0 0
  124.58396099999999 148.0 0
  124.687096 144.0 0
  125.021912 532.0 0
  125.038849 208.0 0
  125.158577 160.0 0
  125.283508 208.0 0
  125.495712 128.0 0
  126.06111899999999 464.0 0
  126.129593 208.0 0
  126.60473599999999 156.0 0
  126.72352599999999 3.766986 0
  126.984444 172.0 0
  127.20026399999999 160.0 0
  128.092468 3.266667 0
  128.249741 156.0 0
  128.601227 124.0 0
  128.71373 128.0 0
  128.717514 56.0 0
  129.03311200000002 300.0 0
  129.0569 12.0 0
  129.068924 208.0 0
  129.13140900000002 204.0 0
  129.51272600000001 136.0 0
  129.616226 152.0 0
  129.997467 172.0 0
  130.012878 112.0 0
  130.07548500000001 348.0 0
  130.94700600000002 2680.0 0
  131.03710900000002 1227.0 0
  131.08557100000002 2492.0 0
  131.208557 144.0 0
  131.221283 88.0 0
  132.052094 1182.0 0
  132.06002800000002 168.0 0
  132.309631 2.761364 0
  132.490158 47.505459 0
  132.585251 208.0 0
  132.728958 404.0 0
  132.780853 72.0 0
  133.13003500000002 156.0 0
  134.017715 60.0 0
  134.99104300000002 128.0 0
  135.01062000000002 128.0 0
  136.07977300000002 116.0 0
  136.31256100000002 200.0 0
  136.912933 172.0 0
  137.019043 487.0 0
  137.022736 540.0 0
  137.099869 152.0 0
  137.829971 232.0 0
  138.01083400000002 796.944397 0
  138.042007 17.342569 0
  138.33410600000002 104.0 0
  138.845932 164.0 0
  139.29397600000001 192.0 0
  139.296829 140.0 0
  139.421448 88.0 0
  139.48361200000002 148.0 0
  140.03697200000002 869.0 0
  140.073883 111.0 0
  140.33873 148.0 0
  141.06572 200.0 0
  141.585602 244.0 0
  141.683075 96.0 0
  142.077484 1548.0 0
  142.12416100000002 628.0 0
  143.07753 148.0 0
  143.246597 68.0 0
  143.406845 156.0 0
  143.53929200000002 156.0 0
  144.05865500000002 608.0 0
  144.06199600000002 188.0 0
  144.08831800000002 172.0 0
  144.37184100000002 128.0 0
  144.81723 14.55679 0
  144.956558 132.0 0
  145.047714 546.0 0
  145.063782 1088.0 0
  145.096954 488.0 0
  145.341385 9.337302 0
  145.65715 112.0 0
  145.747086 60.0 0
  145.930527 160.0 0
  146.05894500000002 140.222 0
  146.092941 180.0 0
  146.580872 216.0 0
  147.074646 172.0 0
  147.612152 172.0 0
  147.71417200000002 188.0 0
  148.049301 988.0 0
  148.108948 44.0 0
  148.125687 172.0 0
  148.331726 208.0 0
  148.34539800000002 228.0 0
  148.40467800000002 96.0 0
  148.680527 196.0 0
  149.02919 136.0 0
  149.084045 128.0 0
  149.09646600000002 17124.0 2
  149.604034 132.0 0
  149.619766 140.0 0
  150.06611600000002 168.0 0
  150.073441 152.0 0
  150.26332100000002 104.0 0
  150.382248 248.0 0
  150.814804 176.0 0
  151.05011000000002 248.0 0
  151.06166100000002 192.0 0
  151.13008100000002 60.0 0
  151.359955 192.0 0
  152.200256 92.0 0
  152.759079 196.0 0
  153.06857300000001 468.0 0
  153.18138100000002 5.522645 0
  154.030045 176.0 0
  154.238998 40.0 0
  154.54151900000002 224.0 0
  154.844727 68.0 0
  155.116837 560.0 0
  155.272583 112.0 0
  155.55706800000002 184.0 0
  155.649857 212.0 0
  155.896332 108.0 0
  156.337097 96.0 0
  156.696793 144.0 0
  157.091934 208.0 0
  157.190674 212.0 0
  157.67785600000002 148.0 0
  157.753464 56.0 0
  157.844086 180.0 0
  157.901001 176.0 0
  158.420959 176.0 0
  158.781601 196.0 0
  159.22172500000002 244.0 0
  159.837479 160.0 0
  160.20129400000002 80.0 0
  160.407135 52.0 0
  160.972488 200.0 0
  161.053558 180.0 0
  161.059113 1268.0 0
  162.019363 192.0 0
  162.064865 1579.0 0
  162.68519600000002 5.008333 0
  162.974976 44.0 0
  163.024292 264.0 0
  163.069565 145.0 0
  163.10614 18.26754 0
  163.13254700000002 318.0 0
  163.165054 128.0 0
  163.246201 144.0 0
  163.293121 52.0 0
  163.30735800000002 184.0 0
  164.09166000000002 164.0 0
  164.354218 160.0 0
  165.04885900000002 445.0 0
  165.158569 80.0 0
  165.164001 148.0 0
  165.27508500000002 152.0 0
  165.50422700000001 128.0 0
  165.56028700000002 260.0 0
  166.19880700000002 180.0 0
  166.306473 192.0 0
  166.62532000000002 124.0 0
  166.71360800000002 144.0 0
  167.018875 58.940109 0
  167.083878 794.0 0
  167.375137 56.0 0
  168.070358 184.0 0
  168.07771300000002 188.0 0
  168.09066800000002 276.0 0
  168.116723 176.0 0
  169.177032 108.0 0
  169.331345 84.0 0
  170.121231 56.0 0
  170.13647500000002 280.0 0
  170.583832 156.0 0
  170.94433600000002 140.0 0
  171.020523 184.0 0
  171.062271 156.0 0
  171.101471 204.0 0
  171.110657 6531.0 1
  171.34011800000002 82.940361 0
  171.530167 216.0 0
  171.61351000000002 208.0 0
  172.22695900000002 184.0 0
  172.45463600000002 56.0 0
  172.90763900000002 28.0 0
  173.021149 156.0 0
  173.046906 32244.0 4
  173.056396 23103.0 3
  173.093216 272.0 0
  173.134171 69.424812 0
  173.38351400000002 144.0 0
  174.06405600000002 212.0 0
  174.211395 116.0 0
  174.279709 192.0 0
  174.42662 84.0 0
  174.663498 68.0 0
  175.085464 928.0 0
  176.080612 216.0 0
  176.10406500000002 256.0 0
  176.282867 160.0 0
  176.305756 8.354167 0
  177.051834 60758.0 7
  177.934525 52.0 0
  177.985947 120.0 0
  178.09071400000002 88.0 0
  178.30865500000002 2.449074 0
  179.083786 976.0 0
  179.61741600000002 120.0 0
  179.63462800000002 60.0 0
  180.028336 180.0 0
  180.32710300000002 188.0 0
  180.68898000000002 44.0 0
  180.784409 132.0 0
  181.065582 696.0 0
  182.11715700000002 10944.0 1
  183.060608 1368.0 0
  183.108261 200.0 0
  183.28465300000002 84.0 0
  184.319031 144.0 0
  184.78022800000002 168.0 0
  185.31483500000002 84.0 0
  185.864441 9.739865 0
  186.084183 172.0 0
  186.119873 140.0 0
  186.408783 40.0 0
  186.596115 104.0 0
  187.086319 152.0 0
  187.796921 128.0 0
  187.955811 154.475906 0
  188.05508400000002 544.0 0
  188.453323 92.0 0
  188.660721 220.0 0
  189.008026 208.0 0
  189.053177 536.0 0
  189.063141 124.0 0
  189.131958 352.0 0
  189.65501400000002 408.0 0
  189.96327200000002 188.0 0
  190.181137 124.0 0
  190.351654 172.0 0
  191.049759 248.0 0
  191.74855 104.0 0
  192.26744100000002 96.0 0
  192.328339 240.0 0
  192.80281100000002 208.0 0
  192.92330900000002 136.0 0
  192.93867500000002 52.0 0
  193.07406600000002 220.0 0
  193.801636 116.0 0
  193.818893 196.0 0
  193.872192 224.0 0
  194.00415 144.0 0
  194.072418 136.0 0
  195.061417 336.0 0
  195.09591700000001 958.0 0
  195.099054 412.0 0
  195.72761500000001 160.0 0
  196.295242 80.0 0
  196.40368700000002 164.0 0
  196.790558 124.0 0
  197.09921300000002 168.0 0
  198.06268300000002 400.0 0
  198.102493 124.585197 0
  198.138245 188.0 0
  199.12286400000002 72.0 0
  199.76615900000002 136.0 0
  199.99906900000002 204.0 0
  200.728577 10.30313 0
  200.897714 104.0 0
  200.944107 132.0 0
  201.026428 64.0 0
  201.838562 64.0 0
  202.075027 220.0 0
  202.097656 176.0 0
  202.307587 48.0 0
  202.447464 248.0 0
  202.70462 156.0 0
  203.10041800000002 25.840281 0
  203.281158 11.125 0
  203.618546 176.0 0
  203.927505 148.0 0
  203.99992400000002 60.0 0
  204.063217 33826.0 4
  204.19764700000002 144.0 0
  205.090897 60.0 0
  205.75541700000002 9.253379 0
  207.01400800000002 4127.0 0
  207.038498 124.0 0
  207.330338 180.0 0
  207.995819 80.0 0
  208.072397 182.0 0
  208.123489 436.0 0
  208.37870800000002 64.0 0
  209.081726 196.0 0
  209.28933700000002 56.0 0
  209.482788 33.012169 0
  209.741409 124.0 0
  210.09466600000002 148.0 0
  210.52652 148.0 0
  211.048203 112.0 0
  212.063431 136.263702 0
  212.461182 172.0 0
  213.453888 52.0 0
  214.217102 96.0 0
  214.36776700000001 40.577259 0
  214.51203900000002 52.0 0
  214.605759 92.0 0
  215.18309000000002 232.0 0
  215.202042 224.0 0
  215.349243 168.0 0
  215.98898300000002 180.0 0
  216.407303 156.0 0
  216.98086500000002 188.0 0
  217.068024 64.0 0
  217.09802200000001 164.0 0
  217.163071 240.0 0
  217.25860600000001 108.0 0
  217.268661 120.0 0
  217.504425 148.0 0
  217.78154 128.0 0
  218.896332 164.0 0
  218.950851 152.0 0
  220.08805800000002 176.0 0
  221.10217300000002 428.0 0
  222.05676300000002 124.0 0
  222.077042 360.0 0
  222.102463 676.0 0
  222.230209 180.0 0
  222.44807400000002 76.0 0
  223.486389 160.0 0
  224.079575 168.0 0
  224.849365 96.0 0
  224.867966 16.20833 0
  225.126755 107.313599 0
  225.16246 362.780212 0
  225.421814 228.0 0
  225.99731400000002 350.673706 0
  226.043427 575.259277 0
  227.51918 124.0 0
  227.67189000000002 140.0 0
  227.845505 168.0 0
  229.119125 36.0 0
  230.093323 1064.0 0
  232.389282 136.0 0
  233.437225 176.0 0
  233.68060300000002 23.138889 0
  233.85337800000002 128.0 0
  234.663879 192.0 0
  234.667908 108.0 0
  235.046097 180.0 0
  235.245575 200.0 0
  236.60406500000002 132.0 0
  236.639038 144.0 0
  237.08737200000002 152.0 0
  237.616455 160.0 0
  237.63801600000002 14.10965 0
  237.860428 204.0 0
  238.16828900000002 64.0 0
  239.721802 60.0 0
  239.793091 6.507246 0
  240.02104200000002 164.0 0
  240.07316600000001 172.0 0
  241.069534 191.0 0
  241.58174100000002 96.0 0
  242.076843 148.0 0
  242.100693 212.0 0
  242.28727700000002 152.0 0
  242.92901600000002 144.0 0
  243.09947200000002 2135.0 0
  243.589752 20.33333 0
  244.016571 180.0 0
  244.069626 332.0 0
  244.370132 120.0 0
  246.087036 236.0 0
  246.090942 156.0 0
  247.57530200000002 84.0 0
  248.08036800000002 60.0 0
  249.44618200000002 128.0 0
  250.019516 48.0 0
  251.169388 1019.0 0
  251.825195 96.0 0
  253.045273 168.0 0
  253.15181 23.38526 0
  253.890701 68.0 0
  254.30349700000002 52.0 0
  254.622925 404.0 0
  254.781708 116.0 0
  255.08358800000002 184.0 0
  255.119659 444.0 0
  256.034119 68.0 0
  256.177094 300.0 0
  256.557068 56.0 0
  256.998352 196.0 0
  257.542755 24.039709 0
  257.572388 48.0 0
  258.677917 116.0 0
  259.14874299999997 6.096491 0
  259.98742699999997 160.0 0
  260.11398299999996 144.0 0
  260.117798 116.0 0
  260.424225 240.0 0
  261.56274399999995 156.0 0
  263.13897699999995 31.89921 0
  264.49011199999995 84.0 0
  265.58856199999997 188.0 0
  266.052704 48.0 0
  266.11578399999996 4177.0 0
  266.124695 160.0 0
  267.377747 52.0 0
  267.649384 88.0 0
  267.975464 136.0 0
  268.09494 80.0 0
  268.197144 3.666667 0
  270.030762 2032.0 0
  271.903107 128.0 0
  271.922852 212.0 0
  273.196808 112.0 0
  275.086304 366.0 0
  275.164337 252.0 0
  275.921387 44.0 0
  276.00256299999995 188.0 0
  276.57415799999995 64.0 0
  278.46227999999996 148.0 0
  278.787201 104.0 0
  278.819824 192.0 0
  280.042023 164.0 0
  280.10598799999997 8602948.0 999
  280.241791 272.0 0
  281.041199 14.87076 0
  282.061493 420.0 0
  282.42941299999995 200.0 0
  282.796295 84.0 0
  283.445953 92.0 0
  286.269409 220.0 0
  287.44134499999996 60.0 0
  288.06842 124.0 0
  290.076843 136.0 0
  291.52160599999996 68.0 0
  292.239471 188.0 0
  292.633667 164.0 0
  293.093414 188.0 0
  295.103577 100.0 0
  296.220734 56.0 0
  298.79049699999996 168.0 0
  299.41247599999997 44.0 0
  301.78662099999997 36.0 0
  302.057098 309.016815 0
  303.04513499999996 5614.0 1
  303.59405499999997 76.0 0
  304.360687 20.15362 0
  305.816132 216.0 0
  307.11758399999997 27.265631 0
  308.083825 1758.0 0
  308.170166 128.0 0
  310.134094 875.937622 0
  312.99154699999997 32.0 0
  314.136078 376.0 0
  315.08306899999997 328.0 0
  315.09167499999995 224.0 0
  316.274811 12.21894 0
  316.45635999999996 144.0 0
  316.742218 140.0 0
  317.16061399999995 100.0 0
  318.25039699999996 120.0 0
  321.68533299999996 108.0 0
  322.341949 24.351629 0
  327.107513 140.0 0
  332.987867 1000.0 0
  335.026184 392.056396 0
  337.02774 392.0 0
  337.09628299999997 7.0 0
  337.189056 652.0 0
  338.14120499999996 156.0 0
  339.14898 168.0 0
  339.193542 208.0 0
  340.20696999999996 140.0 0
  340.22543299999995 44.0 0
  340.42321799999996 20.388889 0
  346.08212299999997 156.0 0
  346.204926 56.0 0
  348.967621 44.0 0
  349.815704 148.0 0
  350.45901499999997 200.0 0
  351.741241 160.0 0
  352.78732299999996 144.0 0
  354.72311399999995 132.0 0
  358.16832899999997 152.0 0
  359.14367699999997 4592.0 1
  359.746307 116.0 0
  360.08804299999997 164.0 0
  360.64257799999996 112.0 0
  364.069489 192.0 0
  364.273438 96.0 0
  367.013733 36.0 0
  367.426697 180.0 0
  367.434753 108.0 0
  368.476166 160.0 0
  370.137024 31596.0 4
  374.865234 136.0 0
  382.443359 136.0 0
  382.457367 56.0 0
  383.502441 48.0 0
  384.68566899999996 184.0 0
  385.24566699999997 136.0 0
  386.37582399999997 13.02222 0
  386.856323 152.0 0
  392.041504 140.0 0
  394.924377 25.016029 0
  395.018829 76.0 0
  395.298615 48.0 0
  395.58725 160.0 0
  398.593872 84.0 0
  410.148438 908.0 0
  418.026391 188.0 0
  418.667511 80.0 0
  422.88736 140.0 0
  427.52124 84.0 0
  427.74121099999996 140.0 0
  428.27966299999997 204.0 0
  431.33074999999997 152.0 0
  434.186554 224.0 0
  436.234985 3192.0 0
//
