ACCESSION: CCMSLIB00000080262
RECORD_TITLE: decoy
DATE: 2015.11.20
AUTHORS: Administrator
LICENSE: CC BY-SA
CH$NAME: decoy
CH$COMPOUND_CLASS: Natural Product
CH$FORMULA: C24H23NO8
CH$EXACT_MASS: 453.14236669600007
CH$SMILES: N/A
CH$IUPAC: decoy
CH$LINK: N/A
AC$INSTRUMENT: decoy
AC$INSTRUMENT_TYPE: decoy
AC$MASS_SPECTROMETRY: MS_TYPE MS2
AC$MASS_SPECTROMETRY: ION_MODE POSITIVE
AC$MASS_SPECTROMETRY: COLLISION_ENERGY 10 V
MS$FOCUSED_ION: PRECURSOR_M/Z 454
MS$FOCUSED_ION: PRECURSOR_TYPE [M+H]+
PK$NUM_PEAK: 1094
PK$PEAK: m/z int. rel.int.
  45.365021 140.0 0
  45.633152 172.0 0
  45.661663000000004 152.0 0
  45.737782 48.0 0
  46.002823 192.0 0
  46.354622 196.0 0
  46.499065 124.0 0
  46.870087 232.0 0
  46.979759 196.0 0
  47.500668000000005 136.0 0
  47.895828 196.0 0
  48.3526 168.0 0
  48.556072 152.0 0
  49.092579 160.0 0
  49.158161 164.0 0
  49.386436 192.0 0
  49.426186 184.0 0
  49.857056 88.0 0
  49.933128 80.0 0
  51.130611 168.0 0
  51.391739 188.0 0
  52.704288 152.0 0
  52.8755 128.0 0
  53.169975 180.0 0
  53.502304 184.0 0
  53.612724 244.0 0
  53.770199 120.0 0
  53.797874 124.0 0
  54.030083000000005 124.0 0
  54.35804 144.0 0
  54.640568 144.0 0
  54.828941 164.0 0
  55.182774 144.0 0
  55.435585 132.0 0
  55.543510000000005 248.0 0
  55.898212 216.0 0
  56.477486 140.0 0
  56.618664 168.0 0
  57.456799000000004 184.0 0
  57.566864 108.0 0
  57.67569 220.0 0
  58.259521 224.0 0
  58.496239 132.0 0
  58.930462 156.0 0
  59.657387 140.0 0
  59.723927 152.0 0
  59.770134 200.0 0
  59.972385 248.0 0
  60.267731000000005 160.0 0
  60.491001000000004 152.0 0
  60.575092000000005 272.0 0
  60.756958000000004 160.0 0
  61.133026 168.0 0
  61.479645000000005 152.0 0
  61.53875 44.0 0
  61.672333 152.0 0
  61.780872 240.0 0
  62.175987 192.0 0
  62.399158 124.0 0
  63.386093 200.0 0
  64.315399 100.0 0
  64.550591 144.0 0
  64.983452 204.0 0
  66.002403 196.0 0
  66.35183699999999 128.0 0
  66.65871399999999 168.0 0
  67.624985 200.0 0
  67.639832 84.0 0
  67.763939 80.0 0
  67.8069 176.0 0
  68.05008699999999 100.0 0
  68.454544 0.0 0
  68.891899 76.0 0
  69.20062999999999 204.0 0
  69.24124099999999 208.0 0
  70.32682 140.0 0
  70.36012299999999 168.0 0
  70.805016 136.0 0
  70.94041399999999 128.0 0
  71.057571 164.0 0
  71.18227399999999 144.0 0
  72.021294 172.0 0
  72.51220699999999 176.0 0
  73.089653 168.0 0
  73.19519799999999 220.0 0
  73.773933 168.0 0
  74.205208 132.0 0
  74.309891 228.0 0
  75.403076 184.0 0
  75.78473699999999 172.0 0
  75.88653599999999 160.0 0
  76.275627 144.0 0
  76.66214 292.0 0
  77.47125199999999 176.0 0
  77.56603199999999 200.0 0
  77.91701499999999 120.0 0
  77.992363 156.0 0
  78.20653499999999 144.0 0
  78.35047899999999 152.0 0
  78.859512 180.0 0
  79.059883 168.0 0
  79.25503499999999 176.0 0
  79.36889599999999 148.0 0
  79.44844099999999 236.0 0
  79.870972 128.0 0
  80.03160899999999 156.0 0
  80.16635099999999 120.0 0
  80.438667 164.0 0
  80.641426 136.0 0
  80.914017 124.0 0
  80.920311 164.0 0
  82.481392 192.0 0
  82.50465399999999 196.0 0
  83.029877 172.0 0
  83.342621 152.0 0
  83.364212 152.0 0
  84.43086199999999 156.0 0
  84.588348 128.0 0
  85.946564 168.0 0
  86.57132 80.0 0
  87.06899299999999 156.0 0
  87.219589 148.0 0
  87.44998199999999 144.0 0
  87.760025 168.0 0
  88.02123999999999 140.0 0
  88.36492199999999 152.0 0
  88.496162 184.0 0
  89.060463 272.166412 0
  89.30392499999999 224.0 0
  89.462952 172.0 0
  89.883263 152.0 0
  90.036003 304.0 0
  90.04167899999999 132.0 0
  90.318817 180.0 0
  91.43279299999999 168.0 0
  91.639702 108.0 0
  92.19826499999999 92.0 0
  92.96810199999999 76.0 0
  93.162942 184.0 0
  93.405312 196.0 0
  94.776207 188.0 0
  95.054794 132.0 0
  95.060013 272.0 0
  95.17077599999999 188.0 0
  95.367905 172.0 0
  95.53076899999999 208.0 0
  95.62192499999999 136.0 0
  96.004578 256.0 0
  96.05332899999999 132.0 0
  96.139381 172.0 0
  96.47193899999999 204.0 0
  96.518723 108.0 0
  96.59966999999999 108.0 0
  96.656425 180.0 0
  96.677734 164.0 0
  97.08590699999999 164.0 0
  97.666389 148.0 0
  97.74623899999999 176.0 0
  97.91914399999999 116.0 0
  97.95260599999999 108.0 0
  98.324593 240.0 0
  98.468239 184.0 0
  98.474846 48.0 0
  98.72708899999999 92.0 0
  98.99948099999999 6432.0 3
  100.03540799999999 136.0 0
  100.111076 32.0 0
  100.119301 300.0 0
  100.622429 64.0 0
  100.72050499999999 14.73035 0
  100.86881299999999 232.0 0
  101.024971 116.0 0
  101.10013599999999 184.0 0
  101.511116 176.0 0
  101.618996 160.0 0
  101.82200599999999 172.0 0
  102.03205899999999 38.397148 0
  102.110214 48.0 0
  102.124428 11.82353 0
  102.12657899999999 164.0 0
  102.45124799999999 148.0 0
  102.92236299999999 168.0 0
  103.01133 184.0 0
  103.056664 324.0 0
  103.263977 22.90893 0
  103.306023 164.0 0
  103.437012 160.0 0
  103.90712699999999 204.0 0
  104.05329099999999 4544.0 2
  104.13286599999999 140.0 0
  104.77018 200.0 0
  104.80098699999999 148.0 0
  104.93624899999999 168.0 0
  105.070267 428.0 0
  105.07302899999999 200.0 0
  105.08760099999999 152.0 0
  105.247383 44.0 0
  105.349869 188.0 0
  105.50031299999999 180.0 0
  105.512192 3.595588 0
  105.57127399999999 156.0 0
  105.68814099999999 204.0 0
  106.03969599999999 392.0 0
  106.042221 1492.0 1
  106.10065499999999 120.0 0
  106.292503 192.0 0
  107.066132 232.0 0
  107.08724199999999 196.0 0
  107.51960799999999 188.0 0
  108.04512 1172.0 1
  108.061516 184.0 0
  108.08438899999999 200.0 0
  108.236801 224.0 0
  108.353828 48.0 0
  108.41476399999999 220.0 0
  108.519875 68.0 0
  108.74788699999999 16.880211 0
  109.059799 416.0 0
  109.06225599999999 760.0 0
  109.100822 305.694397 0
  109.329399 196.0 0
  109.421173 152.0 0
  109.47969099999999 12.18382 0
  109.58648699999999 200.0 0
  109.95517699999999 84.0 0
  110.034515 220.434204 0
  110.075752 312.0 0
  110.80999 268.0 0
  111.351929 172.0 0
  111.898804 108.0 0
  112.20159899999999 172.0 0
  112.211716 84.0 0
  112.34168199999999 208.0 0
  112.84285 60.0 0
  113.080215 68.0 0
  113.10530899999999 180.0 0
  113.16268199999999 228.0 0
  113.22867699999999 172.0 0
  113.49980199999999 236.0 0
  113.78821599999999 204.0 0
  114.54791999999999 132.0 0
  115.03221099999999 96084.0 42
  115.050591 164.0 0
  115.05648799999999 128.0 0
  115.131203 1112.0 0
  115.41465 56.0 0
  115.573792 216.0 0
  115.635117 124.0 0
  116.01696799999999 28.160709 0
  116.02435299999999 38.563969 0
  116.035355 116.0 0
  116.146828 116.0 0
  116.238007 212.0 0
  116.309669 92.0 0
  116.43029 100.0 0
  116.47003199999999 156.0 0
  116.49447599999999 5.685417 0
  116.528931 220.0 0
  117.0606 844.0 0
  117.080208 160.0 0
  117.14935299999999 132.0 0
  117.151451 176.0 0
  117.25515 180.0 0
  117.26505999999999 27.000031 0
  117.652504 60.0 0
  117.730515 84.0 0
  118.06813 172.0 0
  118.10310399999999 48.0 0
  118.16933399999999 8.675 0
  118.281296 180.0 0
  119.075058 496.0 0
  119.084358 120.046303 0
  119.131073 224.0 0
  119.143509 148.0 0
  119.201279 152.0 0
  119.287224 176.0 0
  119.574951 13.04012 0
  119.77070599999999 200.0 0
  119.806175 148.0 0
  119.840919 144.0 0
  120.066452 84.0 0
  120.68489799999999 156.0 0
  120.76010099999999 204.0 0
  120.763397 116.0 0
  120.80315399999999 84.0 0
  121.025757 731.0 0
  121.027885 7.69482 0
  121.039772 160.0 0
  121.08315999999999 30285.0 13
  121.12998999999999 36.0 0
  121.18778999999999 96.0 0
  121.262711 124.0 0
  121.467514 56.0 0
  121.624191 144.0 0
  121.754227 20.72024 0
  121.77201099999999 1.265625 0
  122.097145 417.296906 0
  122.21657599999999 224.0 0
  122.23145299999999 104.0 0
  122.32955899999999 84.0 0
  122.77928899999999 128.0 0
  123.03693399999999 136.0 0
  123.05916599999999 168.0 0
  123.065208 284.0 0
  123.09528399999999 96.0 0
  123.33524299999999 180.0 0
  123.530121 400.0 0
  123.77087399999999 128.0 0
  124.045464 76.0 0
  124.144714 172.0 0
  124.15634899999999 144.0 0
  124.320259 124.0 0
  124.38336199999999 104.0 0
  124.860931 196.0 0
  125.019936 292.0 0
  125.02520799999999 116.0 0
  125.05725899999999 168.0 0
  125.11183199999999 204.0 0
  125.18873599999999 184.0 0
  125.240257 212.0 0
  125.31019599999999 196.0 0
  125.650345 168.0 0
  125.81221 128.0 0
  126.097229 224.0 0
  126.149361 11.2598 0
  126.182076 116.0 0
  126.26821899999999 172.0 0
  126.37690699999999 212.0 0
  126.43277699999999 160.0 0
  126.665359 160.0 0
  126.680916 192.0 0
  126.86972 164.0 0
  127.05386399999999 176.0 0
  127.280502 32.0 0
  127.414925 64.0 0
  127.84964 120.0 0
  128.346527 36.0 0
  128.455048 140.0 0
  128.504242 96.0 0
  128.594223 136.0 0
  128.908173 88.0 0
  128.953491 168.0 0
  128.987885 108.0 0
  129.04582200000002 484.0 0
  129.21824600000002 160.0 0
  129.97305300000002 188.0 0
  129.98979200000002 156.0 0
  130.063614 214.676804 0
  130.371735 4.335784 0
  130.435577 132.0 0
  130.48327600000002 188.0 0
  130.81732200000002 184.0 0
  130.851379 52.0 0
  130.869888 184.0 0
  131.03710900000002 1227.0 1
  131.05835000000002 36.972858 0
  131.08380100000002 152.0 0
  131.087387 628.0 0
  131.09942600000002 120.0 0
  131.12088 32.0 0
  131.17021200000002 27.84375 0
  131.845337 104.0 0
  132.06633000000002 112.092903 0
  132.288513 192.0 0
  132.314774 72.0 0
  132.399261 148.0 0
  132.974442 44.0 0
  133.01980600000002 252.0 0
  134.011932 200.0 0
  134.03375200000002 3131.0 1
  134.05972300000002 5882.428223 3
  134.10405 196.0 0
  134.106064 340.0 0
  134.884659 164.0 0
  134.901306 116.0 0
  135.066696 6191.0 3
  135.078888 188.0 0
  135.661819 52.0 0
  135.75486800000002 140.0 0
  135.77371200000002 156.0 0
  136.542526 132.0 0
  136.558365 144.0 0
  136.61299100000002 96.0 0
  136.971909 140.0 0
  137.025803 220.0 0
  137.04603600000002 400.0 0
  137.052521 152.0 0
  137.10221900000002 136.0 0
  137.534164 188.0 0
  137.64205900000002 132.0 0
  137.703232 212.0 0
  137.731705 184.0 0
  138.06994600000002 192.0 0
  138.182388 44.0 0
  139.074371 532.0 0
  139.65240500000002 144.0 0
  139.86312900000001 144.0 0
  140.477081 192.0 0
  140.880844 140.0 0
  141.143661 220.0 0
  141.15261800000002 2.053571 0
  142.066711 27.726299 0
  142.07548500000001 164.0 0
  142.88652000000002 128.0 0
  143.029694 196.0 0
  143.050354 164.0 0
  143.08462500000002 4974.0 2
  143.088837 232.0 0
  143.384216 148.0 0
  143.593826 188.0 0
  144.036652 224.0 0
  144.41539 7.055555 0
  144.427735 136.0 0
  145.047357 164.0 0
  145.054855 1000.0 0
  145.05920400000002 1522.0 1
  145.237106 252.0 0
  145.450424 172.0 0
  145.985001 112.0 0
  146.033478 136.0 0
  146.207077 48.0 0
  146.248749 156.0 0
  146.46803300000002 128.0 0
  146.55633500000002 56.0 0
  146.582962 180.0 0
  146.73623700000002 128.0 0
  146.836624 124.0 0
  146.917923 172.0 0
  146.998779 248.0 0
  147.561554 148.0 0
  147.63732900000002 104.0 0
  147.778961 176.0 0
  147.893921 160.0 0
  148.045959 291.0 0
  148.07106000000002 188.0 0
  148.07341 296.0 0
  148.082672 204.0 0
  148.13150000000002 180.0 0
  148.261108 60.0 0
  148.39372300000002 136.0 0
  148.607483 144.0 0
  149.01059 160.0 0
  149.018616 204.0 0
  149.074356 192.0 0
  149.08931 156.0 0
  149.489639 32.0 0
  149.545502 160.0 0
  149.62153600000002 192.0 0
  149.787567 32.0 0
  149.843369 10.4037 0
  150.240799 132.0 0
  150.36497500000002 148.0 0
  150.617386 368.0 0
  151.037155 196.0 0
  151.05484 568.0 0
  151.07740800000002 280.0 0
  151.082275 144.0 0
  151.08943200000002 52.0 0
  151.10870400000002 184.0 0
  151.516006 2.666667 0
  151.75531 124.0 0
  151.980621 208.0 0
  152.060608 325.0 0
  152.076263 176.0 0
  152.20382700000002 52.0 0
  152.301773 96.0 0
  152.672089 236.0 0
  152.933456 92.0 0
  152.95626800000002 140.0 0
  153.011353 172.0 0
  153.04561700000002 357.0 0
  153.07440200000002 15.375 0
  153.150742 272.0 0
  153.364075 13.26962 0
  153.655991 200.0 0
  154.025482 212.0 0
  154.079803 308.0 0
  154.27211 224.0 0
  154.324112 13.35897 0
  154.365891 176.0 0
  154.472961 128.0 0
  154.50808700000002 224.0 0
  154.52937300000002 112.0 0
  154.69859300000002 160.0 0
  154.775055 7.935 0
  155.05706800000002 236.0 0
  155.080521 530.349182 0
  155.084778 152.0 0
  155.188553 40.0 0
  155.490128 5.375 0
  155.665344 228.0 0
  156.045364 106.212997 0
  156.099716 352.0 0
  156.243805 26.044701 0
  156.52037 108.0 0
  156.908691 236.0 0
  157.063904 184.0 0
  157.078003 824.0 0
  157.10376000000002 132.0 0
  157.652496 88.0 0
  157.739517 108.0 0
  157.908142 180.0 0
  157.952698 184.0 0
  158.06007400000001 140.0 0
  158.18597400000002 19.226851 0
  158.532013 88.0 0
  158.579644 184.0 0
  159.033249 172.0 0
  159.039917 715.0 0
  159.043823 168.0 0
  159.058472 284.0 0
  159.080658 180.0 0
  159.66239900000002 88.0 0
  159.980194 132.0 0
  160.142075 124.0 0
  160.154709 184.0 0
  160.20129400000002 80.0 0
  160.27800000000002 124.0 0
  160.30972300000002 120.0 0
  160.43725600000002 116.0 0
  160.453278 84.0 0
  160.79177900000002 196.0 0
  160.982666 188.0 0
  161.02195700000001 280.0 0
  161.045807 245.0 0
  161.060349 244.0 0
  161.125031 208.0 0
  161.178406 64.0 0
  161.197305 164.0 0
  161.287811 232.0 0
  161.70546000000002 12.64813 0
  161.977722 756.0 0
  163.130112 112.0 0
  163.94589200000001 152.0 0
  164.336761 164.0 0
  164.97438 156.0 0
  165.025146 168.0 0
  165.056961 304.0 0
  165.063431 1503.0 1
  165.40678400000002 120.0 0
  166.01684600000002 240.0 0
  166.237366 44.0 0
  166.244507 112.0 0
  166.413193 28.67045 0
  166.50555400000002 11.49662 0
  166.620026 128.0 0
  166.721313 160.0 0
  167.04667700000002 148.0 0
  167.06774900000002 148.0 0
  167.072739 949.510925 0
  167.1353 100.0 0
  167.522018 200.0 0
  167.561676 44.0 0
  167.95687900000001 156.0 0
  168.004883 3676.0 2
  168.05165100000002 128.0 0
  168.05844100000002 132.0 0
  168.07290600000002 184.0 0
  168.07637 6768.0 3
  168.365295 176.0 0
  168.917694 164.0 0
  169.05044600000002 1923.0 1
  169.073517 248.0 0
  169.087646 77574.0 34
  169.136337 144.0 0
  169.307312 120.0 0
  169.376923 160.0 0
  169.453979 104.0 0
  169.46167 156.0 0
  169.49263000000002 140.0 0
  169.52507 128.0 0
  169.545624 5.372549 0
  169.82074 188.0 0
  169.93360900000002 32.0 0
  169.948914 96.0 0
  169.955566 80.0 0
  170.46019 140.0 0
  170.509491 140.0 0
  170.561707 180.0 0
  170.652863 6.734848 0
  171.079971 630.800415 0
  171.291962 216.0 0
  171.77134700000002 168.0 0
  171.842255 208.0 0
  172.07186900000002 84.403297 0
  172.088669 1328.0 1
  172.17219500000002 220.0 0
  172.234726 4.888889 0
  172.419327 168.0 0
  172.801285 224.0 0
  173.009995 291758.0 126
  173.06959500000002 660.0 0
  173.092331 96.0 0
  173.133713 168.0 0
  173.168961 44.0 0
  173.22937000000002 164.0 0
  173.379318 160.0 0
  173.571808 48.0 0
  175.044159 184.0 0
  175.07359300000002 116.0 0
  175.10908500000002 784.0 0
  175.150452 196.0 0
  175.166885 14.13536 0
  175.51705900000002 152.0 0
  175.635544 164.0 0
  175.94468700000002 148.0 0
  176.07728600000002 1200.0 1
  176.768204 124.0 0
  176.918747 124.0 0
  177.06980900000002 155.505005 0
  177.16064500000002 25.45455 0
  177.43270900000002 120.0 0
  177.48043800000002 188.0 0
  177.50138900000002 84.0 0
  178.279175 152.0 0
  178.964722 72.0 0
  179.03457600000002 168.0 0
  179.083771 181.965698 0
  179.09198 408.0 0
  179.49272200000001 144.0 0
  179.542221 52.0 0
  180.14296000000002 152.0 0
  180.24026500000002 160.0 0
  180.428299 168.0 0
  180.65960700000002 224.0 0
  180.86007700000002 212.0 0
  180.917572 152.0 0
  181.07276900000002 164.0 0
  181.081558 15342.0 7
  181.49913 184.0 0
  182.06500200000002 200.0 0
  182.37274200000002 8.784091 0
  182.376022 188.0 0
  182.80928 132.0 0
  183.068192 200.0 0
  183.092331 3364.0 1
  183.114853 1072.0 0
  184.01895100000002 360.0 0
  184.04376200000002 15999.0 7
  184.07865900000002 240.0 0
  184.106323 692.0 0
  184.213882 12.0928 0
  184.36050400000002 236.0 0
  184.372803 17.336309 0
  184.62027 180.0 0
  184.97091700000001 104.0 0
  185.031418 188.0 0
  185.058243 1060.0 0
  185.095337 2476.0 1
  185.836929 48.0 0
  186.06483500000002 96.392723 0
  186.32453900000002 136.0 0
  187.035995 868610.0 376
  187.039627 224.0 0
  187.06633000000002 108.0 0
  187.116455 162.020493 0
  187.169586 359.25119 0
  187.354599 56.0 0
  187.446854 156.0 0
  187.546432 208.0 0
  188.013123 192.0 0
  188.066055 420.0 0
  188.224716 104.0 0
  188.633835 184.0 0
  188.87771600000002 124.0 0
  189.062546 156.0 0
  189.06842 160.0 0
  189.214447 84.0 0
  189.427048 204.0 0
  189.75202900000002 196.0 0
  190.02027900000002 120.0 0
  190.089325 2420.0 1
  190.183762 196.0 0
  190.48550400000002 11.60922 0
  190.745483 40.76923 0
  190.754959 152.0 0
  190.87612900000002 96.0 0
  190.956543 144.0 0
  191.107697 288.0 0
  191.311066 140.0 0
  191.54718 200.0 0
  191.807098 184.0 0
  192.067703 172.0 0
  192.07373 164.0 0
  192.09132400000001 176.0 0
  192.23915100000002 72.0 0
  193.09599300000002 656.0 0
  193.108734 328.0 0
  193.55877700000002 56.0 0
  194.426575 204.0 0
  195.082535 320.0 0
  195.085892 140.0 0
  195.09719800000002 184.0 0
  195.515274 212.0 0
  195.72761500000001 160.0 0
  195.763702 216.0 0
  196.102707 273.0 0
  196.342575 11.68254 0
  196.533432 260.0 0
  196.61123700000002 152.0 0
  196.705322 228.0 0
  197.058487 12872.0 6
  197.093994 44.08466 0
  197.10614 624.0 0
  197.179504 104.0 0
  197.920883 116.0 0
  198.009399 120.0 0
  198.068069 252.0 0
  198.143295 52.0 0
  199.053101 164.0 0
  199.05548100000001 19582.0 8
  199.069794 4914.0 2
  199.072037 292.0 0
  199.68132 148.0 0
  200.040085 116.0 0
  200.14859 52.0 0
  200.262924 460.0 0
  201.033151 147.0 0
  201.064682 208.0 0
  201.120728 692.0 0
  201.291641 60.0 0
  201.362885 84.0 0
  201.469437 64.0 0
  202.17666 152.0 0
  202.244537 164.0 0
  202.779282 116.0 0
  203.083557 140.0 0
  203.139084 48.0 0
  203.46258500000002 152.0 0
  203.48349000000002 32.0 0
  203.899597 148.0 0
  204.07449300000002 1128.0 0
  204.145172 176.0 0
  204.17712400000002 476.0 0
  204.821075 88.0 0
  205.07637 14.84574 0
  205.087479 232.0 0
  205.2332 68.0 0
  206.11273200000002 168.0 0
  206.118774 192.0 0
  206.22374000000002 64.0 0
  206.482697 176.0 0
  206.675552 72.0 0
  207.184472 125.0 0
  207.75705000000002 116.0 0
  207.85141000000002 204.0 0
  208.118164 116.0 0
  209.120499 76.0 0
  209.13647500000002 109.204002 0
  209.73159800000002 180.0 0
  210.680115 40.0 0
  211.096313 144.0 0
  211.14238 111580.0 48
  211.669647 112.0 0
  211.794418 152.0 0
  212.050354 7.761905 0
  212.08221400000002 494.0 0
  212.156342 328.0 0
  212.24082900000002 204.0 0
  212.42395000000002 88.0 0
  212.87480200000002 128.0 0
  213.012283 124.0 0
  213.055679 384.0 0
  213.524292 44.0 0
  213.915009 128.0 0
  214.03384400000002 25.56653 0
  214.08992 461.0 0
  214.23126200000002 240.0 0
  214.309845 108.0 0
  214.92773400000002 172.0 0
  215.02449000000001 184.0 0
  215.09307900000002 140.0 0
  215.097824 304.0 0
  215.105515 88.0 0
  215.20282 160.0 0
  216.22168000000002 92.0 0
  216.649682 160.0 0
  216.791367 120.0 0
  217.16609200000002 192.0 0
  217.188858 72.01902 0
  217.197662 68.0 0
  217.502686 34.900002 0
  218.815979 216.0 0
  219.085403 16282.0 7
  219.587311 68.0 0
  219.765656 240.0 0
  220.045914 164.0 0
  220.05070500000002 60.0 0
  220.070618 168.0 0
  220.08406100000002 348.0 0
  220.420441 232.0 0
  220.962814 160.0 0
  221.06843600000002 136.0 0
  221.140747 388.0 0
  221.586563 56.0 0
  221.971359 144.0 0
  222.06066900000002 136.0 0
  222.273438 48.0 0
  223.025436 10.96491 0
  223.079315 220.0 0
  223.087952 184.0 0
  224.104645 124.0 0
  224.280685 188.0 0
  224.60498 160.0 0
  224.99099700000002 19190.0 8
  226.18663 116.0 0
  226.213882 132.0 0
  227.06994600000002 2980.0 1
  227.104599 55665.0 24
  227.10771200000002 276.0 0
  227.409409 88.0 0
  227.498703 136.0 0
  227.925034 28.2663 0
  227.969101 48.0 0
  229.01532 128.0 0
  229.411728 16.266451 0
  229.611572 232.0 0
  230.18472300000002 96.0 0
  230.47056600000002 172.0 0
  230.678146 104.0 0
  231.021378 109.0 0
  231.044861 567.0 0
  231.08569300000002 1554.0 1
  231.135422 40.17474 0
  231.99937400000002 140.0 0
  232.12030000000001 244.0 0
  232.89231900000001 60.0 0
  232.990494 208.0 0
  233.854813 108.0 0
  234.49182100000002 36.0 0
  234.54882800000001 248.0 0
  234.731354 19.381109 0
  235.110687 5352.0 2
  235.44180300000002 120.0 0
  236.104858 1636.0 1
  236.11402900000002 1576.0 1
  236.399368 264.0 0
  236.56694000000002 96.0 0
  237.06225600000002 124.0 0
  237.11223700000002 406.0 0
  237.297455 168.0 0
  238.12695300000001 96.0 0
  239.06500200000002 2310867.0 999
  239.33299300000002 44.0 0
  239.388184 68.0 0
  239.390839 152.0 0
  239.75174 192.0 0
  240.105737 208.0 0
  240.237244 1168.0 1
  240.691345 80.0 0
  241.003052 1092.0 0
  241.12612900000002 84.0 0
  241.180206 160.0 0
  241.3013 1667.0 1
  241.819916 38.20134 0
  242.08303800000002 320.0 0
  242.090424 148.0 0
  243.09338400000001 183.0 0
  243.128342 168.0 0
  243.495102 184.0 0
  243.93133500000002 152.0 0
  244.76005600000002 100.0 0
  244.958878 5.75 0
  245.105606 1132499.0 490
  245.703583 38.250839 0
  246.056107 72.0 0
  246.132233 228.0 0
  247.059799 264.0 0
  247.072845 47.375 0
  247.29341100000002 52.0 0
  247.579269 140.0 0
  247.75134300000002 128.0 0
  248.05023200000002 164.0 0
  248.11526500000002 76.8125 0
  248.120499 8372.0 4
  249.061005 98.159821 0
  249.2733 56.0 0
  249.307343 132.0 0
  249.76705900000002 124.0 0
  250.280899 212.0 0
  251.10247800000002 132.0 0
  251.672852 140.0 0
  251.802521 168.0 0
  252.02916000000002 300.0 0
  252.194153 120.0 0
  252.397858 168.0 0
  253.033356 188.0 0
  253.070007 1133122.0 490
  253.120697 1068.0 0
  253.155426 120.0 0
  254.13244600000002 23.50543 0
  254.35333300000002 112.0 0
  254.813309 128.0 0
  255.045807 108.0 0
  255.058517 50045.0 22
  255.129684 160.0 0
  255.138138 2524.0 1
  255.72699 176.0 0
  257.092499 3520.0 2
  257.53784199999996 100.0 0
  257.718536 168.0 0
  258.317932 156.0 0
  259.062317 200.0 0
  259.14575199999996 64.0 0
  259.592407 248.0 0
  259.96047999999996 140.0 0
  260.727539 116.0 0
  261.030518 156.0 0
  261.105255 176.0 0
  261.369446 1.675 0
  262.05010999999996 328.0 0
  262.16421499999996 148.0 0
  262.767365 92.0 0
  263.39196799999996 72.0 0
  264.32061799999997 80.0 0
  264.358948 80.0 0
  265.12060499999995 69.477943 0
  265.46270799999996 116.0 0
  266.049988 113198.0 49
  266.936493 72.0 0
  267.105011 92498.0 40
  268.025024 316.0 0
  268.466339 76.0 0
  268.55432099999996 156.0 0
  268.64755199999996 212.0 0
  269.038544 832.0 0
  269.085358 304.0 0
  269.118 1.0 0
  269.144684 100.0 0
  270.08572399999997 404.0 0
  271.62737999999996 164.036697 0
  272.18353299999995 136.0 0
  272.57611099999997 100.0 0
  272.697235 136.0 0
  272.835114 140.0 0
  273.050385 6396.0 3
  273.126373 316.0 0
  273.27761799999996 128.0 0
  273.44940199999996 92.0 0
  273.45944199999997 144.0 0
  274.068207 1584.0 1
  274.113342 1412.0 1
  274.217224 2281.290039 1
  274.898468 188.0 0
  275.47146599999996 216.0 0
  276.32183799999996 10.38075 0
  277.12402299999997 212.0 0
  277.465485 44.0 0
  277.792236 156.0 0
  278.444977 26.040661 0
  279.49404899999996 16.419069 0
  279.64395099999996 156.0 0
  279.83847 244.0 0
  280.073853 196.0 0
  281.153778 152.0 0
  282.12472499999996 116.0 0
  282.16189599999996 176.0 0
  282.208832 7.162634 0
  283.03328799999997 228.0 0
  283.068512 144.0 0
  283.548431 136.0 0
  283.613678 160.0 0
  283.91421499999996 228.0 0
  284.762024 216.0 0
  285.156677 2565.0 1
  286.002136 128.0 0
  287.02676399999996 152.0 0
  287.08084099999996 148.0 0
  287.109735 1704.0 1
  287.22601299999997 104.0 0
  288.12524399999995 748.0 0
  288.205383 44.0 0
  288.768372 60.0 0
  289.25985699999995 160.0 0
  290.638397 270.601013 0
  291.036591 136.0 0
  291.952637 18.60471 0
  292.422668 140.0 0
  293.115051 144.0 0
  293.25247199999995 260.0 0
  293.89129599999995 116.0 0
  295.107392 204447.0 88
  296.00195299999996 132.0 0
  296.067169 164.0 0
  296.185699 116.0 0
  296.861725 152.0 0
  297.111694 165.681 0
  297.18457 1764.0 1
  297.728638 156.0 0
  298.57827799999995 208.0 0
  299.081818 30.143209 0
  300.04717999999997 104.0 0
  300.06134 2036.0 1
  301.513306 76.0 0
  303.010559 172.0 0
  303.096252 21.86722 0
  304.387543 44.0 0
  304.61071799999996 60.0 0
  304.78216599999996 92.0 0
  304.830902 40.0 0
  305.20077499999996 25916.0 11
  306.63354499999997 160.0 0
  306.905396 108.0 0
  308.16213999999997 140.0 0
  308.166565 52.0 0
  308.223297 164.0 0
  308.338379 164.0 0
  309.41861 172.0 0
  309.972656 168.0 0
  311.04949999999997 2.381944 0
  311.13116499999995 132.0 0
  311.89599599999997 92.0 0
  313.041589 315.0 0
  313.48648099999997 90.102127 0
  314.56033299999996 148.0 0
  314.958191 21.06262 0
  315.15896599999996 528.0 0
  316.78234899999995 208.0 0
  317.108215 144.0 0
  317.111725 144.0 0
  317.14385999999996 128.0 0
  319.161407 2276.0 1
  321.09973099999996 627.110596 0
  322.125543 100.0 0
  322.44769299999996 140.0 0
  323.97817999999995 212.0 0
  324.78140299999995 6.285431 0
  324.83772 164.0 0
  325.00985699999995 132.0 0
  325.254974 40.0 0
  325.30868499999997 196.0 0
  325.33419799999996 72.0 0
  326.145935 264.0 0
  327.181274 80.0 0
  330.537109 131.280304 0
  330.58432 32.0 0
  333.750793 100.0 0
  334.128518 1.0 0
  335.05062899999996 276.0 0
  336.238068 172.0 0
  336.403442 2.520833 0
  337.15011599999997 112.0 0
  338.767548 164.0 0
  339.702911 168.0 0
  339.732178 12.81855 0
  339.769318 248.0 0
  340.543976 48.0 0
  342.224243 140.0 0
  344.038879 108.0 0
  345.554742 192.0 0
  347.479248 176.0 0
  350.204712 116.0 0
  351.62609899999995 124.0 0
  352.217987 148.0 0
  352.93875099999997 128.0 0
  353.04281599999996 176.0 0
  355.84317 144.0 0
  359.075226 108.0 0
  360.128388 200.0 0
  360.29022199999997 136.0 0
  364.864312 196.0 0
  370.17846699999996 180.0 0
  370.716949 72.0 0
  371.07750799999997 380.0 0
  372.52984599999996 196.0 0
  376.540955 9.482142 0
  377.67974899999996 132.0 0
  378.95111099999997 72.0 0
  381.280121 52.0 0
  385.81170699999996 132.0 0
  386.200562 120.0 0
  388.827179 224.0 0
  390.812103 136.0 0
  391.728119 52.0 0
  392.97903399999996 68.0 0
  393.077118 428.0 0
  395.06487999999996 112.0 0
  396.471863 160.0 0
  398.638916 212.0 0
  398.764282 11015.848633 5
  400.20034799999996 144.0 0
  402.18035899999995 3909.0 2
  404.64410399999997 2748.0 1
  411.358032 124.0 0
  412.208954 652.0 0
  417.484131 188.0 0
  420.54556299999996 40.0 0
  429.4086 156.0 0
  431.951508 192.0 0
  432.175256 136.0 0
  442.95001199999996 180.885193 0
  444.449188 128.0 0
  452.440002 124.0 0
  454.151886 4880.0 2
//
