ACCESSION: CCMSLIB00000079414
RECORD_TITLE: decoy
DATE: 2015.11.20
AUTHORS: Administrator
LICENSE: CC BY-SA
CH$NAME: decoy
CH$COMPOUND_CLASS: Natural Product
CH$FORMULA: C24H32O7
CH$EXACT_MASS: 432.214803364
CH$SMILES: N/A
CH$IUPAC: decoy
CH$LINK: N/A
AC$INSTRUMENT: decoy
AC$INSTRUMENT_TYPE: decoy
AC$MASS_SPECTROMETRY: MS_TYPE MS2
AC$MASS_SPECTROMETRY: ION_MODE POSITIVE
AC$MASS_SPECTROMETRY: COLLISION_ENERGY 10 V
MS$FOCUSED_ION: PRECURSOR_M/Z 433
MS$FOCUSED_ION: PRECURSOR_TYPE [M+H]+
PK$NUM_PEAK: 2187
PK$PEAK: m/z int. rel.int.
  39.714883 192.0 0
  45.375206 224.0 0
  45.441483 236.0 0
  45.560097 228.0 0
  45.764782000000004 172.0 0
  45.784225 112.0 0
  46.271183 204.0 0
  46.696171 168.0 0
  46.769161000000004 184.0 0
  46.776917000000005 168.0 0
  47.007442000000005 164.0 0
  47.305901 204.0 0
  47.373363000000005 164.0 0
  47.509525000000004 156.0 0
  47.601433 240.0 0
  47.693295 200.0 0
  47.942848000000005 132.0 0
  48.149841 152.0 0
  48.469193000000004 36.0 0
  48.507481 164.0 0
  48.528538000000005 164.0 0
  48.921108000000004 128.0 0
  48.989944 80.0 0
  49.038799000000004 136.0 0
  49.133709 140.0 0
  49.205067 172.0 0
  49.792618000000004 152.0 0
  49.811581000000004 204.0 0
  49.886238 72.0 0
  49.904961 168.0 0
  49.983139 116.0 0
  50.176357 124.0 0
  50.62986 212.0 0
  50.656368 156.0 0
  50.695621 96.0 0
  50.99128 168.0 0
  51.019005 188.0 0
  51.021404000000004 135.036804 0
  51.061092 204.0 0
  51.099937000000004 220.0 0
  51.389656 184.0 0
  51.575974 128.0 0
  51.69614 164.0 0
  51.787346 136.0 0
  52.119526 336.0 0
  52.333946000000005 312.0 0
  52.384071 236.0 0
  52.424225 152.0 0
  52.479713000000004 40.0 0
  52.549820000000004 204.0 0
  52.871456 176.0 0
  52.969547 156.0 0
  53.434963 148.0 0
  53.476082 208.0 0
  53.515793 160.0 0
  54.009636 232.0 0
  54.176636 168.0 0
  54.222046 140.0 0
  54.413044 188.0 0
  54.524982 188.0 0
  54.707607 108.0 0
  54.76561 100.0 0
  54.81221 160.0 0
  54.840561 120.0 0
  54.973209000000004 184.0 0
  55.019531 108.0 0
  55.094429 252.0 0
  55.135792 188.0 0
  55.413940000000004 188.0 0
  55.481636 140.0 0
  55.646683 176.0 0
  55.798813 72.0 0
  55.846916 212.0 0
  56.188393000000005 204.0 0
  56.335007000000004 152.0 0
  56.593113 52.0 0
  56.638496 168.0 0
  56.743473 184.0 0
  56.754391 172.0 0
  56.852398 132.0 0
  57.017273 64.0 0
  57.179081000000004 164.0 0
  57.195805 148.0 0
  57.364658 48.0 0
  57.559582 204.0 0
  57.629539 128.0 0
  58.206169 44.0 0
  58.405861 160.0 0
  58.457653 200.0 0
  58.474205000000005 244.0 0
  58.537774 180.0 0
  58.621975 244.0 0
  58.750233 176.0 0
  58.84288 156.0 0
  58.88345 132.0 0
  58.95565 140.0 0
  59.070034 184.0 0
  59.093651 112.0 0
  59.183128 148.0 0
  59.745987 144.0 0
  59.751858 112.0 0
  59.938553 164.0 0
  60.158463000000005 156.0 0
  60.168709 148.0 0
  60.591351 112.0 0
  60.633999 148.0 0
  60.673523 80.0 0
  61.35844 88.0 0
  61.408707 168.0 0
  61.47411 244.0 0
  61.646324 160.0 0
  61.671711 152.0 0
  61.681229 156.0 0
  61.791111 140.0 0
  61.831963 92.0 0
  61.951092 216.0 0
  62.02919 100.0 0
  62.208218 192.0 0
  62.285515000000004 280.0 0
  62.530811 92.0 0
  62.820057 204.0 0
  62.871842 164.0 0
  63.131889 144.0 0
  63.597500000000004 220.0 0
  63.727505 248.0 0
  63.882175000000004 212.0 0
  63.935829 148.0 0
  64.04557799999999 92.0 0
  64.628944 36.0 0
  64.644592 232.0 0
  64.687851 192.0 0
  64.749619 164.0 0
  64.752228 228.0 0
  64.754501 192.0 0
  65.06163799999999 152.0 0
  65.24415599999999 236.0 0
  65.41278799999999 128.0 0
  65.58672299999999 188.0 0
  65.758522 44.0 0
  65.91465799999999 132.0 0
  66.653618 252.0 0
  66.981926 152.0 0
  66.992767 108.0 0
  67.412292 56.0 0
  67.48271199999999 204.0 0
  67.789413 192.0 0
  67.85941299999999 44.0 0
  68.087257 140.0 0
  68.156944 168.0 0
  68.31575799999999 164.0 0
  68.40167199999999 140.0 0
  68.763168 148.0 0
  68.768738 76.0 0
  68.79184699999999 156.0 0
  68.91860199999999 152.0 0
  68.92437 160.0 0
  68.967911 128.0 0
  68.98288 164.0 0
  69.03023499999999 156.0 0
  69.07050299999999 862.376587 0
  69.079376 156.0 0
  69.36872899999999 164.0 0
  69.44536599999999 164.0 0
  69.47466999999999 184.0 0
  69.486244 200.0 0
  69.69004799999999 164.0 0
  69.69891399999999 100.0 0
  69.971199 152.0 0
  70.35323299999999 188.0 0
  70.436516 132.0 0
  70.53667399999999 140.0 0
  70.77304099999999 152.0 0
  70.79429599999999 340.0 0
  70.89351699999999 144.0 0
  71.03641499999999 236.0 0
  71.04730199999999 156.0 0
  71.24653599999999 228.0 0
  71.673576 116.0 0
  71.765305 44.0 0
  71.81335399999999 156.0 0
  72.351006 164.0 0
  72.415543 200.0 0
  72.42366799999999 184.0 0
  72.42688799999999 196.0 0
  72.64183799999999 224.0 0
  72.81599399999999 160.0 0
  72.940659 156.0 0
  73.06309499999999 216.0 0
  73.231865 344.0 0
  73.24640699999999 116.0 0
  73.263077 148.0 0
  73.30120099999999 168.0 0
  73.47539499999999 204.0 0
  73.57354 152.0 0
  73.80813599999999 220.0 0
  73.81942 144.0 0
  73.98243 84.0 0
  74.09535199999999 144.0 0
  74.56781 180.0 0
  74.683914 144.0 0
  74.82333399999999 228.0 0
  75.02281199999999 152.0 0
  75.18508899999999 164.0 0
  75.25186199999999 152.0 0
  75.456718 140.0 0
  75.49836699999999 164.0 0
  75.77053799999999 160.0 0
  75.77671099999999 164.0 0
  75.78440099999999 176.0 0
  75.86232799999999 160.0 0
  76.00192999999999 180.0 0
  76.096649 128.0 0
  76.145355 180.0 0
  76.659233 128.0 0
  76.72682999999999 160.0 0
  76.95767199999999 160.0 0
  77.072395 192.0 0
  77.19201699999999 164.0 0
  77.401367 112.0 0
  77.74132499999999 204.0 0
  77.768028 176.0 0
  78.16553499999999 236.0 0
  78.211548 44.0 0
  78.250839 160.0 0
  78.462547 240.0 0
  78.77301 160.0 0
  78.966003 176.0 0
  79.046509 144.0 0
  79.12915 152.0 0
  79.420166 180.0 0
  79.450256 176.0 0
  79.76529699999999 156.0 0
  79.79995699999999 40.0 0
  80.087234 140.0 0
  80.451546 156.0 0
  80.531601 196.0 0
  80.807678 208.0 0
  81.048569 164.0 0
  81.154015 188.0 0
  81.51003999999999 40.0 0
  81.724976 132.0 0
  81.767952 68.0 0
  81.816093 144.0 0
  81.959801 196.0 0
  82.412025 152.0 0
  83.032516 236.0 0
  83.149757 84.0 0
  83.21515699999999 124.0 0
  83.256317 136.0 0
  83.47031399999999 224.0 0
  83.480263 160.0 0
  84.046295 383.630188 0
  84.279716 172.0 0
  84.31868 188.0 0
  84.605431 296.0 0
  84.621895 216.0 0
  84.87971499999999 200.0 0
  84.944244 172.0 0
  84.951996 140.0 0
  85.135048 256.0 0
  85.398659 260.0 0
  85.469528 184.0 0
  85.490837 164.0 0
  85.77220899999999 216.0 0
  86.039963 216.0 0
  86.249168 236.0 0
  86.50651599999999 272.0 0
  86.651657 192.0 0
  86.803963 140.0 0
  86.958756 140.0 0
  87.148697 120.0 0
  87.19770799999999 132.0 0
  87.24977899999999 236.0 0
  87.473671 216.0 0
  87.65605199999999 220.0 0
  87.749313 140.0 0
  87.901443 148.0 0
  88.07384499999999 53.69397 0
  88.30075799999999 168.0 0
  88.333626 108.0 0
  88.371437 176.0 0
  88.64207499999999 132.0 0
  88.98844899999999 72.0 0
  89.06142399999999 84.0 0
  89.229897 164.0 0
  89.41146099999999 108.0 0
  89.821198 224.0 0
  89.82589 176.0 0
  89.95252199999999 104.0 0
  89.98822 168.0 0
  90.138756 128.0 0
  90.25660699999999 200.0 0
  90.94648 148.0 0
  91.03244799999999 28.0 0
  91.05409999999999 148.0 0
  91.104828 124.0 0
  91.237648 176.0 0
  91.43781999999999 136.0 0
  91.672462 64.0 0
  92.059135 232.0 0
  92.072487 128.0 0
  92.44833399999999 152.0 0
  92.54686 208.0 0
  92.62271899999999 248.0 0
  92.68740799999999 204.0 0
  92.691437 176.0 0
  92.972954 160.0 0
  93.069626 220.0 0
  93.11376999999999 68.0 0
  93.203209 216.0 0
  93.263252 264.0 0
  93.30214699999999 148.0 0
  93.564667 236.0 0
  94.20124799999999 156.0 0
  94.21372199999999 148.0 0
  94.935532 144.0 0
  95.035393 56.0 0
  95.047646 148.0 0
  95.181969 196.0 0
  95.20028699999999 256.0 0
  95.21212 144.0 0
  95.299858 188.0 0
  95.552803 256.0 0
  95.631721 80.0 0
  95.634315 192.0 0
  95.953903 184.0 0
  96.02568799999999 152.0 0
  96.066986 108.0 0
  96.09787 236.0 0
  96.25954399999999 156.0 0
  96.343857 136.0 0
  96.56507099999999 108.0 0
  96.681953 196.0 0
  96.718567 176.0 0
  96.88671099999999 208.0 0
  96.93667599999999 148.0 0
  96.98552699999999 188.0 0
  97.037651 168.0 0
  97.04482999999999 144.0 0
  97.13971699999999 64.0 0
  97.261299 180.0 0
  97.36239599999999 136.0 0
  97.44471899999999 252.0 0
  97.571281 176.0 0
  97.57592 200.0 0
  97.580833 184.0 0
  97.60144 60.0 0
  97.638351 136.0 0
  97.724998 232.0 0
  97.846001 156.0 0
  97.87495399999999 164.0 0
  98.018501 208.0 0
  98.05985299999999 25207.369141 6
  98.095642 140.0 0
  98.19311499999999 124.0 0
  98.203171 180.0 0
  98.269127 152.0 0
  98.283035 136.0 0
  98.428581 244.0 0
  98.49544499999999 104.0 0
  98.631828 184.0 0
  98.69318399999999 128.0 0
  98.73438999999999 132.0 0
  98.769424 204.0 0
  98.848518 220.0 0
  99.02671799999999 120.0 0
  99.04776 528.0 0
  99.06987 200.0 0
  99.118027 60.0 0
  99.15673799999999 124.0 0
  99.32133499999999 184.0 0
  99.48584699999999 152.0 0
  99.77108799999999 208.0 0
  99.89492 156.0 0
  100.016312 176.0 0
  100.183174 196.0 0
  100.32764399999999 156.0 0
  100.361031 252.0 0
  100.40795899999999 128.0 0
  100.441727 108.0 0
  100.453514 188.0 0
  100.52153 316.0 0
  100.91251399999999 56.0 0
  101.038803 160.0 0
  101.128265 164.0 0
  101.14598799999999 176.0 0
  101.27152299999999 168.0 0
  101.30880699999999 152.0 0
  101.385391 256.0 0
  101.50927 216.0 0
  101.55401599999999 120.0 0
  101.569412 164.0 0
  101.62129999999999 116.0 0
  101.628502 152.0 0
  101.81399499999999 120.0 0
  101.960747 168.0 0
  102.047562 208.0 0
  102.06588699999999 172.0 0
  102.327766 212.0 0
  102.36634099999999 124.0 0
  102.546127 176.0 0
  102.603127 192.0 0
  102.63324 128.0 0
  102.687248 216.0 0
  102.826088 216.0 0
  102.845703 132.0 0
  102.88073 188.0 0
  103.05264299999999 54.491379 0
  103.06146199999999 200.0 0
  103.164513 176.0 0
  103.21438599999999 160.0 0
  103.301277 152.0 0
  103.421623 132.0 0
  103.44238999999999 96.0 0
  103.45522299999999 176.0 0
  103.481873 184.0 0
  103.60002899999999 108.0 0
  103.871376 32.0 0
  103.952705 216.0 0
  104.11657 144.0 0
  104.170273 136.0 0
  104.29081699999999 80.0 0
  104.42190599999999 156.0 0
  104.61631799999999 172.0 0
  104.683151 128.0 0
  104.702255 164.0 0
  105.058258 576.0 0
  105.067871 50.54977 0
  105.070129 276.0 0
  105.073875 7.668333 0
  105.18442499999999 164.0 0
  105.219673 104.0 0
  105.223328 184.0 0
  105.23866299999999 44.0 0
  105.323059 168.0 0
  105.365341 92.0 0
  105.378571 168.0 0
  105.44904299999999 168.0 0
  105.464378 44.0 0
  105.50145699999999 188.0 0
  105.51244399999999 144.0 0
  105.549026 26.039709 0
  105.551041 292.0 0
  105.65344999999999 15.26087 0
  105.712181 208.0 0
  105.90053599999999 252.0 0
  106.013306 88.0 0
  106.036743 2920.0 1
  106.049622 136.0 0
  106.098801 124.0 0
  106.22225999999999 140.0 0
  106.258911 72.0 0
  106.311172 92.0 0
  106.390266 8.00641 0
  106.424072 80.0 0
  106.471443 108.0 0
  106.501183 15.07 0
  106.50795699999999 160.0 0
  106.596413 100.0 0
  106.599121 172.0 0
  106.73074299999999 36.0 0
  106.77655 100.0 0
  106.834808 160.0 0
  106.88362099999999 208.0 0
  106.97876699999999 236.0 0
  106.984787 188.0 0
  107.02645899999999 6.399193 0
  107.03869599999999 86.792686 0
  107.04813399999999 196.0 0
  107.060745 83.739281 0
  107.085106 588.0 0
  107.174011 120.0 0
  107.208839 188.0 0
  107.294975 152.0 0
  107.30864 13.74767 0
  107.31069199999999 15.86422 0
  107.463005 40.0 0
  107.50179299999999 132.0 0
  107.566803 132.0 0
  107.605263 176.0 0
  107.668213 40.0 0
  107.827911 104.0 0
  107.88082899999999 6.856061 0
  107.999214 116.0 0
  108.05139899999999 1944.0 0
  108.054817 32.840519 0
  108.08389299999999 44.0 0
  108.328682 100.0 0
  108.411842 192.0 0
  108.482689 40.0 0
  108.650223 164.0 0
  108.79382299999999 200.0 0
  108.877724 184.0 0
  108.97668499999999 260.0 0
  109.041969 148.809494 0
  109.05955499999999 184.0 0
  109.126999 172.0 0
  109.146957 128.0 0
  109.15253399999999 92.0 0
  109.238052 52.0 0
  109.267769 204.0 0
  109.30510699999999 180.0 0
  109.34024799999999 56.0 0
  109.375542 336.0 0
  109.43687399999999 48.0 0
  109.453468 148.0 0
  109.480408 84.0 0
  109.506203 19.766451 0
  109.677719 152.0 0
  109.69906599999999 208.0 0
  109.86565399999999 160.0 0
  109.91628999999999 176.0 0
  110.068169 196.0 0
  110.07565299999999 196.0 0
  110.21958199999999 100.0 0
  110.237793 132.0 0
  110.27613799999999 180.0 0
  110.33603699999999 104.0 0
  110.343582 184.0 0
  110.374023 12.76552 0
  110.46992499999999 244.0 0
  110.645248 80.0 0
  110.67205799999999 48.0 0
  110.88082899999999 144.0 0
  111.047585 32.0 0
  111.14134999999999 192.0 0
  111.20240799999999 13.06833 0
  111.45906799999999 172.0 0
  111.49587199999999 4.852273 0
  111.690857 244.0 0
  111.79916399999999 140.0 0
  111.92613999999999 152.0 0
  112.005569 196.0 0
  112.01239 212.0 0
  112.016228 280.0 0
  112.11172499999999 180.0 0
  112.13139299999999 64.0 0
  112.23737299999999 260.0 0
  112.34556599999999 40.0 0
  112.361519 152.0 0
  112.378067 112.0 0
  112.421814 56.0 0
  112.55435899999999 160.0 0
  112.60580399999999 156.0 0
  112.675598 120.0 0
  112.874146 204.0 0
  112.923851 100.0 0
  113.058899 164.0 0
  113.08047499999999 364.0 0
  113.091309 156.0 0
  113.10690299999999 5724.0 1
  113.220078 48.0 0
  113.270958 52.0 0
  113.345367 180.0 0
  113.47387699999999 44.0 0
  113.62473299999999 160.0 0
  113.69912699999999 212.0 0
  113.77462799999999 168.0 0
  114.04523499999999 252.0 0
  114.19918799999999 236.0 0
  114.204208 212.0 0
  114.37380999999999 100.0 0
  114.49338499999999 120.0 0
  114.642479 180.0 0
  114.878166 124.0 0
  114.939026 208.0 0
  114.94678499999999 23.191179 0
  114.95000499999999 176.0 0
  114.95352199999999 164.0 0
  115.05438199999999 1368.0 0
  115.155571 136.0 0
  115.26641099999999 192.0 0
  115.40620399999999 200.0 0
  115.525948 148.0 0
  115.56890899999999 260.0 0
  115.62795999999999 120.0 0
  115.69007099999999 208.0 0
  115.832298 132.0 0
  115.94472499999999 56.0 0
  115.962273 13.44004 0
  116.03190599999999 160.0 0
  116.055595 160.0 0
  116.23385599999999 176.0 0
  116.270088 128.0 0
  116.867249 168.0 0
  116.925163 116.0 0
  116.97539499999999 180.0 0
  117.02967799999999 160.0 0
  117.063538 144.0 0
  117.06881 1448.0 0
  117.10372199999999 6.0375 0
  117.173355 276.0 0
  117.198059 72.0 0
  117.321815 72.0 0
  117.38145399999999 140.0 0
  117.732086 76.0 0
  117.793472 140.0 0
  117.831413 164.0 0
  117.95800799999999 160.0 0
  118.029213 236.0 0
  118.06090499999999 172.0 0
  118.068275 160.0 0
  118.09425399999999 11.06586 0
  118.177032 44.0 0
  118.187721 72.0 0
  118.21685799999999 132.0 0
  118.332954 148.0 0
  118.422997 148.0 0
  118.437546 444.0 0
  118.48181899999999 188.0 0
  118.56726099999999 156.0 0
  118.670952 128.0 0
  118.689354 168.0 0
  118.75473 208.0 0
  118.889297 136.0 0
  118.98263499999999 180.0 0
  119.027 134328.0 32
  119.066025 200.0 0
  119.114601 3.185606 0
  119.156082 112.0 0
  119.18045 296.0 0
  119.396332 120.0 0
  119.602898 176.0 0
  119.697319 136.0 0
  119.736526 152.0 0
  119.77263599999999 140.0 0
  119.883934 124.0 0
  119.890053 144.0 0
  119.90690599999999 60.0 0
  120.684753 44.0 0
  120.80017099999999 148.0 0
  120.81423199999999 196.0 0
  120.87722799999999 60.0 0
  120.95597099999999 184.0 0
  120.98383299999999 164.0 0
  120.99471299999999 100.0 0
  121.00035899999999 8.125 0
  121.013283 164.0 0
  121.026642 310.0 0
  121.046455 156.0 0
  121.065849 49640.0 12
  121.07534799999999 652.0 0
  121.08770799999999 124.0 0
  121.16944099999999 48.0 0
  121.21372199999999 48.0 0
  121.306412 144.0 0
  121.31057 36.0 0
  121.359375 192.0 0
  121.369858 15.53333 0
  121.421402 164.0 0
  121.49295799999999 76.0 0
  121.49874899999999 876.232727 0
  121.89520999999999 180.0 0
  122.015846 172.0 0
  122.043976 152.0 0
  122.245064 184.0 0
  122.273468 56.0 0
  122.42424 144.0 0
  122.46213499999999 10.56019 0
  122.602989 164.0 0
  122.88153799999999 220.0 0
  122.91984599999999 176.0 0
  123.03598 156.0 0
  123.079422 3188.0 1
  123.118034 540.0 0
  123.13204999999999 72.0 0
  123.27205699999999 36.0 0
  123.310699 184.0 0
  123.66418499999999 160.0 0
  123.70940399999999 180.0 0
  123.75224299999999 164.0 0
  123.811043 208.0 0
  123.82172399999999 164.0 0
  124.01108599999999 11.75284 0
  124.015869 496.960907 0
  124.043999 24674.0 6
  124.050056 3652.0 1
  124.066238 180.0 0
  124.08024599999999 124.0 0
  124.09866299999999 904.0 0
  124.310104 140.0 0
  124.31485699999999 72.0 0
  124.345383 188.0 0
  124.544777 100.0 0
  124.62764 88.0 0
  124.664062 152.0 0
  124.74123399999999 188.0 0
  124.782967 184.0 0
  125.02179699999999 2601.0 1
  125.036453 284.0 0
  125.047699 156.0 0
  125.05339099999999 352.0 0
  125.062096 96.0 0
  125.299492 3.256818 0
  125.32507299999999 64.0 0
  125.403145 32.57785 0
  125.488312 160.0 0
  125.575233 176.0 0
  125.60278299999999 136.0 0
  125.73563399999999 176.0 0
  125.82826999999999 184.0 0
  125.839424 152.0 0
  126.03929099999999 199.580597 0
  126.05431399999999 1392.0 0
  126.086861 140.0 0
  126.11595899999999 116.0 0
  126.19116199999999 216.0 0
  126.23239099999999 116.0 0
  126.32417299999999 108.0 0
  126.33296999999999 148.0 0
  126.38342999999999 180.0 0
  126.39591999999999 60.0 0
  126.562851 208.0 0
  126.60627 164.0 0
  127.013115 3892.0 1
  127.02759599999999 172.0 0
  127.10730699999999 4.774123 0
  127.197144 180.0 0
  127.31432299999999 40.0 0
  127.39102199999999 40.0 0
  127.41787 76.0 0
  127.440224 176.0 0
  127.457962 84.0 0
  127.578171 144.0 0
  127.689056 240.0 0
  127.93538699999999 172.0 0
  127.95324699999999 144.0 0
  127.964081 168.0 0
  128.107483 673.041992 0
  128.576523 148.0 0
  128.58783 13.0147 0
  128.688095 136.0 0
  128.776016 168.0 0
  128.826401 160.0 0
  128.953995 216.0 0
  129.02302600000002 216.0 0
  129.029999 13595.0 3
  129.05302400000002 168.0 0
  129.056168 172.0 0
  129.064697 183.0 0
  129.071823 652.0 0
  129.090912 7881.149902 2
  129.152985 124.0 0
  129.17906200000002 200.0 0
  129.352386 140.0 0
  129.38385 172.0 0
  129.39648400000002 108.0 0
  129.5849 164.0 0
  129.60853600000002 160.0 0
  129.71286 216.0 0
  129.786697 196.0 0
  129.963409 116.0 0
  129.98791500000002 156.0 0
  130.013855 80.0 0
  130.019943 371.0 0
  130.07586 147.0 0
  130.082794 160.0 0
  130.141937 1.856818 0
  130.154022 136.0 0
  130.243896 204.0 0
  130.247879 224.0 0
  130.835449 76.0 0
  130.843826 192.0 0
  130.959549 120.0 0
  130.99765000000002 156.0 0
  131.020432 232.0 0
  131.04071000000002 517.0 0
  131.042877 124.0 0
  131.04521200000002 3005.0 1
  131.048111 184.0 0
  131.05452 163.0 0
  131.064774 20.75214 0
  131.21275300000002 160.0 0
  131.317673 200.0 0
  131.507584 30.16964 0
  131.673813 56.0 0
  131.74795500000002 212.0 0
  131.826492 252.0 0
  131.960068 136.0 0
  132.038788 64.0 0
  132.10183700000002 13170.490234 3
  132.130783 204.0 0
  132.14419600000002 128.0 0
  132.149292 140.0 0
  132.163254 252.0 0
  132.29942300000002 172.0 0
  132.330658 160.0 0
  132.400497 100.0 0
  132.434753 44.0 0
  132.51942400000001 72.0 0
  132.61689800000002 144.0 0
  132.65062 104.0 0
  132.697754 176.0 0
  132.750168 172.0 0
  132.942871 160.0 0
  133.06367500000002 103.0 0
  133.07629400000002 785.786377 0
  133.101471 832.0 0
  133.104379 272.0 0
  133.11116 220.0 0
  133.12376400000002 15.125 0
  133.161316 176.0 0
  133.166077 180.0 0
  133.173553 88.0 0
  133.199738 88.0 0
  133.263077 184.0 0
  133.30307000000002 68.0 0
  133.384766 4.800926 0
  133.526382 156.0 0
  133.592621 156.0 0
  133.61149600000002 184.0 0
  133.62709 208.0 0
  133.669388 116.0 0
  133.68583700000002 152.0 0
  134.010132 80.0 0
  134.035568 320.0 0
  134.06066900000002 148.0 0
  134.071426 968.0 0
  134.074945 200.0 0
  134.109741 176.0 0
  134.12226900000002 156.0 0
  134.150314 40.0 0
  134.193588 124.0 0
  134.20192 136.0 0
  134.255585 176.0 0
  134.33374 68.0 0
  134.34281900000002 2.367424 0
  134.34809900000002 168.0 0
  134.516052 116.0 0
  134.52160600000002 160.0 0
  134.62274200000002 136.0 0
  134.654495 272.0 0
  134.848343 204.0 0
  134.933746 160.0 0
  134.958923 296.0 0
  135.008118 128.0 0
  135.05645800000002 292.0 0
  135.069565 360.0 0
  135.099548 160.0 0
  135.12046800000002 180.0 0
  135.12886 14.79321 0
  135.20245400000002 112.0 0
  135.26872300000002 108.0 0
  135.282608 136.0 0
  135.292526 152.0 0
  135.31514 32.80508 0
  135.38621500000002 164.0 0
  135.393738 172.0 0
  135.51651 168.0 0
  135.578217 144.0 0
  135.704712 60.0 0
  135.802444 32.0 0
  135.855362 80.0 0
  136.07002300000002 286771.0 68
  136.0755 604.0 0
  136.14918500000002 196.0 0
  136.202209 192.0 0
  136.26358000000002 72.0 0
  136.37196400000002 10.00044 0
  136.405396 116.0 0
  136.506531 120.0 0
  136.76091 192.0 0
  136.79383900000002 56.0 0
  136.82576 152.0 0
  136.91377300000002 168.0 0
  137.00198400000002 80.0 0
  137.055573 289.0 0
  137.082657 29184.0 7
  137.093796 60.0 0
  137.10316500000002 128.0 0
  137.126846 44.0 0
  137.16322300000002 80.0 0
  137.16845700000002 192.0 0
  137.171982 10.96695 0
  137.201218 144.0 0
  137.219696 108.0 0
  137.225952 32.0 0
  137.36956800000002 116.0 0
  137.384521 176.0 0
  137.571289 184.0 0
  137.71490500000002 128.0 0
  137.726517 60.0 0
  137.733734 64.0 0
  138.000626 172.0 0
  138.196213 76.0 0
  138.200577 200.0 0
  138.39450100000002 40.0 0
  138.434143 120.0 0
  138.56182900000002 140.0 0
  138.808762 168.0 0
  138.949738 96.0 0
  139.042694 228.0 0
  139.051834 40.299568 0
  139.07371500000002 759.0 0
  139.115021 144.0 0
  139.272156 92.0 0
  139.35046400000002 180.0 0
  139.648804 148.0 0
  139.86857600000002 188.0 0
  139.894211 196.0 0
  139.932983 180.0 0
  140.051285 808.0 0
  140.064117 128.0 0
  140.138931 104.0 0
  140.20674100000002 56.0 0
  140.298019 76.0 0
  140.43634 140.0 0
  140.515747 160.0 0
  140.942184 140.0 0
  141.01469400000002 220.0 0
  141.029694 152.0 0
  141.041086 170.0 0
  141.063995 4719.0 1
  141.129944 60.0 0
  141.168121 144.0 0
  141.27375800000002 192.0 0
  141.496201 29.700001 0
  141.60406500000002 168.0 0
  141.818298 208.0 0
  141.957596 140.0 0
  141.970749 148.0 0
  141.976944 128.0 0
  142.032135 319.050293 0
  142.038956 332.0 0
  142.045792 160.0 0
  142.056046 392.0 0
  142.06298800000002 156.0 0
  142.107956 120.0 0
  142.181198 40.0 0
  142.187378 204.0 0
  142.34710700000002 172.0 0
  142.370926 112.0 0
  142.79997300000002 240.0 0
  142.96521900000002 1724.0 0
  143.048965 168.0 0
  143.052139 2.003788 0
  143.072189 1968.0 0
  143.07942200000002 172.0 0
  143.087189 188.0 0
  143.245972 168.0 0
  143.260208 144.0 0
  143.304352 156.0 0
  143.30860900000002 144.0 0
  143.440674 136.0 0
  143.502869 11.3344 0
  143.76413 92.0 0
  143.828751 368.0 0
  143.836105 32.0 0
  144.052719 1736.0 0
  144.055679 1848.0 0
  144.081863 74.2416 0
  144.099197 212.0 0
  144.14442400000001 96.0 0
  144.337769 192.0 0
  144.34845 268.0 0
  144.35600300000002 112.0 0
  144.687958 356.0 0
  144.791473 72.0 0
  145.02795400000002 2552.0 1
  145.065613 1560.0 0
  145.07016000000002 41.740131 0
  145.136612 128.0 0
  145.153793 88.0 0
  145.24945100000002 48.0 0
  145.364349 268.0 0
  145.418777 172.0 0
  145.606506 176.0 0
  145.690796 204.0 0
  145.69670100000002 48.0 0
  145.830856 144.0 0
  145.844803 6.620193 0
  145.920013 120.0 0
  145.95742800000002 132.0 0
  146.032913 132.0 0
  146.172333 15.88741 0
  146.24511700000002 184.0 0
  146.491653 184.0 0
  146.720947 200.0 0
  146.731491 168.0 0
  146.891525 308.0 0
  147.01199300000002 2304512.0 543
  147.04513500000002 148.0 0
  147.05392500000002 176.0 0
  147.057938 38.77586 0
  147.06282000000002 152.0 0
  147.066025 1.173611 0
  147.078302 156.0 0
  147.12728900000002 160.0 0
  147.21580500000002 128.0 0
  147.26644900000002 148.462296 0
  147.26937900000001 220.0 0
  147.29926400000002 168.0 0
  147.335388 136.0 0
  147.518036 192.0 0
  147.808899 116.0 0
  147.891083 64.0 0
  147.975449 124.0 0
  148.067612 36.0 0
  148.07695 275.372498 0
  148.087357 17952.0 4
  148.16420000000002 60.0 0
  148.26156600000002 56.0 0
  148.543274 40.0 0
  148.587402 116.0 0
  148.607483 232.0 0
  149.03765900000002 160.0 0
  149.05581700000002 857.0 0
  149.233093 192.0 0
  149.330002 216.0 0
  149.348251 164.0 0
  149.417908 40.0 0
  149.67807000000002 88.0 0
  149.694458 92.0 0
  149.779739 188.0 0
  149.832932 228.0 0
  149.890579 160.0 0
  150.03251600000002 5.9 0
  150.037781 200.0 0
  150.109741 156.0 0
  150.12892200000002 192.0 0
  150.259766 88.0 0
  150.32135 172.0 0
  150.418121 160.0 0
  150.45004300000002 160.0 0
  150.566971 164.0 0
  151.022858 115.0 0
  151.025192 180.0 0
  151.035309 188.0 0
  151.03775000000002 176.0 0
  151.050552 274.0 0
  151.072205 4656.0 1
  151.078232 100.0 0
  151.179855 48.0 0
  151.23564100000002 52.0 0
  151.35813900000002 188.0 0
  151.649689 120.0 0
  151.731659 76.0 0
  151.94674700000002 176.0 0
  151.991409 152.0 0
  152.03093 444.0 0
  152.05167500000002 179.0 0
  152.06218 172.0 0
  152.066132 80.0 0
  152.146942 148.0 0
  152.246826 200.0 0
  152.378433 224.0 0
  152.510895 152.0 0
  152.681793 208.0 0
  152.85051 72.0 0
  152.858154 92.0 0
  152.90155000000001 36.0 0
  152.998306 212.0 0
  153.014969 93758.0 22
  153.032913 208.0 0
  153.06907700000002 68.311234 0
  153.071609 192.0 0
  153.43634 68.0 0
  153.464874 52.0 0
  153.548447 316.0 0
  153.75048800000002 128.0 0
  153.78718600000002 156.0 0
  153.815109 164.0 0
  153.83209200000002 212.0 0
  154.024673 273.0 0
  154.109857 319.0 0
  154.178909 180.0 0
  154.335587 176.0 0
  154.36999500000002 2974.0 1
  154.53555300000002 196.0 0
  154.87042200000002 180.0 0
  154.884491 236.0 0
  154.92310500000002 104.0 0
  154.967575 88.0 0
  155.03384400000002 148.0 0
  155.06311 344.0 0
  155.08346600000002 1044.0 0
  155.105209 152.0 0
  155.128296 136.0 0
  155.186859 208.0 0
  155.227203 96.0 0
  155.290939 25.509279 0
  155.43403600000002 64.0 0
  155.450745 352.0 0
  155.47207600000002 27.1654 0
  155.58252000000002 188.0 0
  155.70462 88.0 0
  155.825958 144.0 0
  155.950729 56.77417 0
  155.995758 520.0 0
  156.02890000000002 208.0 0
  156.102936 200.0 0
  156.170013 160.0 0
  156.240494 76.0 0
  156.318466 15.32808 0
  156.677826 160.0 0
  156.73628200000002 124.0 0
  156.790009 132.0 0
  156.869415 128.0 0
  156.888031 104.0 0
  156.964325 152.0 0
  157.00936900000002 100.0 0
  157.05070500000002 249.0 0
  157.08436600000002 156.0 0
  157.13832100000002 144.0 0
  157.20382700000002 56.0 0
  157.406281 20.28409 0
  157.455597 116.0 0
  157.789368 124.0 0
  157.79431200000002 104.0 0
  157.79904200000001 220.0 0
  157.90411400000002 156.0 0
  158.034561 100.0 0
  158.064972 168.0 0
  158.244232 236.0 0
  158.43396 152.0 0
  158.648605 212.0 0
  158.663239 160.0 0
  158.67082200000002 112.0 0
  158.78891000000002 128.0 0
  158.871216 60.0 0
  158.97641000000002 12.26316 0
  158.984024 208.0 0
  159.041901 212.0 0
  159.044891 156.0 0
  159.053131 108.0 0
  159.078644 350.0 0
  159.112061 148.0 0
  159.137955 128.0 0
  159.14930700000002 228.0 0
  159.154709 220.0 0
  159.194931 64.0 0
  159.223083 232.0 0
  159.27356 216.0 0
  159.351593 100.0 0
  159.373993 208.0 0
  159.38414 112.0 0
  159.666718 344.0 0
  159.71292100000002 192.0 0
  159.850693 112.0 0
  159.998886 176.0 0
  160.020508 184.0 0
  160.04487600000002 2708.0 1
  160.123367 347.0 0
  160.367493 24.131701 0
  160.377563 112.0 0
  160.518417 180.0 0
  160.573532 57.55682 0
  160.59877 104.0 0
  160.91819800000002 52.0 0
  161.05754100000001 528.0 0
  161.079102 1768.0 0
  161.243439 144.0 0
  161.247238 76.0 0
  161.309372 116.0 0
  161.439804 156.0 0
  161.477509 232.0 0
  161.629669 180.0 0
  161.634659 128.0 0
  161.710876 180.0 0
  161.86561600000002 184.0 0
  161.975662 2696.452148 1
  162.00714100000002 160.0 0
  162.047714 184.0 0
  162.055527 9034.0 2
  162.06662 144.0 0
  162.085464 164.0 0
  162.131485 25.8992 0
  162.139832 607.0 0
  162.29631 128.0 0
  162.826355 144.0 0
  162.92627000000002 35.216534 0
  162.934662 88.0 0
  162.93779 76.0 0
  163.03375200000002 29106.0 7
  163.036453 172.0 0
  163.049774 3172.0 1
  163.061066 280.0 0
  163.07359300000002 31.40736 0
  163.091599 176.0 0
  163.143326 208.0 0
  163.21315 128.0 0
  163.300735 160.0 0
  163.367004 23.26454 0
  163.372772 30.72658 0
  163.477203 84.0 0
  163.68460100000001 212.0 0
  163.854767 5.686731 0
  163.87262 164.0 0
  164.053772 252.0 0
  164.06984 220.0 0
  164.082764 332.0 0
  164.09904500000002 116.0 0
  164.470535 56.0 0
  164.651688 192.0 0
  164.757217 164.0 0
  164.956238 69.465599 0
  165.029694 472.0 0
  165.050507 154.248596 0
  165.063165 340.0 0
  165.06547500000002 168.0 0
  165.25427200000001 144.0 0
  165.37265000000002 4.225 0
  165.522263 196.0 0
  165.55659500000002 76.0 0
  165.741394 56.0 0
  165.758057 188.0 0
  165.82650800000002 168.0 0
  165.89946 180.0 0
  166.014664 196.0 0
  166.163147 148.0 0
  166.314224 132.0 0
  166.34526100000002 164.0 0
  166.37115500000002 136.0 0
  166.463364 112.0 0
  166.60681200000002 152.0 0
  166.733002 140.0 0
  166.808456 56.0 0
  166.822372 3.741667 0
  167.049759 576.0 0
  167.05838 43.74881 0
  167.069452 346.0 0
  167.08174100000002 277.0 0
  167.085144 160.0 0
  167.132584 160.0 0
  167.14489700000001 203.270294 0
  167.21553 228.0 0
  167.28920000000002 208.0 0
  167.440918 80.0 0
  167.514252 68.0 0
  167.62153600000002 96.0 0
  167.789688 136.0 0
  167.806656 144.0 0
  168.013947 184.0 0
  168.065811 184.0 0
  168.07692 520.0 0
  168.196481 180.0 0
  168.48434400000002 128.0 0
  168.51088000000001 96.0 0
  168.71765100000002 68.0 0
  168.97378500000002 60.0 0
  169.05044600000002 1923.0 0
  169.107269 160.0 0
  169.17300400000002 204.0 0
  169.20001200000002 156.0 0
  169.419006 84.0 0
  169.78447 52.0 0
  169.95851100000002 92.0 0
  170.05882300000002 140.0 0
  170.06332400000002 348.0 0
  170.072632 116.0 0
  170.10701 432.0 0
  170.173813 33.513889 0
  170.363159 144.0 0
  170.799057 148.0 0
  170.849792 104.0 0
  171.018997 10415.0 2
  171.03126500000002 44.0 0
  171.074646 5337.0 1
  171.107483 204.0 0
  171.117065 180.0 0
  171.418564 224.0 0
  171.552368 23.154341 0
  171.681198 6.502976 0
  172.00415 176.0 0
  172.047943 196.0 0
  172.051575 785.0 0
  172.060303 44.0 0
  172.063477 240.0 0
  172.07955900000002 212.0 0
  172.08551 216.0 0
  172.110016 27.247601 0
  172.156113 164.0 0
  172.278244 144.0 0
  172.376709 160.0 0
  172.528198 72.0 0
  172.55304 220.0 0
  172.796783 168.0 0
  173.090942 372.0 0
  173.536438 152.0 0
  173.542877 164.0 0
  173.905914 188.0 0
  173.93008400000002 148.0 0
  173.980499 1016.0 0
  174.029877 160.0 0
  174.082077 276.0 0
  174.09819000000002 104.0 0
  174.147827 164.0 0
  174.27211 36.0 0
  174.358719 48.0 0
  174.475342 220.0 0
  174.704544 180.0 0
  174.749313 128.0 0
  174.835251 128.0 0
  175.00792800000002 152.0 0
  175.06424 144.0 0
  175.073441 244.0 0
  175.14080800000002 3200.0 1
  175.276474 56.0 0
  175.62645 148.0 0
  176.046051 52.0 0
  176.090707 336.0 0
  176.09672500000002 412.0 0
  176.12918100000002 1444.0 0
  176.162079 168.0 0
  176.16781600000002 204.0 0
  176.269699 96.0 0
  176.28743 144.0 0
  176.304733 132.0 0
  176.36235000000002 13.01282 0
  176.784515 176.0 0
  176.891098 164.0 0
  176.929337 172.0 0
  177.03772 288.0 0
  177.050613 246.0 0
  177.321045 192.0 0
  177.53186 48.0 0
  177.750519 136.0 0
  177.943817 164.0 0
  178.022629 100.0 0
  178.02830500000002 184.0 0
  178.087296 144.0 0
  178.10997 33.538109 0
  178.15342700000002 14.225 0
  178.234497 2.535 0
  179.085159 1488.0 0
  179.090966 135.0 0
  179.107254 160.0 0
  179.18219000000002 804.0 0
  179.262222 84.0 0
  179.52655000000001 48.149471 0
  179.667618 176.0 0
  179.743561 144.0 0
  179.76535 224.0 0
  179.840347 208.0 0
  179.865082 156.0 0
  180.07968100000002 1832.0 0
  180.090469 228.0 0
  180.093613 212.0 0
  180.284775 100.0 0
  180.292114 180.0 0
  180.396973 216.0 0
  180.598495 144.0 0
  180.85467500000001 120.0 0
  180.982407 136.0 0
  181.031961 101.0 0
  181.08403 552.0 0
  181.090179 152.0 0
  181.16253700000001 10.66945 0
  181.22103900000002 212.0 0
  181.47515900000002 8.681159 0
  181.54461700000002 220.0 0
  181.869019 52.0 0
  181.896408 140.0 0
  182.006042 228.0 0
  182.074722 232.0 0
  182.091995 14117.0 3
  182.096375 4440.0 1
  182.11895800000002 105.381302 0
  182.558334 196.0 0
  182.594528 31.181009 0
  182.788422 132.0 0
  182.861862 232.0 0
  183.014633 348.0 0
  183.025284 806.0 0
  183.077271 8752.0 2
  183.080536 928.0 0
  183.091568 160.0 0
  183.20845 192.0 0
  183.21954300000002 188.0 0
  183.634872 4.531863 0
  183.86355600000002 208.0 0
  183.89722600000002 156.0 0
  184.018188 160.0 0
  184.03027300000002 3653.0 1
  184.218323 228.0 0
  184.433121 48.0 0
  184.538544 168.0 0
  184.572968 240.0 0
  184.582932 6.444445 0
  184.632431 80.0 0
  184.84561200000002 160.0 0
  185.019012 68.0 0
  185.05697600000002 156.0 0
  185.178009 172.0 0
  185.47383100000002 148.0 0
  185.52095 200.0 0
  185.530853 132.0 0
  185.856796 56.0 0
  185.992523 192.0 0
  186.005264 144.0 0
  186.09375 176.0 0
  186.27259800000002 148.0 0
  186.384216 72.0 0
  186.408463 13.95076 0
  186.718948 212.0 0
  186.756088 96.0 0
  186.8367 136.0 0
  186.959976 128.0 0
  186.989349 196.0 0
  187.00633200000001 32.0 0
  187.047455 7272.174805 2
  187.101303 1668.0 0
  187.110565 308.0 0
  187.21772800000002 244.0 0
  187.321594 148.0 0
  187.490494 148.0 0
  187.562103 140.0 0
  187.67141700000002 68.0 0
  187.841476 172.0 0
  187.876465 108.0 0
  187.91523700000002 132.0 0
  188.095001 56.0 0
  188.23614500000002 62.032139 0
  189.01535 1180.0 0
  189.056259 144.0 0
  189.125076 488.0 0
  189.15664700000002 156.0 0
  189.252426 60.0 0
  189.412048 56.0 0
  189.66263700000002 192.0 0
  189.96666000000002 208.0 0
  190.06277500000002 756.0 0
  190.337646 15.00714 0
  190.358505 176.0 0
  190.530518 120.0 0
  190.543259 172.0 0
  190.70387300000002 176.0 0
  190.97151 227.0 0
  191.002374 180.0 0
  191.033951 148.0 0
  191.059753 73.737289 0
  191.07672100000002 164.0 0
  191.14253200000002 1192.0 0
  191.19368 180.0 0
  191.355545 121.124496 0
  191.549652 156.0 0
  191.77658100000002 84.0 0
  192.051086 152.0 0
  192.07016000000002 200.0 0
  192.093704 116.0 0
  192.097946 172.0 0
  192.228607 76.0 0
  192.263397 228.0 0
  192.690079 28.0 0
  192.940582 64.0 0
  192.98619100000002 128.0 0
  193.063995 142956.0 34
  193.110474 312.0 0
  193.156372 56.0 0
  193.198883 172.0 0
  193.474625 100.0 0
  193.77327 48.0 0
  193.779312 92.0 0
  193.78758200000001 104.0 0
  193.96507300000002 19.19228 0
  194.044296 9.666667 0
  194.06395 136.0 0
  194.078384 40.0 0
  194.08633400000002 820.0 0
  194.15335100000001 180.0 0
  194.406555 104.0 0
  194.43394500000002 180.0 0
  194.963943 132.0 0
  195.091415 13496.0 3
  195.099054 412.0 0
  195.137955 160.0 0
  195.255219 176.0 0
  195.43927000000002 48.0 0
  195.469421 60.0 0
  195.56192000000001 188.0 0
  195.606934 124.0 0
  196.012085 215.054001 0
  196.057953 1.6875 0
  196.420593 168.0 0
  196.466156 136.0 0
  196.533432 260.0 0
  196.64222700000002 160.0 0
  196.915543 128.0 0
  196.971786 148.0 0
  197.08209200000002 37800.0 9
  197.241318 85.72049 0
  197.40754700000002 188.0 0
  197.537766 168.0 0
  197.620285 64.0 0
  197.99054 104.0 0
  198.06568900000002 985.176514 0
  198.109665 180.0 0
  198.47261 156.0 0
  198.996811 116.0 0
  199.03384400000002 96.0 0
  199.07276900000002 5177.0 1
  199.129837 180.0 0
  199.18562300000002 160.0 0
  199.227081 248.0 0
  199.24025 64.0 0
  199.642593 31.04891 0
  199.75984200000002 204.0 0
  199.832123 152.0 0
  200.083572 64.0 0
  200.08668500000002 36.0 0
  200.135239 604.0 0
  200.24168400000002 160.0 0
  200.705795 176.0 0
  200.708572 164.0 0
  201.148446 148.0 0
  201.16673300000002 140.0 0
  201.58403 148.0 0
  201.87442000000001 76.0 0
  202.061035 3369.0 1
  202.09317000000001 152.0 0
  202.493973 168.0 0
  202.614304 148.0 0
  202.651962 132.0 0
  202.704056 140.0 0
  202.969315 112.0 0
  203.027267 160.0 0
  203.030237 5199.0 1
  203.05117800000002 220.0 0
  203.062744 44.0 0
  203.14376800000002 860.0 0
  203.21202100000002 152.0 0
  203.277863 176.0 0
  203.79856900000001 72.0 0
  204.04281600000002 10256.0 2
  204.05011000000002 124.0 0
  204.537308 252.0 0
  204.53949 200.0 0
  205.025055 296.0 0
  205.066284 240.0 0
  205.08667 17000.0 4
  205.125839 144.0 0
  205.15126 144.0 0
  205.29821800000002 108.0 0
  205.31672700000001 36.0 0
  205.41033900000002 164.0 0
  205.859451 124.0 0
  206.121613 6.720052 0
  206.17506400000002 160.0 0
  206.33725 160.0 0
  206.543381 204.0 0
  206.598038 168.0 0
  206.854767 172.0 0
  207.022003 2885145.0 680
  207.038788 76.0 0
  207.07775900000001 3844.0 1
  207.083221 684.0 0
  207.533005 52.0 0
  207.652237 256.0 0
  208.002838 1336.504028 0
  208.070862 3924.0 1
  208.67163100000002 76.0 0
  208.694116 160.0 0
  208.920029 64.0 0
  209.045532 140.0 0
  209.057388 212.0 0
  209.133118 148.0 0
  209.182037 4.674242 0
  209.349533 196.0 0
  209.925659 112.0 0
  210.09213300000002 256.0 0
  210.314255 212.0 0
  210.540207 152.0 0
  210.54968300000002 108.0 0
  210.55354300000002 60.0 0
  210.604248 9.456301 0
  210.734238 104.0 0
  210.85913100000002 112.0 0
  210.981033 228.0 0
  211.052872 184.0 0
  211.056473 7514.0 2
  211.11703500000002 212.0 0
  211.164215 176.0 0
  211.186813 184.0 0
  211.44636500000001 84.0 0
  211.880524 244.0 0
  211.96661400000002 180.0 0
  212.123611 64.0 0
  212.23872400000002 148.0 0
  212.258713 180.0 0
  212.359451 116.0 0
  212.38093600000002 192.0 0
  213.09646600000002 2152.0 1
  213.105515 144.0 0
  213.216217 52.0 0
  213.37982200000002 6.337906 0
  213.48494 72.0 0
  213.615112 132.0 0
  213.664963 132.0 0
  213.904999 140062.0 33
  213.959808 48.0 0
  214.06822200000002 236.0 0
  214.09523000000002 168.0 0
  214.12265000000002 23.27273 0
  214.29028300000002 72.0 0
  214.644318 72.0 0
  215.031586 40.0 0
  215.068893 56.0 0
  215.11325100000002 156.0 0
  215.27298000000002 27.88698 0
  215.629623 136.0 0
  215.659515 2.208333 0
  216.14497400000002 44.0 0
  216.705963 13.88573 0
  216.75235 164.0 0
  217.012878 148.0 0
  217.055634 172.0 0
  217.077042 292.0 0
  217.089203 316.0 0
  217.09845 79712.0 19
  217.123367 188.0 0
  217.239395 116.0 0
  217.358261 17.778851 0
  217.62912 20.0 0
  217.818329 112.0 0
  217.877701 13.17188 0
  218.12507000000002 176.0 0
  218.414841 248.0 0
  218.44313 84.0 0
  218.76568600000002 44.0 0
  218.98851000000002 156.0 0
  219.063782 116.0 0
  219.090744 2836.0 1
  219.11232 124.0 0
  219.398743 180.0 0
  219.474762 44.0 0
  219.71578300000002 160.0 0
  220.030731 220.0 0
  220.554291 64.0 0
  220.888916 120.0 0
  220.918594 136.0 0
  221.004883 660.0 0
  221.067444 172.0 0
  221.077393 881655.0 208
  221.77314800000002 140.0 0
  221.89480600000002 132.0 0
  222.879166 136.0 0
  223.02800000000002 4239154.0 999
  223.16098 92.0 0
  223.184518 150.0 0
  223.58827200000002 60.0 0
  223.838379 100.0 0
  223.880966 204.0 0
  224.025101 108.0 0
  224.071899 312.0 0
  224.522385 152.0 0
  224.52504000000002 76.0 0
  224.867966 16.20833 0
  224.906921 132.0 0
  225.026596 2.0 0
  225.05212400000002 1189.0 0
  225.05787700000002 940.0 0
  225.088898 160.0 0
  225.665039 80.0 0
  226.107147 212.0 0
  226.51739500000002 140.0 0
  226.8461 168.0 0
  226.859787 96.0 0
  227.074326 332.0 0
  227.33725 168.0 0
  228.04397600000001 240.0 0
  228.107101 320.0 0
  228.14389 960.0 0
  228.322403 6.840517 0
  228.574417 32.0 0
  228.84144600000002 200.0 0
  228.956177 64.0 0
  229.079575 2263.0 1
  229.667801 200.0 0
  230.052536 635.0 0
  230.05728100000002 224.0 0
  230.10269200000002 124.0 0
  230.141998 48.0 0
  230.591949 96.0 0
  231.052933 846711.0 200
  231.09187300000002 2284.0 1
  231.095764 5231.0 1
  231.13282800000002 1573.0 0
  231.58711200000002 20.68297 0
  231.646408 140.0 0
  231.68851600000002 180.0 0
  231.757217 92.0 0
  232.026138 148.0 0
  232.081772 136.0 0
  232.34033200000002 132.0 0
  232.56358300000002 10.24008 0
  232.794769 152.0 0
  233.023773 288.0 0
  233.028244 108.0 0
  233.04217500000001 144.0 0
  233.04620400000002 3128.0 1
  233.081635 101.510696 0
  233.793045 76.0 0
  233.795624 180.0 0
  233.830017 144.0 0
  233.994583 244.0 0
  234.07028200000002 284.0 0
  234.09170500000002 160.0 0
  234.129364 212.0 0
  234.19223 1066.0 0
  235.07504300000002 128.0 0
  235.10008200000001 160.0 0
  235.138977 184.0 0
  235.232819 68.0 0
  235.446579 76.0 0
  235.905594 76.0 0
  236.060852 184.0 0
  236.07963600000002 204.0 0
  236.39823900000002 128.0 0
  237.038452 376.0 0
  237.08049 43.636829 0
  237.090012 156.0 0
  237.106897 917.0 0
  237.13107300000001 2960.0 1
  237.156387 332.0 0
  237.275864 48.0 0
  237.343277 60.0 0
  238.21814 116.0 0
  238.468262 176.0 0
  238.638657 88.0 0
  238.71708700000002 12.79167 0
  239.089661 168.0 0
  239.314758 112.0 0
  239.36230500000002 4.561237 0
  239.479599 48.0 0
  239.491364 180.0 0
  239.83007800000001 164.0 0
  240.03743 35.774818 0
  240.06599400000002 266069.0 63
  240.072449 284.0 0
  240.277176 60.0 0
  240.58638000000002 160.0 0
  241.081726 528.0 0
  241.096115 152.0 0
  241.576004 64.0 0
  241.717239 136.0 0
  241.73619100000002 212.0 0
  242.03967300000002 156.0 0
  242.359735 200.0 0
  243.05200200000002 237084.0 56
  243.137772 588.0 0
  243.150452 152.0 0
  243.24980200000002 160.0 0
  243.505615 52.0 0
  244.011887 16.366791 0
  244.05687 29.338869 0
  244.444885 40.0 0
  244.578735 5.010417 0
  245.01298500000001 272.0 0
  245.054718 41.340721 0
  245.089767 96.0 0
  245.12132300000002 139.285706 0
  245.1866 96.0 0
  245.292755 152.0 0
  245.301575 21.48 0
  246.06353800000002 212.0 0
  246.088028 44752.0 11
  246.12651100000002 180.0 0
  246.683029 156.0 0
  246.823303 104.0 0
  246.830612 124.0 0
  246.93898000000002 148.0 0
  247.052719 160.0 0
  247.297501 208.0 0
  247.816132 14.51563 0
  247.87196400000002 100.0 0
  247.933029 72.0 0
  248.055496 92801.0 22
  248.20695500000002 100.0 0
  248.392044 160.0 0
  248.865005 100.0 0
  248.892502 176.0 0
  249.095856 172.0 0
  249.141098 252.0 0
  249.651169 156.0 0
  249.727066 160.0 0
  250.061584 52.0 0
  251.07328800000002 156.0 0
  251.093704 460.0 0
  251.116882 488.0 0
  251.201309 6.306159 0
  251.307953 132.0 0
  251.319992 152.0 0
  251.70687900000001 212.0 0
  251.903915 64.0 0
  252.145218 44.724899 0
  252.238312 172.0 0
  252.24636800000002 29.24345 0
  252.83467100000001 108.0 0
  252.94137600000002 100.0 0
  253.086792 236.0 0
  253.105835 1128.0 0
  253.20266700000002 192.0 0
  253.32276900000002 288.0 0
  253.368988 432.0 0
  253.59758000000002 60.0 0
  253.69574 188.0 0
  253.713943 60.221901 0
  253.88479600000002 100.0 0
  253.97451800000002 48.0 0
  253.977859 252.0 0
  254.234955 192.0 0
  254.61994900000002 232.0 0
  254.781616 104.0 0
  254.88183600000002 148.0 0
  254.980042 52.0 0
  255.069061 132.0 0
  255.07785 108.0 0
  255.158096 224.0 0
  255.64141800000002 144.0 0
  255.724457 48.0 0
  255.858078 148.0 0
  256.07388299999997 480.0 0
  256.172546 180.0 0
  256.37085 52.0 0
  256.611267 3.841666 0
  257.055206 4574.0 1
  257.108093 200.0 0
  257.111633 184.0 0
  257.115326 160.0 0
  257.246643 56.0 0
  257.25235 156.0 0
  257.48764 56.0 0
  257.596527 140.0 0
  257.801605 148.0 0
  258.45980799999995 132.0 0
  258.902405 218.751297 0
  259.078674 176.0 0
  259.16516099999996 168.0 0
  259.211395 96.0 0
  259.234192 52.0 0
  259.440521 52.0 0
  259.816803 128.0 0
  260.031036 216.0 0
  260.13922099999996 10744.0 3
  260.51483199999996 52.0 0
  260.67904699999997 204.0 0
  260.88983199999996 224.0 0
  261.06131 124.0 0
  261.195404 28.0 0
  261.307129 220.0 0
  262.08401499999997 172.0 0
  262.12530499999997 156.0 0
  262.16240799999997 164.0 0
  262.418365 44.0 0
  262.52786299999997 164.0 0
  262.695831 48.0 0
  262.959076 614.100159 0
  263.072296 160.0 0
  263.16848799999997 320.0 0
  263.224884 44.0 0
  263.649139 152.0 0
  263.92510999999996 108.0 0
  263.953583 60.0 0
  264.059357 340.0 0
  264.319794 48.0 0
  264.748291 124.0 0
  265.09314 136.0 0
  265.097351 34052.0 8
  265.125 332.0 0
  265.207428 172.0 0
  265.36843899999997 256.0 0
  265.618005 132.0 0
  265.960693 100.0 0
  266.17150899999996 176.0 0
  266.395691 172.0 0
  267.07647699999995 67982.0 16
  267.35434 204.0 0
  267.70284999999996 132.0 0
  267.776794 152.0 0
  268.02435299999996 132.0 0
  268.038232 590.0 0
  268.060394 44.0 0
  268.094452 6.75 0
  268.857666 148.0 0
  269.62994399999997 72.0 0
  269.985962 144.0 0
  270.081329 316.0 0
  270.124084 280.0 0
  270.19949299999996 120.0 0
  270.245544 124.0 0
  270.38571199999996 72.0 0
  270.56823699999995 96.0 0
  270.71563699999996 140.0 0
  270.91223099999996 152.0 0
  270.97961399999997 14.16287 0
  271.144592 2372.0 1
  272.198151 144.0 0
  272.771234 160.0 0
  272.992432 1480.0 0
  273.666626 156.0 0
  274.356049 160.0 0
  275.09594699999997 59968.0 14
  275.156586 156.0 0
  275.48458899999997 152.0 0
  277.10617099999996 132.0 0
  277.11294599999997 60.0 0
  277.137543 192.0 0
  277.174103 220.0 0
  277.455475 200.0 0
  277.680054 212.0 0
  278.08694499999996 112.0 0
  278.196594 508.0 0
  278.27236899999997 184.0 0
  278.348633 156.0 0
  278.57913199999996 172.0 0
  278.913666 204.0 0
  279.06204199999996 300.0 0
  279.065704 1236.0 0
  279.100891 9944.0 2
  279.11895799999996 1.666667 0
  279.136627 186.316605 0
  279.260986 144.0 0
  279.48175 104.0 0
  279.53836099999995 164.0 0
  279.589752 60.0 0
  280.05911299999997 2820.0 1
  280.070343 24.32004 0
  280.85366799999997 136.0 0
  280.94201699999996 10.7877 0
  281.07099999999997 1.0 0
  281.07901 506835.0 119
  281.186554 156.0 0
  282.085541 468.0 0
  282.09628299999997 216.0 0
  282.120148 32.15625 0
  282.147278 216.621201 0
  282.278931 12068.0 3
  282.31085199999995 66.161377 0
  282.670837 192.0 0
  283.001465 76.0 0
  283.178925 236.0 0
  283.433472 116.0 0
  283.473145 8.93713 0
  283.579498 112.0 0
  284.072205 140.0 0
  284.234497 156.0 0
  284.277252 228.0 0
  284.62561 84.0 0
  285.08334399999995 176.0 0
  285.28097499999996 184.0 0
  286.191803 484.0 0
  286.223633 148.0 0
  286.806763 132.0 0
  286.95953399999996 144.0 0
  287.173028 200.0 0
  287.620117 164.0 0
  288.232056 212.0 0
  288.240143 2884.0 1
  288.684692 40.0 0
  288.76696799999996 120.0 0
  288.97583 9.469697 0
  290.037445 152.0 0
  290.638397 270.601013 0
  290.675476 275.523285 0
  291.134399 87.463348 0
  291.747467 164.0 0
  293.05380199999996 184.0 0
  293.377686 128.0 0
  293.441833 168.0 0
  293.572327 204.0 0
  294.182281 142.167603 0
  294.380859 12.097404 0
  294.543549 8.391026 0
  294.55731199999997 56.0 0
  295.064514 196.0 0
  295.73623699999996 56.0 0
  296.099274 140.0 0
  296.31280499999997 3.666667 0
  297.37912 152.0 0
  297.93154899999996 52.0 0
  298.136841 116.0 0
  300.731232 44.0 0
  301.450897 70.414528 0
  301.538574 132.0 0
  302.103882 184.0 0
  302.112915 212.0 0
  302.182861 172.0 0
  303.07577499999996 1868.0 0
  303.17080699999997 121.0 0
  303.45962499999996 46.510368 0
  303.560516 200.0 0
  303.750183 16.91968 0
  304.11972 112.0 0
  304.12506099999996 128.0 0
  304.144592 768.0 0
  304.272003 244.0 0
  304.992645 160.0 0
  305.195496 144.0 0
  305.33252 232.0 0
  305.529633 168.0 0
  306.025665 300.0 0
  306.11047399999995 168.0 0
  306.324341 200.0 0
  306.365082 180.0 0
  307.456085 3.680556 0
  307.54760699999997 116.0 0
  308.09967 124.0 0
  308.296661 14.83631 0
  308.58084099999996 116.0 0
  309.083221 20.0 0
  309.088684 4219.0 1
  309.118225 200.0 0
  309.121826 184.0 0
  309.137451 444.0 0
  309.15999999999997 1.0 0
  309.27865599999996 3796.0 1
  309.482086 188.0 0
  310.886536 64.0 0
  311.080017 1192.0 0
  311.132416 6797.0 2
  311.166626 1000.0 0
  311.228027 32.0 0
  311.782318 128.0 0
  312.25872799999996 32.0 0
  312.53955099999996 56.0 0
  313.17999299999997 11.61825 0
  313.569885 108.0 0
  313.74893199999997 88.0 0
  313.955139 568.0 0
  313.988586 52.0 0
  314.100006 172.0 0
  314.30508399999997 160.0 0
  314.774414 100.0 0
  315.068512 798.0 0
  315.11099199999995 156.0 0
  315.197503 160.0 0
  315.63348399999995 60.0 0
  316.04830899999996 76.0 0
  316.10839799999997 504.82431 0
  316.128632 44.909519 0
  316.46932999999996 180.0 0
  316.501465 132.0 0
  317.075317 140.0 0
  317.081635 732.0 0
  317.56317099999995 124.0 0
  317.86791999999997 104.0 0
  319.164093 156.0 0
  321.04168699999997 212.0 0
  322.386322 16.523649 0
  322.401001 27.47784 0
  322.943329 92.0 0
  323.197021 5.536111 0
  324.224091 168.0 0
  324.279572 60.0 0
  324.983551 168.0 0
  325.15979 156.0 0
  325.67495099999996 212.0 0
  326.00427199999996 84.0 0
  326.029572 26.973101 0
  326.091766 136.0 0
  326.13528399999996 8.007576 0
  328.106049 100.0 0
  328.11794899999995 1.0 0
  328.832428 144.0 0
  329.153839 10.97543 0
  329.348999 80.0 0
  329.485657 116.0 0
  329.944275 168.0 0
  330.074127 768.0 0
  330.128906 240.0 0
  331.26687599999997 168.0 0
  332.069977 835.145508 0
  332.088501 192.0 0
  332.92810099999997 152.0 0
  335.109222 72.0 0
  335.726227 160.0 0
  337.04058799999996 16012.0 4
  337.088623 96.0 0
  337.108392 184.0 0
  337.122437 132.0 0
  337.140466 684.0 0
  338.14273099999997 56.0 0
  338.990417 144.0 0
  339.45694 192.0 0
  339.498871 80.0 0
  339.567169 196.0 0
  339.733337 168.0 0
  339.76180999999997 56.0 0
  340.15152 284.0 0
  340.39178499999997 120.0 0
  341.03292799999997 101.7397 0
  341.242889 276.0 0
  341.91983 36.0 0
  342.11691299999995 312.0 0
  342.12207 312.0 0
  342.30014 11.30044 0
  342.405731 23.10096 0
  342.92288199999996 52.0 0
  343.046997 1002.0 0
  343.11270099999996 300.0 0
  343.41601599999996 68.0 0
  343.564728 172.0 0
  345.12645799999996 112.0 0
  346.57809399999996 152.0 0
  347.473328 152.0 0
  348.107513 372.0 0
  349.154297 268.0 0
  351.13858 160.0 0
  351.91668699999997 3.399183 0
  352.295349 136.0 0
  353.10065699999996 467.0 0
  353.152771 168.0 0
  353.69872999999995 152.0 0
  353.715515 68.0 0
  353.809967 172.0 0
  354.02713 68.0 0
  355.117096 132.0 0
  355.174011 140.0 0
  357.36914099999996 140.0 0
  358.031097 96.0 0
  358.10272199999997 2988.0 1
  358.343842 132.0 0
  358.901123 27.622219 0
  359.012817 448.0 0
  359.100037 152.0 0
  359.29116799999997 100.0 0
  360.176086 72.0 0
  362.453491 140.0 0
  363.198273 156.0 0
  364.359558 64.0 0
  364.677216 248.0 0
  365.09347499999996 1445.0 0
  365.292664 112.0 0
  366.119263 124.0 0
  366.235956 156.0 0
  366.29760699999997 3.313636 0
  367.178436 44.0 0
  368.872284 16.6413 0
  368.92681899999997 84.0 0
  369.044037 328.0 0
  372.23013299999997 140.0 0
  373.196801 108.0 0
  374.674713 136.0 0
  375.16326899999996 46.777721 0
  375.283478 68.0 0
  377.603455 52.0 0
  378.176453 116.0 0
  378.810364 168.0 0
  379.087402 173.0 0
  379.19342 180.0 0
  381.21005199999996 6.508929 0
  381.43575999999996 92.0 0
  381.859039 176.0 0
  382.21142599999996 232.0 0
  382.996582 8663.0 2
  383.075134 1029.0 0
  384.23938 692.0 0
  385.154199 115.0 0
  385.402557 172.0 0
  385.74469 7.266447 0
  385.851501 84.0 0
  386.527039 236.0 0
  388.302917 41.760929 0
  388.951019 152.0 0
  390.20086 152.0 0
  391.13899999999995 1.0 0
  391.491449 68.0 0
  392.168732 568.0 0
  392.247467 156.0 0
  393.06543 140.0 0
  394.363427 148.0 0
  395.036133 92.0 0
  395.12255899999997 88.0 0
  395.165039 264.0 0
  397.695953 160.0 0
  398.761536 108.0 0
  401.967316 56.0 0
  404.146912 48.891201 0
  405.899438 216.0 0
  406.15991199999996 226.788895 0
  407.17004399999996 1.0 0
  409.798187 108.0 0
  411.212341 1956.0 0
  411.77581799999996 120.0 0
  413.34646599999996 240.0 0
  413.88168299999995 116.0 0
  416.101593 164.0 0
  417.202698 268.0 0
  420.259216 14.49916 0
  421.167236 52.0 0
  422.20465099999996 108.0 0
  426.56564299999997 7.0 0
  428.97610499999996 168.0 0
  430.116882 136.0 0
  431.629913 96.0 0
  432.61450199999996 148.0 0
  433.07269299999996 80.0 0
//
