ACCESSION: CCMSLIB00000079611
RECORD_TITLE: decoy
DATE: 2015.11.20
AUTHORS: Administrator
LICENSE: CC BY-SA
CH$NAME: decoy
CH$COMPOUND_CLASS: Natural Product
CH$FORMULA: C24H30N4O3
CH$EXACT_MASS: 422.23179081999996
CH$SMILES: N/A
CH$IUPAC: decoy
CH$LINK: N/A
AC$INSTRUMENT: decoy
AC$INSTRUMENT_TYPE: decoy
AC$MASS_SPECTROMETRY: MS_TYPE MS2
AC$MASS_SPECTROMETRY: ION_MODE POSITIVE
AC$MASS_SPECTROMETRY: COLLISION_ENERGY 10 V
MS$FOCUSED_ION: PRECURSOR_M/Z 423
MS$FOCUSED_ION: PRECURSOR_TYPE [M+H]+
PK$NUM_PEAK: 3086
PK$PEAK: m/z int. rel.int.
  26.008497000000002 144.0 0
  41.531205 192.0 0
  45.100418000000005 148.0 0
  45.167244000000004 44.0 0
  45.291943 200.0 0
  45.420193000000005 80.0 0
  45.604904000000005 140.0 0
  45.648102 144.0 0
  45.819118 164.0 0
  45.946648 360.0 0
  45.949821 68.0 0
  46.015102 168.0 0
  46.110683 156.0 0
  46.229267 84.0 0
  46.493565000000004 144.0 0
  46.605408000000004 212.0 0
  46.620224 148.0 0
  46.83699 148.0 0
  46.972488 188.0 0
  47.034863 220.0 0
  47.041855 228.0 0
  47.30167 160.0 0
  47.39352 228.0 0
  47.504349000000005 140.0 0
  47.506756 128.0 0
  47.548737 144.0 0
  47.563423 216.0 0
  47.771938 140.0 0
  47.933743 96.0 0
  48.000462 148.0 0
  48.141026000000004 156.0 0
  48.158497000000004 148.0 0
  48.169907 196.0 0
  48.930042 148.0 0
  49.016491 184.0 0
  49.390377 164.0 0
  49.459896 136.0 0
  49.589279000000005 236.0 0
  49.736065 84.0 0
  49.822926 168.0 0
  49.833332 204.0 0
  49.970596 88.0 0
  49.983650000000004 224.0 0
  50.256306 120.0 0
  50.376465 180.0 0
  50.430782 152.0 0
  50.681065000000004 164.0 0
  50.700691 196.0 0
  50.747974 152.0 0
  50.803944 140.0 0
  50.8232 132.0 0
  50.831367 228.0 0
  50.855846 120.0 0
  51.389256 200.0 0
  51.452801 148.0 0
  51.531754 176.0 0
  51.534237000000005 156.0 0
  51.601131 160.0 0
  51.71138 208.0 0
  51.76947 172.0 0
  51.781895 172.0 0
  51.893101 44.0 0
  51.909756 148.0 0
  51.920986 192.0 0
  52.179695 208.0 0
  52.473427 212.0 0
  52.824394 144.0 0
  52.892826 180.0 0
  52.947182 248.0 0
  53.1633 60.0 0
  53.43251 60.0 0
  53.608173 296.0 0
  53.767334 172.0 0
  53.780746 132.0 0
  53.801666000000004 260.0 0
  53.909107 188.0 0
  53.925644 488.0 0
  54.161858 156.0 0
  54.173012 224.0 0
  54.206017 168.0 0
  54.225471 196.0 0
  54.261665 184.0 0
  54.30072 160.0 0
  54.321453 164.0 0
  54.395233000000005 64.0 0
  54.490959000000004 180.0 0
  54.507698000000005 132.0 0
  54.661785 196.0 0
  54.805313 196.0 0
  55.006058 144.0 0
  55.098988 160.0 0
  55.211514 168.0 0
  55.264389 208.0 0
  55.383274 204.0 0
  55.416138000000004 160.0 0
  56.016808000000005 112.0 0
  56.434895000000004 136.0 0
  56.620537 176.0 0
  56.678131 136.0 0
  56.736290000000004 160.0 0
  56.791321 216.0 0
  56.815670000000004 140.0 0
  56.851959 148.0 0
  56.873219 168.0 0
  56.885216 140.0 0
  56.968128 120.0 0
  57.133633 192.0 0
  57.155006 152.0 0
  57.186047 200.0 0
  57.204941 236.0 0
  57.517895 152.0 0
  57.613972000000004 188.0 0
  57.688164 160.0 0
  57.734863000000004 144.0 0
  57.744011 148.0 0
  57.804405 204.0 0
  57.834679 192.0 0
  57.896786 180.0 0
  58.106915 68.0 0
  58.295353 156.0 0
  58.504482 160.0 0
  58.515984 208.0 0
  58.524208 104.0 0
  58.600349 152.0 0
  58.92514 140.0 0
  58.965981 44.0 0
  59.422482 128.0 0
  59.48893 148.0 0
  59.516171 192.0 0
  59.663986 124.0 0
  59.7202 156.0 0
  59.770935 168.0 0
  60.177013 164.0 0
  60.316662 136.0 0
  60.366508 152.0 0
  60.419121000000004 204.0 0
  60.485406000000005 160.0 0
  60.492474 180.0 0
  60.517639 148.0 0
  60.732239 196.0 0
  60.98196 148.0 0
  60.992336 148.0 0
  61.047581 76.0 0
  61.097546 180.0 0
  61.18182 0.0 0
  61.265842 200.0 0
  61.290504 84.0 0
  61.499657 52.0 0
  61.612259 120.0 0
  61.625702000000004 192.0 0
  61.781822 200.0 0
  61.866863 224.0 0
  61.922928 156.0 0
  62.054264 116.0 0
  62.124664 200.0 0
  62.168766 168.0 0
  62.253853 208.0 0
  62.457161 232.0 0
  62.679794 140.0 0
  62.757477 216.0 0
  62.812443 10.16071 0
  62.85976 148.0 0
  62.873921 124.0 0
  62.928566000000004 176.0 0
  63.08234 112.0 0
  63.275600000000004 120.0 0
  63.327564 196.0 0
  63.433975000000004 220.0 0
  63.596226 140.0 0
  63.785927 160.0 0
  63.845558000000004 144.0 0
  63.901676 200.0 0
  63.921467 192.0 0
  64.063211 212.0 0
  64.14244099999999 132.0 0
  64.172905 252.0 0
  64.194153 144.0 0
  64.368805 200.0 0
  64.391953 152.0 0
  64.492104 292.0 0
  64.932648 92.0 0
  65.08331299999999 140.0 0
  65.26042199999999 172.0 0
  65.517456 228.0 0
  65.536079 212.0 0
  65.56214899999999 168.0 0
  65.841324 120.0 0
  66.040658 176.0 0
  66.11902599999999 256.0 0
  66.140282 124.0 0
  66.146667 184.0 0
  66.156639 180.0 0
  66.29763799999999 136.0 0
  66.391731 244.0 0
  66.477547 140.0 0
  66.581734 160.0 0
  66.60857399999999 168.0 0
  66.978729 168.0 0
  67.127174 44.0 0
  67.14720899999999 172.0 0
  67.200378 72.0 0
  67.581047 164.0 0
  67.65499899999999 152.0 0
  67.88982399999999 108.0 0
  67.90270199999999 252.0 0
  67.91399399999999 148.0 0
  67.96752199999999 172.0 0
  67.983688 176.0 0
  68.26767 196.0 0
  68.288292 296.0 0
  68.505516 188.0 0
  68.92437 160.0 0
  68.94401599999999 212.0 0
  68.95387299999999 132.0 0
  68.988312 176.0 0
  69.084305 132.0 0
  69.32760599999999 52.0 0
  69.334267 180.0 0
  69.767456 228.0 0
  69.779388 156.0 0
  69.879211 244.0 0
  70.03643 144.0 0
  70.075486 312.0 0
  70.20474999999999 168.0 0
  70.21579 204.0 0
  70.319077 180.0 0
  70.413315 140.0 0
  70.521255 176.0 0
  70.859268 60.0 0
  71.03184499999999 104.0 0
  71.04652399999999 88.0 0
  71.19142199999999 176.0 0
  71.520714 176.0 0
  71.582466 76.0 0
  71.698982 272.0 0
  72.10063199999999 88.0 0
  72.153458 208.0 0
  72.259377 140.0 0
  72.54268599999999 136.0 0
  72.573578 128.0 0
  72.95243099999999 260.0 0
  73.051628 72.116257 0
  73.189217 152.0 0
  73.22694399999999 188.0 0
  73.602142 164.0 0
  73.65508299999999 196.0 0
  73.70041699999999 176.0 0
  73.70562 152.0 0
  74.01523599999999 128.0 0
  74.088577 168.0 0
  74.11009999999999 148.0 0
  74.401482 180.0 0
  74.64971899999999 184.0 0
  74.799538 184.0 0
  74.88448299999999 220.0 0
  74.99269899999999 184.0 0
  75.046753 208.0 0
  75.100121 208.0 0
  75.17090599999999 176.0 0
  75.189774 88.0 0
  75.59503199999999 152.0 0
  75.625732 212.0 0
  75.64253199999999 180.0 0
  75.658417 140.0 0
  75.67774999999999 164.0 0
  75.692032 60.0 0
  75.89572899999999 176.0 0
  76.20783999999999 88.0 0
  76.315895 172.0 0
  76.38196599999999 140.0 0
  76.630951 184.0 0
  76.855919 172.0 0
  76.911751 196.0 0
  76.977936 204.0 0
  76.990471 204.0 0
  77.03854399999999 15313.599609 1
  77.040703 161.958298 0
  77.12596099999999 132.0 0
  77.18248 208.0 0
  77.29618099999999 192.0 0
  77.385117 144.0 0
  77.41038499999999 148.0 0
  77.438087 204.0 0
  77.47674599999999 771.0 0
  77.56386599999999 140.0 0
  77.835945 200.0 0
  77.932549 200.0 0
  78.031059 196.0 0
  78.04929399999999 120.0 0
  78.240898 156.0 0
  78.335518 160.0 0
  78.387756 176.0 0
  78.41375 148.0 0
  78.43431899999999 148.0 0
  78.484039 140.0 0
  78.512886 156.0 0
  78.64563799999999 188.0 0
  78.72184 200.0 0
  79.23014099999999 228.0 0
  79.236992 112.0 0
  79.268723 236.0 0
  79.33546399999999 144.0 0
  79.402428 128.0 0
  79.58058899999999 148.0 0
  79.617661 124.0 0
  79.803246 160.0 0
  79.814545 28.0 0
  79.853157 156.0 0
  79.94625099999999 168.0 0
  79.984505 160.0 0
  80.300072 156.0 0
  80.31137799999999 92.0 0
  80.545677 176.0 0
  80.639198 96.0 0
  80.83773 92.0 0
  80.990364 236.0 0
  81.10067099999999 196.0 0
  81.271942 152.0 0
  81.28111299999999 188.0 0
  81.364685 128.0 0
  81.551552 220.0 0
  81.64448499999999 156.0 0
  81.72132099999999 156.0 0
  81.83348099999999 148.0 0
  81.947571 176.0 0
  81.97524999999999 192.0 0
  82.10550699999999 172.0 0
  82.134537 208.0 0
  82.178421 128.0 0
  82.33744 148.0 0
  82.50212099999999 136.0 0
  82.827118 180.0 0
  82.850037 164.0 0
  82.98155999999999 172.0 0
  83.069496 156.0 0
  83.261613 152.0 0
  83.2892 200.0 0
  83.463951 48.0 0
  83.656548 188.0 0
  83.70461999999999 88.0 0
  83.73565699999999 132.0 0
  83.760483 152.0 0
  83.898651 152.0 0
  84.013542 192.0 0
  84.09107999999999 176.0 0
  84.20004999999999 144.0 0
  84.23430599999999 220.0 0
  84.34762599999999 140.0 0
  84.47018399999999 168.0 0
  84.746254 172.0 0
  84.84841899999999 188.0 0
  85.006523 124.0 0
  85.33712799999999 156.0 0
  85.37192499999999 112.0 0
  85.41111 88.0 0
  85.797089 212.0 0
  85.820038 240.0 0
  86.06031 22718.429688 1
  86.141708 140.0 0
  86.26991299999999 220.0 0
  86.274529 196.0 0
  86.33715799999999 120.0 0
  86.351357 132.0 0
  86.367302 224.0 0
  86.448448 168.0 0
  86.579163 152.0 0
  86.61888099999999 144.0 0
  87.064056 164.0 0
  87.14591999999999 108.0 0
  87.345253 188.0 0
  87.38040199999999 188.0 0
  87.479446 156.0 0
  87.563942 132.0 0
  87.591866 184.0 0
  87.65892 136.0 0
  87.73458099999999 132.0 0
  87.826759 200.0 0
  87.83757 236.0 0
  87.85181399999999 172.0 0
  87.90472399999999 168.0 0
  88.0625 28.0 0
  88.47432699999999 156.0 0
  88.48683899999999 48.0 0
  88.566689 176.0 0
  88.662621 104.0 0
  88.70056899999999 140.0 0
  88.70693999999999 144.0 0
  88.879295 140.0 0
  89.01559499999999 156.0 0
  89.104019 172.0 0
  89.191284 260.0 0
  89.19477099999999 100.0 0
  89.279823 224.0 0
  89.521149 196.0 0
  89.776108 76.0 0
  89.80270399999999 180.0 0
  89.838737 168.0 0
  89.91770199999999 144.0 0
  89.99279 76.0 0
  90.299431 248.0 0
  90.370903 160.0 0
  90.48129999999999 64.0 0
  90.493713 88.0 0
  90.772194 152.0 0
  90.77696999999999 188.0 0
  90.814217 112.0 0
  90.851265 164.0 0
  90.92504199999999 156.0 0
  91.017586 140.0 0
  91.05188 864.0 0
  91.435127 148.0 0
  91.50544 196.0 0
  91.51061999999999 204.0 0
  91.72245799999999 64.0 0
  92.35889399999999 148.0 0
  92.36408999999999 136.0 0
  92.408081 152.0 0
  92.499359 212.0 0
  92.548744 140.0 0
  92.584358 176.0 0
  92.590088 376.0 0
  92.63436899999999 48.0 0
  92.71356999999999 168.0 0
  92.812614 132.0 0
  92.854897 160.0 0
  92.86232799999999 168.0 0
  92.93112199999999 156.0 0
  93.039154 196.0 0
  93.416176 152.0 0
  93.43602 196.0 0
  93.470108 188.0 0
  93.714737 152.0 0
  93.764938 160.0 0
  94.014275 148.0 0
  94.047958 320.0 0
  94.068626 76.0 0
  94.09429899999999 176.0 0
  94.12397 180.0 0
  94.128181 140.0 0
  94.21760599999999 180.0 0
  94.59494799999999 52.0 0
  94.982689 196.0 0
  95.054176 188.0 0
  95.06187399999999 148.0 0
  95.108949 164.0 0
  95.15164899999999 104.0 0
  95.232422 124.0 0
  95.35359199999999 144.0 0
  95.507843 140.0 0
  95.534691 56.0 0
  95.567459 168.0 0
  95.672844 224.0 0
  95.718025 136.0 0
  95.84803 212.0 0
  95.888176 224.0 0
  95.923988 144.0 0
  95.956581 196.0 0
  96.019966 152.0 0
  96.025826 144.0 0
  96.081429 360.0 0
  96.084778 192.0 0
  96.093567 624.0 0
  96.31311799999999 180.0 0
  96.371826 84.0 0
  96.374939 204.0 0
  96.467934 48.0 0
  96.600319 176.0 0
  96.944305 96.0 0
  97.06314099999999 192.0 0
  97.065781 188.0 0
  97.10167799999999 184.0 0
  97.115669 144.0 0
  97.194351 100.0 0
  97.232559 156.0 0
  97.26965299999999 248.0 0
  97.42513299999999 144.0 0
  97.443771 180.0 0
  97.457664 128.0 0
  97.46503399999999 132.0 0
  97.50412 60.0 0
  97.603127 152.0 0
  97.70725999999999 132.0 0
  97.72486099999999 116.0 0
  97.86908 168.0 0
  97.94904299999999 148.0 0
  98.058594 372.0 0
  98.06127199999999 136.0 0
  98.089378 244.0 0
  98.15583799999999 92.0 0
  98.34222399999999 172.0 0
  98.36202999999999 144.0 0
  98.384193 84.0 0
  98.387886 200.0 0
  98.42038699999999 160.0 0
  98.455162 184.0 0
  98.45915199999999 176.0 0
  98.571739 148.0 0
  98.736481 192.0 0
  98.747475 144.0 0
  98.77171299999999 108.0 0
  98.910652 216.0 0
  98.95380399999999 152.0 0
  98.99845099999999 240.0 0
  99.02652699999999 224.0 0
  99.08341999999999 140.0 0
  99.104935 180.0 0
  99.124527 56.0 0
  99.201515 232.0 0
  99.21502699999999 184.0 0
  99.241844 176.0 0
  99.28639199999999 228.0 0
  99.33667 172.0 0
  99.42864999999999 36.0 0
  99.531548 32.0 0
  99.550911 128.0 0
  99.639214 160.0 0
  99.69689199999999 148.0 0
  99.714371 160.0 0
  99.74855 160.0 0
  99.848557 96.0 0
  99.987518 136.0 0
  100.024597 11.3869 0
  100.26463299999999 216.0 0
  100.27087399999999 240.0 0
  100.426582 172.0 0
  100.43527999999999 200.0 0
  100.465927 144.0 0
  100.50611099999999 128.0 0
  100.6912 140.0 0
  100.754684 244.0 0
  101.08520499999999 224.0 0
  101.216011 124.0 0
  101.22049 130.0 0
  101.235619 204.0 0
  101.288246 140.0 0
  101.322052 144.0 0
  101.406616 148.0 0
  101.42869599999999 156.0 0
  101.44474 124.0 0
  101.471756 216.0 0
  101.723495 144.0 0
  101.734077 188.0 0
  101.781662 188.0 0
  101.81603199999999 148.0 0
  101.962875 140.0 0
  101.97790499999999 200.0 0
  102.00417499999999 140.0 0
  102.01121499999999 60.0 0
  102.044838 148.0 0
  102.069077 152.0 0
  102.16004199999999 144.0 0
  102.295288 56.0 0
  102.42130999999999 168.0 0
  102.466675 176.0 0
  102.57359299999999 180.0 0
  102.62455 212.0 0
  102.81484999999999 200.0 0
  102.89194499999999 192.0 0
  102.97863799999999 84.0 0
  102.983978 140.0 0
  102.999527 204.0 0
  103.036537 128.0 0
  103.05427599999999 324.0 0
  103.08130799999999 156.0 0
  103.17240899999999 196.0 0
  103.18682899999999 48.0 0
  103.2286 196.0 0
  103.269363 164.0 0
  103.34035499999999 120.0 0
  103.44454999999999 68.0 0
  103.48310099999999 6.518939 0
  103.505341 104.0 0
  103.54248 128.0 0
  103.602875 224.0 0
  103.610146 180.0 0
  103.65701299999999 96.0 0
  103.833153 232.0 0
  103.85060899999999 160.0 0
  103.868332 116.0 0
  103.890991 176.0 0
  103.957146 176.0 0
  104.020775 172.0 0
  104.031151 136.0 0
  104.045807 15.24853 0
  104.060463 372.0 0
  104.070618 746.720215 0
  104.14194499999999 204.0 0
  104.19535099999999 164.0 0
  104.218994 196.0 0
  104.23745 208.0 0
  104.302528 148.0 0
  104.37544299999999 168.0 0
  104.44485499999999 92.0 0
  104.49292799999999 7.843137 0
  104.510841 248.0 0
  104.542847 172.0 0
  104.55242899999999 164.0 0
  104.636505 164.0 0
  104.921921 208.0 0
  104.935959 64.0 0
  104.98925799999999 156.0 0
  105.032799 152.0 0
  105.04238099999999 152.0 0
  105.055443 192.0 0
  105.069092 140.0 0
  105.09209399999999 260.0 0
  105.161942 52.0 0
  105.33062 14.73035 0
  105.44274899999999 76.0 0
  105.456413 180.0 0
  105.569847 176.0 0
  105.601501 180.0 0
  105.611008 160.0 0
  105.71664399999999 208.0 0
  105.729767 7.130208 0
  105.79538 172.0 0
  105.800072 120.0 0
  105.93231999999999 136.0 0
  105.983803 640.0 0
  106.00350999999999 108.0 0
  106.029083 216.0 0
  106.063904 146.323807 0
  106.071411 452.0 0
  106.075035 524.0 0
  106.17882499999999 9.333333 0
  106.284195 72.0 0
  106.36256399999999 156.0 0
  106.511726 164.0 0
  106.560059 156.0 0
  106.581772 248.0 0
  106.588562 88.0 0
  106.739319 14.72387 0
  106.79577599999999 120.0 0
  106.814247 208.0 0
  106.84506999999999 72.0 0
  107.033684 240.0 0
  107.04972099999999 1180.0 0
  107.086052 98.258362 0
  107.10883299999999 172.0 0
  107.137154 164.0 0
  107.14280699999999 92.0 0
  107.228905 96.0 0
  107.26076499999999 156.0 0
  107.312309 15.56466 0
  107.34288799999999 172.0 0
  107.381737 160.0 0
  107.392349 296.0 0
  107.408386 144.0 0
  107.55278 152.0 0
  107.598541 188.0 0
  107.62587699999999 52.0 0
  107.71073899999999 124.0 0
  107.785393 156.0 0
  107.884964 116.0 0
  108.024864 220.0 0
  108.05032299999999 180.0 0
  108.070686 160.0 0
  108.17909999999999 112.0 0
  108.267372 112.0 0
  108.277344 112.0 0
  108.42497999999999 148.0 0
  108.42970299999999 160.0 0
  108.452873 332.0 0
  108.606926 140.0 0
  108.78176099999999 124.0 0
  108.798851 116.0 0
  108.84944899999999 132.0 0
  108.86076399999999 240.0 0
  108.91343699999999 176.0 0
  108.96951299999999 40.0 0
  108.99563599999999 144.0 0
  109.02649699999999 192.968094 0
  109.05143699999999 336.0 0
  109.06317899999999 172.0 0
  109.06530799999999 212.0 0
  109.10623199999999 180.0 0
  109.12335999999999 184.0 0
  109.17637599999999 152.0 0
  109.195122 144.0 0
  109.19852399999999 136.0 0
  109.229057 116.0 0
  109.304352 136.0 0
  109.37110899999999 116.0 0
  109.459869 44.0 0
  109.491615 148.0 0
  109.52214099999999 152.0 0
  109.636612 200.0 0
  109.731697 144.0 0
  109.74847399999999 92.0 0
  109.78811599999999 132.0 0
  109.806732 196.0 0
  109.86144999999999 168.0 0
  109.879852 68.0 0
  109.888657 92.0 0
  109.916389 1.85 0
  109.93422699999999 140.0 0
  109.94950899999999 156.0 0
  110.03661299999999 188.0 0
  110.043205 60.0 0
  110.075279 124.0 0
  110.17927599999999 192.0 0
  110.181801 140.0 0
  110.282494 188.0 0
  110.29403699999999 144.0 0
  110.315674 4.741667 0
  110.322716 212.0 0
  110.333344 172.0 0
  110.504639 144.0 0
  110.546944 8.307693 0
  110.581291 172.0 0
  110.62701399999999 112.0 0
  110.66463499999999 140.0 0
  110.70249899999999 200.0 0
  110.91101099999999 148.0 0
  110.987686 268.0 0
  111.000526 208.0 0
  111.03682699999999 224.0 0
  111.038872 76.0 0
  111.08721899999999 34.109402 0
  111.16581699999999 52.0 0
  111.17779499999999 14.18596 0
  111.40811199999999 180.0 0
  111.423988 128.0 0
  111.472015 152.0 0
  111.494186 188.0 0
  111.506462 200.0 0
  111.53491199999999 152.0 0
  111.544838 236.0 0
  111.70047 196.0 0
  111.76576999999999 140.0 0
  111.883896 400.0 0
  111.98178899999999 164.0 0
  112.024345 200.0 0
  112.075447 172.0 0
  112.08637999999999 224.0 0
  112.13278199999999 172.0 0
  112.26827999999999 140.0 0
  112.273232 192.0 0
  112.31240799999999 120.0 0
  112.408058 148.0 0
  112.43824 156.0 0
  112.64113599999999 176.0 0
  112.69556399999999 216.0 0
  112.72462499999999 260.0 0
  112.763184 156.0 0
  112.77287299999999 32.0 0
  112.876083 148.0 0
  112.895348 132.0 0
  112.93521899999999 184.0 0
  112.951477 116.0 0
  112.962555 212.0 0
  113.002258 152.0 0
  113.082314 124.0 0
  113.08520499999999 172.0 0
  113.152351 200.0 0
  113.20320099999999 84.0 0
  113.267738 188.0 0
  113.407387 128.0 0
  113.43455499999999 152.0 0
  113.50154099999999 52.0 0
  113.560249 48.0 0
  113.766083 192.0 0
  113.828423 136.0 0
  113.830772 200.0 0
  113.88898499999999 160.0 0
  113.91695399999999 124.0 0
  113.92223399999999 252.0 0
  114.023529 168.0 0
  114.04667699999999 148.0 0
  114.050232 132.0 0
  114.086517 144.0 0
  114.091545 92.491287 0
  114.354805 184.0 0
  114.39501999999999 168.0 0
  114.44043699999999 460.0 0
  114.625687 196.0 0
  114.65917999999999 176.0 0
  114.785454 160.0 0
  114.850746 196.0 0
  114.873757 80.0 0
  114.896423 156.0 0
  114.93332699999999 196.0 0
  114.94856999999999 124.0 0
  114.96047999999999 128.0 0
  115.010025 96.0 0
  115.051903 131.448105 0
  115.054497 312.0 0
  115.057541 456.0 0
  115.17662 192.0 0
  115.344658 148.0 0
  115.386963 132.0 0
  115.39166999999999 220.0 0
  115.431107 13.04167 0
  115.537003 172.0 0
  115.959648 152.0 0
  116.009079 384.0 0
  116.060532 192.0 0
  116.098824 144.0 0
  116.163719 184.0 0
  116.18536399999999 96.0 0
  116.20857199999999 140.0 0
  116.389412 27.48214 0
  116.407089 148.0 0
  116.454765 116.0 0
  116.58655499999999 180.0 0
  116.623268 196.0 0
  116.63385 64.0 0
  116.731094 128.0 0
  116.750526 160.0 0
  116.75278499999999 384.0 0
  116.773674 84.0 0
  116.778748 180.0 0
  116.82983399999999 140.0 0
  116.86147299999999 204.0 0
  116.864601 168.0 0
  116.936363 164.0 0
  116.98455799999999 96.0 0
  117.03125 135.0 0
  117.03933699999999 196.0 0
  117.059418 144.0 0
  117.11329699999999 156.0 0
  117.137581 120.0 0
  117.18350199999999 10.61667 0
  117.27186599999999 132.0 0
  117.33058199999999 88.0 0
  117.371017 1.677696 0
  117.477211 168.0 0
  117.483887 148.0 0
  117.49170699999999 212.0 0
  117.62207 204.0 0
  117.720169 68.0 0
  117.76864599999999 152.0 0
  117.77248399999999 268.0 0
  117.945297 168.0 0
  118.031494 23.67029 0
  118.035912 180.0 0
  118.039864 164.0 0
  118.043983 204.0 0
  118.065186 1000.112976 0
  118.067787 160.0 0
  118.072823 19732.0 1
  118.154823 72.0 0
  118.236542 216.0 0
  118.32524099999999 96.0 0
  118.37585399999999 7.155769 0
  118.37812799999999 172.0 0
  118.568703 124.0 0
  118.600273 140.0 0
  118.866936 156.0 0
  118.88185899999999 152.0 0
  118.886696 140.0 0
  118.93004599999999 260.0 0
  118.94847899999999 156.0 0
  119.007706 160.0 0
  119.039154 136.0 0
  119.05075799999999 308.0 0
  119.068535 224.0 0
  119.07238 521.450317 0
  119.08586899999999 2501.741943 0
  119.127144 140.0 0
  119.16972399999999 164.0 0
  119.319649 136.0 0
  119.35887899999999 248.0 0
  119.41311599999999 120.0 0
  119.45826 10.17339 0
  119.518936 9.761905 0
  119.53403499999999 60.0 0
  119.54731 220.0 0
  119.584221 212.0 0
  119.660226 160.0 0
  119.73393999999999 120.0 0
  119.774155 152.0 0
  119.854492 48.0 0
  119.879936 160.0 0
  119.924393 196.0 0
  120.01445799999999 132.0 0
  120.04476199999999 109.0 0
  120.05165099999999 360.0 0
  120.144859 208.0 0
  120.209892 196.0 0
  120.29553999999999 144.0 0
  120.496223 72.0 0
  120.56219499999999 204.0 0
  120.630997 156.0 0
  120.74073 212.0 0
  120.94601399999999 240.0 0
  120.953094 204.0 0
  121.025398 114.751198 0
  121.038956 144.968399 0
  121.052475 172.0 0
  121.055099 168.0 0
  121.060921 95.408333 0
  121.063873 300.0 0
  121.10099799999999 39185.0 2
  121.217216 212.0 0
  121.24265299999999 48.0 0
  121.288803 100.0 0
  121.302605 152.0 0
  121.330254 152.0 0
  121.33470899999999 64.0 0
  121.391891 144.0 0
  121.39849099999999 64.0 0
  121.547089 132.0 0
  121.556702 56.0 0
  121.647995 188.0 0
  121.680977 140.0 0
  121.686928 29.16964 0
  121.782631 152.0 0
  121.78886399999999 76.0 0
  121.824455 136.0 0
  121.841545 148.0 0
  121.931953 68.0 0
  121.953773 160.0 0
  122.058014 912.0 0
  122.091331 324.0 0
  122.131203 176.0 0
  122.182182 96.0 0
  122.18481399999999 64.0 0
  122.193359 196.0 0
  122.21476 27.640829 0
  122.241608 140.0 0
  122.57546199999999 17.86058 0
  122.58931 240.0 0
  122.695259 164.0 0
  122.708878 156.0 0
  122.717636 236.0 0
  122.85537 120.0 0
  122.909538 120.0 0
  122.91365099999999 212.0 0
  123.00800299999999 124.0 0
  123.025948 160.0 0
  123.064201 196.0 0
  123.093758 25.787041 0
  123.110947 216.0 0
  123.13918299999999 108.0 0
  123.354805 11.76179 0
  123.403893 192.0 0
  123.46315799999999 136.0 0
  123.52270499999999 88.0 0
  123.525955 228.0 0
  123.533463 112.0 0
  123.60380599999999 96.0 0
  123.62397 204.0 0
  123.64134999999999 13.5747 0
  123.67246999999999 196.0 0
  123.677284 172.0 0
  123.684677 148.0 0
  123.77255199999999 212.0 0
  123.82738499999999 40.0 0
  123.85112 184.0 0
  123.88516999999999 176.0 0
  123.95599399999999 188.0 0
  123.99745899999999 284.071808 0
  124.020218 188.0 0
  124.03983299999999 60.0 0
  124.049065 1196.0 0
  124.076813 200.0 0
  124.11116 148.0 0
  124.12084999999999 172.0 0
  124.130707 228.0 0
  124.17967999999999 19.004311 0
  124.18495899999999 156.0 0
  124.20825199999999 224.0 0
  124.502647 52.0 0
  124.545059 68.0 0
  124.588318 104.0 0
  124.591393 10.48677 0
  124.638931 140.0 0
  124.732796 144.0 0
  124.77912099999999 80.0 0
  124.83209199999999 208.0 0
  124.863113 88.0 0
  124.902374 164.0 0
  125.00510399999999 3956.0 0
  125.02725199999999 180.0 0
  125.060318 184.0 0
  125.177391 104.0 0
  125.189095 228.0 0
  125.33743299999999 144.0 0
  125.64896399999999 156.0 0
  125.82798799999999 192.0 0
  125.852982 112.0 0
  125.96436299999999 144.0 0
  125.97429699999999 216.0 0
  126.036034 190.081207 0
  126.05497 756.427307 0
  126.070724 56.0 0
  126.14520999999999 104.0 0
  126.157021 196.0 0
  126.230339 144.0 0
  126.350487 148.0 0
  126.385049 140.0 0
  126.395569 44.0 0
  126.404022 22.68553 0
  126.43141899999999 176.0 0
  126.439644 116.0 0
  126.44723499999999 13.0625 0
  126.56638299999999 152.0 0
  126.583771 144.0 0
  126.591393 188.0 0
  126.72713499999999 148.0 0
  126.73983799999999 116.0 0
  126.78405799999999 192.0 0
  126.806587 212.0 0
  126.886375 100.0 0
  126.99859599999999 184.0 0
  127.01278699999999 168.0 0
  127.233589 5.011905 0
  127.24466699999999 164.0 0
  127.31648299999999 148.0 0
  127.32011399999999 4.363636 0
  127.327789 180.0 0
  127.353348 172.0 0
  127.455063 168.0 0
  127.87265 124.0 0
  127.94747199999999 208.0 0
  128.051346 696.0 0
  128.060516 184.0 0
  128.071075 932.0 0
  128.106705 348.0 0
  128.11132800000001 140.0 0
  128.141434 128.0 0
  128.208954 148.0 0
  128.242523 244.0 0
  128.258163 72.0 0
  128.407394 168.0 0
  128.425323 200.0 0
  128.445023 64.0 0
  128.475433 104.0 0
  128.51504500000001 188.0 0
  128.688828 116.0 0
  128.73735 168.0 0
  128.811386 152.0 0
  128.822327 212.0 0
  128.848663 56.0 0
  128.977982 112.0 0
  129.005554 5.345446 0
  129.052505 9327.0 0
  129.064606 698.0 0
  129.06900000000002 164.0 0
  129.085449 176.0 0
  129.100784 640.0 0
  129.103577 192.0 0
  129.135391 192.0 0
  129.153885 21.886709 0
  129.181686 228.0 0
  129.194656 136.0 0
  129.273804 104.0 0
  129.36106900000001 192.0 0
  129.391235 152.0 0
  129.714935 200.0 0
  129.742783 76.0 0
  129.785797 156.0 0
  129.980453 176.0 0
  130.005966 344.0 0
  130.017212 156.0 0
  130.019943 371.0 0
  130.05749500000002 200.0 0
  130.06564300000002 4184.0 0
  130.077805 160.0 0
  130.203629 40.0 0
  130.38382000000001 88.0 0
  130.38806200000002 48.0 0
  130.407349 3.020833 0
  130.418121 46.505619 0
  130.491058 26.948999 0
  130.561646 168.0 0
  130.626236 212.0 0
  130.667709 168.0 0
  130.866318 22.179079 0
  130.904953 5.005067 0
  131.038925 160.0 0
  131.045715 1787.0 0
  131.048584 144.0 0
  131.191483 92.0 0
  131.19957000000002 112.0 0
  131.461014 168.0 0
  131.475479 124.0 0
  131.49823 172.0 0
  131.52217100000001 84.0 0
  131.56672700000001 136.0 0
  131.624054 72.0 0
  131.636337 100.0 0
  131.73216200000002 156.0 0
  131.771896 64.0 0
  131.800613 18.09339 0
  131.93524200000002 184.0 0
  132.04800400000002 132.0 0
  132.05957 360.0 0
  132.065628 40.99847 0
  132.19734200000002 5.391026 0
  132.206116 76.0 0
  132.22674600000002 156.0 0
  132.239075 228.0 0
  132.26422100000002 232.0 0
  132.358459 10.14081 0
  132.513123 176.0 0
  132.57908600000002 52.0 0
  132.615021 48.0 0
  132.72026100000002 140.0 0
  132.723679 176.0 0
  132.94101 7.354167 0
  133.023697 4044.0 0
  133.052094 117.186096 0
  133.061172 3060.0 0
  133.063995 156.0 0
  133.07637 13243.0 1
  133.098755 136.0 0
  133.101974 693.828003 0
  133.161819 144.0 0
  133.194031 136.0 0
  133.20034800000002 27.749359 0
  133.28675800000002 92.0 0
  133.29740900000002 64.0 0
  133.306442 140.0 0
  133.401657 64.0 0
  133.63244600000002 180.0 0
  133.662415 136.0 0
  133.792007 128.0 0
  133.813217 48.0 0
  133.826874 112.0 0
  133.886154 180.0 0
  134.00408900000002 136.0 0
  134.060745 92.0 0
  134.070267 788.0 0
  134.08235200000001 20.111111 0
  134.09504700000002 84.391457 0
  134.16523700000002 64.0 0
  134.321945 120.0 0
  134.33647200000001 164.0 0
  134.401642 148.0 0
  134.406509 17.47748 0
  134.444138 9.397059 0
  134.580215 48.0 0
  134.589981 192.0 0
  134.61599700000002 124.0 0
  134.644043 180.0 0
  134.798721 272.0 0
  134.830948 168.0 0
  134.910416 96.0 0
  134.953064 144.0 0
  135.03538500000002 1169.0 0
  135.038284 414.0 0
  135.04379300000002 436.0 0
  135.056198 1748.0 0
  135.071198 172.0 0
  135.08046000000002 20.765869 0
  135.196045 176.0 0
  135.218155 40.0 0
  135.428879 26.51442 0
  135.44386300000002 216.0 0
  135.456543 284.0 0
  135.50082400000002 60.0 0
  135.546616 168.0 0
  135.70764200000002 240.0 0
  135.72761500000001 160.0 0
  135.80748 200.0 0
  135.82959 128.0 0
  136.014587 108.0 0
  136.01855500000002 356.0 0
  136.039841 18.555559 0
  136.045486 172.0 0
  136.05242900000002 21636.0 1
  136.06118800000002 828.615417 0
  136.073746 256.0 0
  136.077255 53.45335 0
  136.087189 196.0 0
  136.09045400000002 156.0 0
  136.096832 52.0 0
  136.190155 96.0 0
  136.243073 188.0 0
  136.24563600000002 64.0 0
  136.468262 164.0 0
  136.64691200000001 164.0 0
  136.859802 80.0 0
  136.88736 164.0 0
  136.912933 172.0 0
  136.925171 120.0 0
  136.975998 16.46944 0
  136.981995 4322.0 0
  137.00029 144.0 0
  137.041962 1132.0 0
  137.081009 116.0 0
  137.092636 212.0 0
  137.095108 4712.0 0
  137.210373 92.0 0
  137.277908 96.0 0
  137.28903200000002 180.0 0
  137.37941 104.0 0
  137.469635 188.0 0
  137.50936900000002 176.0 0
  137.65934800000002 96.0 0
  137.707367 92.0 0
  138.026093 2060.0 0
  138.087601 104.0 0
  138.398422 84.0 0
  138.46322600000002 108.0 0
  138.559586 260.0 0
  138.626785 192.0 0
  138.67210400000002 168.0 0
  138.85780300000002 148.0 0
  138.942047 144.0 0
  138.955597 144.0 0
  139.003601 17.19121 0
  139.00825500000002 196.0 0
  139.03237900000002 192.0 0
  139.03891000000002 5388.0 0
  139.049271 156.0 0
  139.055038 172.0 0
  139.066956 176.0 0
  139.119339 88.0 0
  139.147363 122.0 0
  139.280762 176.0 0
  139.284882 248.0 0
  139.403656 72.0 0
  139.50357100000002 336.0 0
  139.522369 120.0 0
  139.56015000000002 100.0 0
  139.650864 96.0 0
  139.678406 172.0 0
  139.72070300000001 128.0 0
  139.827698 140.0 0
  139.882248 176.0 0
  139.932724 184.0 0
  140.009018 1484.0 0
  140.02766400000002 132.0 0
  140.05091900000002 120.0 0
  140.053391 168.0 0
  140.07882700000002 88.0 0
  140.099701 136.0 0
  140.104034 180.0 0
  140.129837 6.427083 0
  140.187164 208.0 0
  140.425873 256.0 0
  140.428772 164.0 0
  140.440704 208.0 0
  140.478928 136.0 0
  140.640366 6.148148 0
  140.66738900000001 56.0 0
  140.701447 196.0 0
  140.75482200000002 140.0 0
  140.803665 240.0 0
  140.829803 5.354167 0
  140.89660600000002 76.0 0
  141.03938300000002 140.0 0
  141.052017 26.92749 0
  141.069275 160.0 0
  141.110428 1516.0 0
  141.13699300000002 80684.0 4
  141.16519200000002 132.0 0
  141.20550500000002 96.0 0
  141.530518 48.0 0
  141.589203 132.0 0
  141.625244 216.0 0
  141.73803700000002 144.0 0
  141.826538 80.0 0
  141.866913 148.0 0
  141.878418 120.0 0
  141.923065 116.0 0
  142.065369 296.0 0
  142.07118200000002 520.0 0
  142.144653 124.0 0
  142.16806 164.0 0
  142.17063900000002 188.0 0
  142.183075 244.0 0
  142.318237 136.0 0
  142.341904 204.0 0
  142.51889 84.0 0
  142.674408 76.0 0
  142.680725 196.0 0
  142.788071 128.0 0
  142.82501200000002 188.0 0
  142.84045400000002 168.0 0
  143.00529500000002 224.0 0
  143.031845 325.0 0
  143.04426600000002 6222.0 0
  143.05014 20.494829 0
  143.072845 204.0 0
  143.080139 5806.0 0
  143.08509800000002 140.0 0
  143.10112 152.0 0
  143.114075 251.500504 0
  143.165527 276.0 0
  143.265671 156.0 0
  143.26825 76.0 0
  143.279709 192.0 0
  143.32843 204.0 0
  143.40596000000002 132.0 0
  143.545197 72.0 0
  143.676117 84.0 0
  144.05294800000001 196.0 0
  144.058197 136.0 0
  144.188477 244.0 0
  144.399933 188.0 0
  144.42652900000002 84.0 0
  144.57728600000002 196.0 0
  144.583786 168.0 0
  144.65957600000002 232.0 0
  144.686218 84.0 0
  144.688812 160.0 0
  144.701324 148.0 0
  144.877396 168.0 0
  144.890701 164.0 0
  144.93995700000002 124.0 0
  145.029053 6157.0 0
  145.064896 723.0 0
  145.098923 342.850403 0
  145.10273700000002 504.0 0
  145.16279600000001 144.0 0
  145.174789 64.0 0
  145.19558700000002 152.0 0
  145.266525 168.0 0
  145.412857 208.0 0
  145.692139 180.0 0
  145.986343 168.0 0
  145.991547 172.0 0
  146.020004 543.0 0
  146.06256100000002 736.0 0
  146.06890900000002 316.0 0
  146.114609 176.0 0
  146.22049 96.0 0
  146.39299 60.0 0
  146.54452500000002 156.0 0
  146.5466 64.0 0
  146.921494 212.0 0
  147.00708 104.0 0
  147.009118 734.0 0
  147.01400800000002 2304512.0 116
  147.0634 8162.0 0
  147.076797 156.0 0
  147.07887300000002 348.0 0
  147.083298 178.0 0
  147.116394 4788.0 0
  147.139938 36.0 0
  147.26654100000002 156.0 0
  147.43248 84.0 0
  147.58287 164.0 0
  147.596313 140.0 0
  147.74258400000002 128.0 0
  147.814697 220.0 0
  147.842941 64.0 0
  147.899216 160.0 0
  147.998627 136.0 0
  148.031296 136.0 0
  148.041336 136.0 0
  148.047806 489.0 0
  148.05084200000002 160.0 0
  148.05638100000002 552.0 0
  148.07508900000002 581.669189 0
  148.08654800000002 120.0 0
  148.111694 160.0 0
  148.11377000000002 384.0 0
  148.18364 104.0 0
  148.23455800000002 160.0 0
  148.2397 124.0 0
  148.285202 180.0 0
  148.379715 48.0 0
  148.389801 40.0 0
  148.563705 228.0 0
  148.790359 212.0 0
  148.88415500000002 188.0 0
  148.92596400000002 160.0 0
  148.955429 92.0 0
  148.960236 176.0 0
  148.97215300000002 164.0 0
  148.980759 124.0 0
  149.053558 247.0 0
  149.0569 252.0 0
  149.062103 325.0 0
  149.08564800000002 124.0 0
  149.09375 51.80278 0
  149.095795 1014.987976 0
  149.133499 28.10853 0
  149.158127 76.0 0
  149.223282 216.0 0
  149.243423 176.0 0
  149.32913200000002 152.0 0
  149.420868 160.0 0
  149.661087 168.0 0
  149.757904 140.0 0
  149.949273 256.0 0
  149.995987 120.0 0
  150.021469 120.0 0
  150.046005 200.0 0
  150.058487 168.0 0
  150.070816 149.0522 0
  150.103653 188.0 0
  150.119766 136.0 0
  150.154449 132.0 0
  150.203705 184.0 0
  150.253464 176.0 0
  150.257904 112.0 0
  150.317459 216.0 0
  150.454285 188.0 0
  150.469681 216.0 0
  150.536453 168.0 0
  150.578278 26.62928 0
  150.634476 48.0 0
  150.727661 224.0 0
  150.783829 21.54847 0
  150.80032300000002 228.0 0
  150.849335 64.0 0
  151.020813 128.0 0
  151.028656 104.0 0
  151.06907700000002 148.0 0
  151.09393300000002 152.0 0
  151.13183600000002 172.0 0
  151.154999 128.0 0
  151.384003 68.0 0
  151.53427100000002 148.0 0
  151.762619 220.0 0
  151.82290600000002 168.0 0
  151.868988 96.0 0
  152.03093 444.0 0
  152.043121 1328.0 0
  152.072586 164.0 0
  152.25058 196.0 0
  152.289703 144.0 0
  152.49292 128.0 0
  152.541107 120.0 0
  152.574142 8.641001 0
  152.88690200000002 140.0 0
  152.93254100000001 52.0 0
  152.945404 55.347729 0
  152.95314000000002 80.0 0
  152.95626800000002 140.0 0
  152.97821000000002 304.0 0
  153.01310700000002 3924.0 0
  153.049545 432.0 0
  153.071823 192.0 0
  153.297485 204.0 0
  153.544937 220.0 0
  153.633499 208.0 0
  153.685852 200.0 0
  153.71859700000002 180.0 0
  153.959351 152.0 0
  154.05818200000002 15198.0 1
  154.06509400000002 252.0 0
  154.08393900000002 216.0 0
  154.195511 144.0 0
  154.34059100000002 96.0 0
  154.38382000000001 104.0 0
  154.40664700000002 196.0 0
  154.572403 72.0 0
  154.669678 168.0 0
  154.85359200000002 52.0 0
  154.877426 148.0 0
  155.016647 580.0 0
  155.06573500000002 452.0 0
  155.072891 300.0 0
  155.181152 28.0 0
  155.313736 72.0 0
  155.458786 18.695511 0
  155.47984300000002 56.0 0
  155.86943100000002 224.0 0
  156.011337 14870.25 1
  156.05165100000002 260.0 0
  156.059326 160.0 0
  156.069534 168.0 0
  156.077301 176.0 0
  156.08187900000001 9132.0 0
  156.158997 44.0 0
  156.23085 2.347222 0
  156.319672 10.95 0
  156.34852600000002 204.0 0
  156.521118 204.0 0
  156.633789 40.20142 0
  156.69129900000001 64.0 0
  156.792709 132.0 0
  156.82466100000002 120.0 0
  156.97714200000001 148.0 0
  157.038544 20.2663 0
  157.05714400000002 200.0 0
  157.05938700000002 164.0 0
  157.08363300000002 196.0 0
  157.08706700000002 232.0 0
  157.09471100000002 7587.0 0
  157.14750700000002 176.0 0
  157.15101 184.0 0
  157.457382 56.0 0
  157.512756 176.0 0
  157.59108 196.0 0
  157.726242 72.0 0
  157.732254 168.0 0
  157.75647 204.0 0
  157.81384300000002 128.0 0
  158.0 10.54875 0
  158.06092800000002 176.0 0
  158.065338 184.0 0
  158.187531 26.26792 0
  158.217789 144.0 0
  158.301468 68.0 0
  158.327805 20.496731 0
  158.36784400000002 128.0 0
  158.378418 8.023529 0
  158.55302400000002 168.0 0
  158.648849 48.0 0
  158.77169800000001 116.0 0
  158.775757 164.0 0
  158.79890400000002 188.0 0
  158.92894 92.0 0
  159.00654600000001 260.0 0
  159.039307 304.0 0
  159.04238900000001 22966.349609 1
  159.06131000000002 136.0 0
  159.067612 1205.0 0
  159.077789 1444.0 0
  159.08058200000002 672.0 0
  159.09381100000002 14.66667 0
  159.115601 2988.0 0
  159.19468700000002 76.0 0
  159.216782 140.0 0
  159.254257 132.0 0
  159.31710800000002 108.0 0
  159.340622 40.0 0
  159.37750200000002 76.0 0
  159.65446500000002 180.0 0
  159.683258 144.0 0
  159.70709200000002 108.0 0
  159.766052 80.0 0
  160.04274 7222.0 0
  160.07605 53092.0 3
  160.113022 2431.280029 0
  160.11689800000002 224.0 0
  160.123367 347.0 0
  160.12698400000002 172.0 0
  160.16832000000002 128.0 0
  160.24284400000002 168.0 0
  160.368912 76.0 0
  160.387527 168.0 0
  160.482132 112.0 0
  160.511703 168.0 0
  160.552414 164.0 0
  160.57200600000002 168.0 0
  160.63179 84.0 0
  160.781235 40.0 0
  160.814026 60.0 0
  160.86554 4.697601 0
  160.870865 144.0 0
  161.018265 596.0 0
  161.054626 32732.0 2
  161.05732700000002 228.0 0
  161.064087 264.0 0
  161.086487 160.0 0
  161.13230900000002 7504.0 0
  161.18798800000002 17.35099 0
  161.204361 188.0 0
  161.40124500000002 132.0 0
  161.42009000000002 152.0 0
  161.437195 76.0 0
  161.53379800000002 48.0 0
  161.55105600000002 168.0 0
  161.58226000000002 72.0 0
  161.632797 144.0 0
  161.697662 136.0 0
  161.715897 136.0 0
  161.76178000000002 88.0 0
  162.035782 156.0 0
  162.039566 108.0 0
  162.070831 29303.0 1
  162.090988 248.0 0
  162.09835800000002 384.0 0
  162.11187700000002 196.0 0
  162.116608 176.0 0
  162.12114 172.0 0
  162.132675 56.0 0
  162.139832 607.0 0
  162.144662 140.0 0
  162.29632600000002 204.0 0
  162.528183 180.0 0
  162.537415 68.0 0
  162.697891 216.0 0
  162.712204 36.0 0
  162.731659 100.0 0
  162.82792700000002 52.0 0
  162.84655800000002 100.0 0
  162.86187700000002 156.0 0
  163.00914 196.0 0
  163.023956 261.0 0
  163.034515 253.0 0
  163.065918 2711.0 0
  163.085129 148.0 0
  163.244019 260.0 0
  163.304474 37.951111 0
  163.345947 104.0 0
  163.44975300000002 164.0 0
  163.46257 11.92628 0
  163.55159 15.70833 0
  163.75195300000001 132.0 0
  163.803818 6.124354 0
  163.81762700000002 72.0 0
  163.939072 140.0 0
  163.995239 36.0 0
  164.03732300000001 1146.0 0
  164.040985 308.0 0
  164.047028 150.605301 0
  164.088623 36.0 0
  164.142502 104.0 0
  164.167435 9.349238 0
  164.185638 156.0 0
  164.22670000000002 184.0 0
  164.27063 64.0 0
  164.327225 156.0 0
  164.53479000000002 164.0 0
  164.68777500000002 180.0 0
  164.69407700000002 172.0 0
  164.708664 136.0 0
  165.010544 160.0 0
  165.058731 200.0 0
  165.069305 880.0 0
  165.079575 184.0 0
  165.15361000000001 18.688101 0
  165.26516700000002 236.0 0
  166.02130100000002 516.0 0
  166.04684400000002 168.0 0
  166.06843600000002 212.0 0
  166.07200600000002 1553.498047 0
  166.09137 176.0 0
  166.097061 272.0 0
  166.125931 172.0 0
  166.173279 92.0 0
  166.395325 200.0 0
  166.540253 64.0 0
  166.600266 140.0 0
  167.004196 300.0 0
  167.025482 140.0 0
  167.04255 584.0 0
  167.047714 144.0 0
  167.06677200000001 2857.0 0
  167.07650800000002 65376.0 3
  167.095505 48.0 0
  167.118851 22.578699 0
  167.122299 160.0 0
  167.184799 71.32029 0
  167.404861 132.0 0
  167.423462 112.0 0
  167.521149 192.0 0
  167.600281 148.0 0
  167.927841 92.0 0
  168.042801 148.0 0
  168.05577100000002 192.0 0
  168.089478 184.0 0
  168.146545 184.0 0
  168.242966 144.0 0
  168.30839500000002 68.0 0
  168.357101 112.0 0
  168.460968 29.340799 0
  168.48481800000002 52.0 0
  168.562851 92.0 0
  168.58140600000002 172.0 0
  168.613693 172.0 0
  168.642365 152.0 0
  168.654068 148.0 0
  168.662079 136.0 0
  168.90921 140.0 0
  168.933838 120.0 0
  168.98675500000002 228.0 0
  169.047806 900.0 0
  169.05044600000002 1923.0 0
  169.059357 152.0 0
  169.062149 676.0 0
  169.178345 180.0 0
  169.22070300000001 148.0 0
  169.279739 92.0 0
  169.41656500000002 108.0 0
  169.467255 76.0 0
  169.47551 164.0 0
  169.606491 132.0 0
  169.831497 184.0 0
  169.834305 92.0 0
  169.937286 68.0 0
  169.985321 84.0 0
  170.045883 23533.0 1
  170.057373 1422.464966 0
  170.06109600000002 3104.0 0
  170.070352 189.0 0
  170.096054 620.0 0
  170.106995 164.0 0
  170.11140400000002 116.0 0
  170.234039 72.0 0
  170.384293 68.0 0
  170.40699800000002 56.07267 0
  170.587418 60.0 0
  170.681732 204.0 0
  170.952957 148.0 0
  170.98469500000002 148.0 0
  171.049698 244.0 0
  171.064926 132.0 0
  171.084183 128.0 0
  171.092737 585.0 0
  171.10788 998.484375 0
  171.24588 144.0 0
  171.643448 64.0 0
  172.017548 6.5025 0
  172.039154 840.0 0
  172.042664 604.0 0
  172.074249 180.0 0
  172.084854 1252.0 0
  172.087219 172.0 0
  172.094116 812.0 0
  172.106583 313.603302 0
  172.115646 1423.0 0
  172.121246 104.0 0
  172.23744200000002 80.0 0
  172.278534 232.0 0
  172.284805 184.0 0
  172.365585 14.74329 0
  172.388611 188.0 0
  172.61445600000002 216.0 0
  172.61900300000002 136.0 0
  172.621613 144.0 0
  172.651596 60.0 0
  172.788956 152.0 0
  172.82757600000002 116.0 0
  172.89407300000002 160.0 0
  173.030212 384.0 0
  173.05586200000002 172.0 0
  173.061462 464.0 0
  173.17347700000002 112.0 0
  173.291077 144.0 0
  173.356247 144.0 0
  173.487717 64.0 0
  173.562195 252.0 0
  173.629364 172.0 0
  173.64442400000001 18.11128 0
  173.826065 21.66733 0
  173.84256000000002 28.0 0
  174.052719 30.04932 0
  174.068558 164.0 0
  174.078262 352.0 0
  174.138443 192.0 0
  174.14308200000002 260.0 0
  174.217712 132.0 0
  174.257935 196.0 0
  174.27461200000002 268.0 0
  174.319794 96.0 0
  174.514832 128.0 0
  174.602768 212.0 0
  174.62522900000002 48.0 0
  174.78782700000002 324.0 0
  174.80174300000002 204.0 0
  174.995453 280.0 0
  175.009964 148.0 0
  175.01872300000002 52.0 0
  175.031281 413.406403 0
  175.03517200000002 72.0 0
  175.049911 13448.0 1
  175.073746 434.0 0
  175.096954 2668.0 0
  175.111572 163.855499 0
  175.39270000000002 160.0 0
  175.479218 52.0 0
  175.58625800000002 164.0 0
  175.70207200000002 4.474166 0
  175.71228000000002 84.0 0
  176.010864 4.335938 0
  176.040131 160.0 0
  176.046783 144.0 0
  176.075928 136.0 0
  176.093994 572.0 0
  176.107147 196.0 0
  176.109238 152.0 0
  176.119919 92.0 0
  176.15103100000002 164.0 0
  176.24438500000002 152.0 0
  176.25276200000002 34.524849 0
  176.258011 144.0 0
  176.295151 192.0 0
  176.361786 80.0 0
  176.371338 28.0 0
  176.436508 128.0 0
  176.53714000000002 144.0 0
  176.54788200000002 2.845 0
  176.586868 11.36824 0
  176.63110400000002 156.0 0
  176.899429 260.0 0
  176.93974300000002 176.0 0
  177.055725 2896.0 0
  177.06980900000002 155.505005 0
  177.086175 123.0 0
  177.11779800000002 176.0 0
  177.203903 148.0 0
  177.318726 216.0 0
  177.35621600000002 192.0 0
  177.389206 68.0 0
  177.471924 60.0 0
  177.51843300000002 48.0 0
  177.560776 124.0 0
  177.586716 184.0 0
  177.66954 176.0 0
  177.75375400000001 116.0 0
  177.920578 11.68966 0
  177.927231 112.0 0
  177.953644 108.0 0
  178.03950500000002 456.0 0
  178.075714 15490.0 1
  178.077911 172.0 0
  178.086197 33.465549 0
  178.13751200000002 140.0 0
  178.16618300000002 124.0 0
  178.236984 76.0 0
  178.253525 140.0 0
  178.373093 172.0 0
  178.515152 14.22753 0
  178.80465700000002 204.0 0
  178.96086100000002 112.0 0
  179.03877300000002 1148.0 0
  179.04267900000002 83.169273 0
  179.051926 144.0 0
  179.081772 2644.0 0
  179.087692 168.0 0
  179.106506 172.0 0
  179.14767500000002 84.0 0
  179.26738 3.111111 0
  179.43498200000002 248.0 0
  179.535309 13.66964 0
  179.718491 192.0 0
  179.75264 176.0 0
  179.93235800000002 180.0 0
  179.97314500000002 136.0 0
  180.04158 288.0 0
  180.048706 135.0 0
  180.05920400000002 188.0 0
  180.064026 84.0 0
  180.06651300000001 204.0 0
  180.098984 214.0 0
  180.45755 104.0 0
  180.462677 240.0 0
  180.558594 9.142858 0
  180.850693 124.0 0
  180.916153 200.0 0
  180.96575900000002 200.0 0
  180.970367 68.0 0
  181.03268400000002 712.0 0
  181.043823 1433.0 0
  181.049026 952.0 0
  181.06822200000002 248.0 0
  181.076157 144.0 0
  181.097443 160.0 0
  181.100601 856.0 0
  181.23381 180.0 0
  181.369766 228.0 0
  181.481033 68.0 0
  181.63827500000002 2.0 0
  181.69554100000002 180.0 0
  181.82341 176.0 0
  181.91098 136.0 0
  181.94622800000002 116.0 0
  181.97702 15.02885 0
  181.9944 204.0 0
  182.014633 9.075 0
  182.04097000000002 268.0 0
  182.04693600000002 196.0 0
  182.090179 176.0 0
  182.106583 424.0 0
  182.139252 28.0 0
  182.204407 152.0 0
  182.34651200000002 204.0 0
  182.433121 124.0 0
  182.463821 108.0 0
  182.681839 200.0 0
  182.70889300000002 128.0 0
  182.74911500000002 144.0 0
  182.997772 160.0 0
  183.015884 204.0 0
  183.02113300000002 10640.0 1
  183.05439800000002 1472.0 0
  183.07939100000002 592.0 0
  183.110962 4527.0 0
  183.16592400000002 56.0 0
  183.32402000000002 56.0 0
  183.44584700000001 196.0 0
  183.460129 196.0 0
  183.60261500000001 36.0 0
  183.81277500000002 216.0 0
  183.91066 132.0 0
  183.980988 232.0 0
  184.053574 344.0 0
  184.10711700000002 1345.031982 0
  184.113876 188.0 0
  184.15303 872.0 0
  184.158081 44.0 0
  184.194748 13.67738 0
  184.32444800000002 144.0 0
  184.364944 44.0 0
  184.63089000000002 88.0 0
  185.00621 168.0 0
  185.016571 120.0 0
  185.049759 148.0 0
  185.06251500000002 144.0 0
  185.113754 251.0 0
  185.125214 277.463104 0
  185.14651500000002 156.0 0
  185.24379000000002 13.81223 0
  185.26301600000002 48.0 0
  185.320572 112.0 0
  185.364853 144.0 0
  185.42804 148.0 0
  185.505096 64.0 0
  185.543259 3.694257 0
  185.9505 72.0 0
  185.99104300000002 34.752979 0
  186.002777 3546.0 0
  186.087952 156.0 0
  186.467896 72.0 0
  186.48181200000002 184.0 0
  186.484634 12.32372 0
  186.510681 140.0 0
  186.589462 156.0 0
  186.632233 184.0 0
  186.904739 212.0 0
  186.99267600000002 124.0 0
  187.019836 327223.0 17
  187.049515 15720.0 1
  187.07260100000002 208.0 0
  187.075272 444.0 0
  187.083664 220.0 0
  187.12662600000002 140.0 0
  187.200836 324.0 0
  187.214752 164.0 0
  187.398605 11.97417 0
  187.40827900000002 160.0 0
  187.412369 60.0 0
  187.460114 220.0 0
  187.478973 80.0 0
  187.576569 180.0 0
  187.658676 212.0 0
  188.03173800000002 352.0 0
  188.07037400000002 180.0 0
  188.077988 128.0 0
  188.11746200000002 352.0 0
  188.24237100000002 104.0 0
  188.247772 40.0 0
  188.431839 56.0 0
  188.451614 32.0 0
  188.49963400000001 104.0 0
  188.63623 148.0 0
  188.71696500000002 236.0 0
  188.871338 172.0 0
  188.918732 176.0 0
  189.025146 204.0 0
  189.03555300000002 144.0 0
  189.037567 112.0 0
  189.05131500000002 98300.0 5
  189.05484 352.0 0
  189.062149 108.0 0
  189.082932 404.0 0
  189.12634300000002 256.0 0
  189.152603 164.0 0
  189.161942 380.0 0
  189.16412400000002 688.0 0
  189.212692 12.8 0
  189.254959 84.0 0
  189.34913600000002 108.0 0
  189.428345 136.0 0
  189.44342 96.0 0
  189.59234600000002 36.0 0
  189.61705 76.0 0
  189.665604 80.0 0
  190.028061 689.0 0
  190.04968300000002 40253.0 2
  190.06431600000002 540.0 0
  190.072784 164.0 0
  190.10011300000002 18548.0 1
  190.18550100000002 88.0 0
  190.301834 184.0 0
  190.31015000000002 76.0 0
  190.356277 92.0 0
  190.398727 208.0 0
  190.415894 40.0 0
  190.552109 40.0 0
  190.655975 148.0 0
  190.68876600000002 144.0 0
  190.75885 72.0 0
  190.769394 168.0 0
  190.92099000000002 44.0 0
  190.92953500000002 132.0 0
  191.07041900000002 5452.0 0
  191.09367400000002 3340.0 0
  191.106186 2032.0 0
  191.233932 32.0 0
  191.63484200000002 156.0 0
  191.68768300000002 72.0 0
  191.91879300000002 2.770089 0
  192.07724000000002 192.0 0
  192.08801300000002 27492.980469 1
  192.24932900000002 4.4 0
  192.262314 60.0 0
  192.795868 132.0 0
  193.03666700000002 34933.0 2
  193.066284 224.0 0
  193.073853 472.0 0
  193.077728 300.0 0
  193.108109 116.0 0
  193.334824 60.0 0
  193.65107700000002 160.0 0
  193.70460500000002 120.0 0
  193.750458 40.0 0
  193.91867100000002 176.0 0
  193.933334 64.0 0
  193.957382 152.0 0
  193.99876400000002 283.731506 0
  194.07135 2263.047119 0
  194.07792700000002 116.0 0
  194.101868 316.0 0
  194.157394 60.0 0
  194.16244500000002 180.0 0
  194.176682 144.0 0
  194.35675 120.0 0
  194.395111 48.0 0
  194.536835 108.0 0
  194.727859 6.334596 0
  194.75126600000002 160.0 0
  194.936935 156.0 0
  194.986108 189.0 0
  195.039536 224.0 0
  195.070511 560.0 0
  195.075455 112.0 0
  195.091904 201.0 0
  195.27769500000002 52.0 0
  195.295654 80.0 0
  195.333969 172.0 0
  195.37574800000002 6.942857 0
  195.512405 164.0 0
  195.54303000000002 144.0 0
  195.551553 168.0 0
  195.584763 12.54381 0
  195.66246 80.0 0
  195.85553000000002 28.0 0
  196.08763100000002 176.0 0
  196.11673000000002 136.0 0
  196.30844100000002 192.0 0
  196.396713 60.0 0
  196.504364 132.0 0
  196.658737 144.0 0
  196.68841600000002 124.0 0
  196.855286 152.0 0
  196.873413 64.0 0
  196.89003 148.0 0
  197.05818200000002 60.0 0
  197.062149 272.0 0
  197.081848 1144.0 0
  197.09291100000002 300.0 0
  197.104187 19808.0 1
  197.207977 160.0 0
  197.291794 80.0 0
  197.373459 132.0 0
  197.428894 116.0 0
  197.535187 160.0 0
  197.55481 36.0 0
  197.660919 6.5125 0
  197.71154800000002 192.0 0
  197.90231300000002 10.16461 0
  198.040131 156.0 0
  198.055191 352.0 0
  198.096268 68.0 0
  198.098755 296.0 0
  198.236603 228.0 0
  198.434158 160.0 0
  198.46829200000002 80.0 0
  198.69056700000002 156.0 0
  198.947998 240.0 0
  199.037766 156.992798 0
  199.04158 188.0 0
  199.09684800000002 3356.0 0
  199.100693 3096.0 0
  199.134918 200.0 0
  199.158936 200.0 0
  199.197998 176.0 0
  199.33161900000002 136.0 0
  199.565796 156.0 0
  199.771271 68.0 0
  199.837479 112.0 0
  200.04637100000002 132.0 0
  200.075897 112.0 0
  200.1091 168.0 0
  200.113358 4500.0 0
  200.168961 152.0 0
  200.18853800000002 160.0 0
  200.219818 140.0 0
  200.46962000000002 140.0 0
  201.06395 68.0 0
  201.068497 149.197296 0
  201.085297 13.27083 0
  201.12596100000002 198.069595 0
  201.153229 3865.879883 0
  201.277069 72.0 0
  201.27993800000002 232.0 0
  201.314285 280.0 0
  201.475311 144.0 0
  201.82548500000001 256.0 0
  201.923203 224.0 0
  201.977066 72.0 0
  202.046082 140.0 0
  202.049652 1228.0 0
  202.14549300000002 108.0 0
  202.197678 140.0 0
  202.344629 681.0 0
  202.396332 212.0 0
  202.52507 76.0 0
  202.547302 11.54789 0
  202.607941 64.0 0
  202.640747 140.0 0
  202.834167 192.0 0
  203.027924 469.0 0
  203.055405 136.0 0
  203.05801400000001 2127.0 0
  203.066345 396.0 0
  203.07212800000002 132.0 0
  203.081818 144.0 0
  203.160065 140.0 0
  203.959213 60.0 0
  203.97023000000002 29.67975 0
  203.98654200000001 156.0 0
  204.01443500000002 11991.209961 1
  204.060349 152.0 0
  204.07215200000002 1707.0 0
  204.07428000000002 360.0 0
  204.08204700000002 168.0 0
  204.11595200000002 136.0 0
  204.160095 124.0 0
  204.455215 124.0 0
  204.67279100000002 144.0 0
  204.73967000000002 188.0 0
  204.91745 180.0 0
  204.940536 188.0 0
  204.98058400000002 183.0 0
  205.035675 2093.0 0
  205.040887 413.0 0
  205.046685 7390.0 0
  205.05200200000002 156.0 0
  205.060425 204.0 0
  205.07506700000002 108.0 0
  205.232727 64.0 0
  205.351608 104.0 0
  205.403625 40.0 0
  205.454071 120.0 0
  205.801254 236.0 0
  205.913727 36.0 0
  206.018997 702512.0 35
  206.08810400000002 144.0 0
  206.187866 164.0 0
  206.322281 60.0 0
  206.48233000000002 216.0 0
  206.622711 144.0 0
  206.66064500000002 136.0 0
  206.793182 168.0 0
  206.819504 8.0 0
  206.84314 144.0 0
  207.029144 176.0 0
  207.059525 292.0 0
  207.07496600000002 216.0 0
  207.111099 512.0 0
  207.11582900000002 352.309387 0
  207.71966600000002 140.0 0
  207.887909 40.0 0
  207.951096 96.0 0
  207.970688 164.0 0
  207.986725 1.841837 0
  208.06199600000002 369750.0 19
  208.117218 408.0 0
  208.14163200000002 392.0 0
  208.22673 128.0 0
  208.33779900000002 156.0 0
  208.882858 124.0 0
  208.90712000000002 140.0 0
  208.954712 56.0 0
  209.094269 2531.0 0
  209.120499 76.0 0
  209.199814 84.0 0
  209.31573500000002 128.0 0
  209.38342300000002 3.463735 0
  209.694611 124.0 0
  209.80070500000002 96.0 0
  210.030914 538142.0 27
  210.06002800000002 3493.0 0
  210.08126800000002 296.0 0
  210.09565700000002 44.0 0
  210.30349700000002 192.0 0
  210.58029200000001 260.0 0
  210.881271 112.0 0
  210.997879 128.0 0
  211.024841 856.0 0
  211.05685400000002 1161.0 0
  211.10861200000002 41.452911 0
  211.14238 111580.0 6
  211.62600700000002 76.0 0
  211.711746 192.0 0
  211.783188 176.0 0
  211.883224 5.422101 0
  211.932739 44.0 0
  212.034241 35065.0 2
  212.190125 76.0 0
  212.47473200000002 132.0 0
  212.660614 92.0 0
  212.951675 156.0 0
  212.969254 216.0 0
  212.977914 104.0 0
  213.016983 156.0 0
  213.065811 128.0 0
  213.08800000000002 1.0 0
  213.132858 108.0 0
  213.14982600000002 212.0 0
  213.186798 27.004629 0
  213.350922 164.0 0
  213.373199 124.0 0
  213.548508 108.0 0
  213.554504 72.0 0
  213.657715 144.0 0
  213.676727 148.0 0
  213.739532 84.0 0
  213.865005 104.0 0
  214.060745 276.0 0
  214.083664 2760.0 0
  214.181396 176.0 0
  214.650528 156.0 0
  214.69253500000002 2.167659 0
  214.744492 192.0 0
  215.03808600000002 152.0 0
  215.049438 192.0 0
  215.105606 54022.0 3
  215.10929900000002 172.0 0
  215.122086 60.0 0
  215.17291300000002 136.0 0
  215.176361 126.0 0
  215.243225 29.643681 0
  215.36535600000002 68.0 0
  215.371033 160.0 0
  215.469955 56.0 0
  215.481445 220.0 0
  215.950378 192.0 0
  216.050735 680.0 0
  216.11142 160.0 0
  216.326401 320.0 0
  216.33496100000002 160.0 0
  216.720078 216.0 0
  216.836456 100.0 0
  217.081345 200.0 0
  217.110947 2879.0 0
  217.12080400000002 140.0 0
  217.142822 2216.0 0
  217.147568 128.0 0
  217.176828 326.0 0
  217.23803700000002 44.0 0
  217.293304 184.0 0
  217.30058300000002 104.0 0
  217.320358 21.153971 0
  217.34802200000001 60.0 0
  217.358261 17.778851 0
  217.901978 200.0 0
  217.93772900000002 240.0 0
  217.967545 16288.0 1
  218.165649 148.0 0
  218.378601 168.0 0
  218.514847 144.0 0
  218.59019500000002 8.081897 0
  218.744888 100.0 0
  218.99292 172.0 0
  219.046967 18781.0 1
  219.067474 768.0 0
  219.07041900000002 476.0 0
  219.072845 188.0 0
  219.11531100000002 156.0 0
  219.12338300000002 68.0 0
  219.139664 192.0 0
  219.535706 196.0 0
  219.6698 164.0 0
  219.683212 168.0 0
  219.90870700000002 132.0 0
  220.083878 180.0 0
  220.53566 196.0 0
  220.76387 72.0 0
  220.88900800000002 12470.0 1
  221.039062 188.0 0
  221.05570300000002 180.0 0
  221.06637600000002 235740.0 12
  221.077652 128.0 0
  221.118469 184.0 0
  221.139038 164.0 0
  221.572327 144.0 0
  221.668854 208.0 0
  222.02645900000002 160.0 0
  222.07702600000002 116.0 0
  222.090683 740.0 0
  222.107178 40.138 0
  222.139709 168.0 0
  222.230881 52.0 0
  222.243118 100.0 0
  222.310776 184.0 0
  222.38595600000002 212.0 0
  222.76532 44.0 0
  222.93133500000002 108.0 0
  222.962906 92.0 0
  222.991913 85167.0 4
  223.013916 208.0 0
  223.01980600000002 196.0 0
  223.027557 164.0 0
  223.084183 1207.0 0
  223.34504700000002 144.0 0
  223.443588 132.0 0
  224.070663 1728.0 0
  224.335083 11525.0 1
  224.368866 128.0 0
  224.395996 72.0 0
  224.45687900000001 132.0 0
  224.488739 112.0 0
  224.491791 184.0 0
  224.512863 27.44231 0
  224.630524 28.0 0
  224.776917 36.0 0
  225.121002 148.0 0
  225.13798500000001 192.0 0
  225.643265 4.333333 0
  225.85131800000002 116.0 0
  226.02847300000002 14793.0 1
  226.053391 648.0 0
  226.061768 356.0 0
  226.065186 456.0 0
  226.82504300000002 196.0 0
  226.979309 34.620571 0
  226.99670400000002 156.0 0
  227.00846900000002 144.0 0
  227.031357 164.0 0
  227.115753 288.0 0
  227.261276 168.0 0
  227.39115900000002 140.0 0
  227.471283 172.0 0
  227.48354500000002 144.0 0
  227.61935400000002 92.0 0
  227.70079 104.0 0
  227.95922900000002 120.0 0
  227.96571400000002 192.0 0
  228.048813 140.0 0
  228.05612200000002 5276.0 0
  228.213684 3.673611 0
  228.28697200000002 84.0 0
  228.844849 120.0 0
  228.96850600000002 120.0 0
  228.971573 20.612341 0
  228.99400300000002 140.0 0
  229.042419 717.0 0
  229.11166400000002 890.0 0
  229.12158200000002 140.0 0
  229.19404600000001 268.0 0
  229.80645800000002 56.0 0
  229.873505 144.0 0
  229.91566500000002 164.0 0
  230.022903 156.0 0
  230.082626 1320.0 0
  230.112488 152.0 0
  230.36882 112.0 0
  230.430374 72.0 0
  230.501068 60.0 0
  230.669708 172.0 0
  230.792694 128.0 0
  230.902557 164.0 0
  230.964142 387.050201 0
  231.016342 196.0 0
  231.025009 600.0 0
  231.060577 15696.0 1
  231.07106000000002 732.0 0
  231.102 1.0 0
  231.517456 188.0 0
  231.87432900000002 156.0 0
  231.964233 180.0 0
  232.07118200000002 3774.813721 0
  232.881699 108.0 0
  233.102158 144.0 0
  233.11058 200.0 0
  233.118256 29.43259 0
  233.26100200000002 80.0 0
  233.52688600000002 136.0 0
  233.53143300000002 236.0 0
  233.967682 14.6832 0
  234.008972 140.0 0
  234.168259 144.0 0
  234.17544600000002 120.0 0
  234.63472000000002 208.0 0
  234.704071 116.0 0
  234.877701 19.66118 0
  234.975433 111.516899 0
  235.015869 136.0 0
  235.050934 176.0 0
  235.07591200000002 188.0 0
  235.10949100000002 240.0 0
  235.113403 196.0 0
  235.126282 156.0 0
  235.520462 104.0 0
  235.56601 52.0 0
  235.58931 144.0 0
  235.92480500000002 64.0 0
  235.935822 691.0 0
  236.024368 184.0 0
  236.133743 228.0 0
  236.15596000000002 13.66964 0
  236.17326400000002 164.0 0
  236.223862 56.0 0
  236.334213 160.0 0
  236.833344 156.0 0
  237.106613 236.0 0
  237.11488300000002 748.0 0
  237.50386 52.0 0
  237.525482 144.0 0
  237.537155 84.0 0
  237.572189 36.0 0
  237.635727 3.541667 0
  237.729782 108.0 0
  237.795792 128.0 0
  237.81805400000002 64.0 0
  238.02778600000002 108105.0 5
  238.049774 164.9617 0
  238.09454300000002 164.0 0
  238.112122 22.008039 0
  238.38081400000002 72.0 0
  238.410461 60.0 0
  238.512299 176.0 0
  238.917099 108.0 0
  239.06817600000002 284.0 0
  239.124719 388.0 0
  239.175827 140.0 0
  239.460037 144.0 0
  239.604599 332.0 0
  239.84904500000002 128.0 0
  239.89454700000002 19.225 0
  239.915054 184.0 0
  239.928268 96.0 0
  240.067215 1016.0 0
  240.112122 128.0 0
  240.136414 176.0 0
  240.14935300000002 72.555199 0
  240.414749 80.0 0
  240.930725 148.0 0
  241.088715 164.0 0
  241.106613 204.0 0
  241.180206 160.0 0
  241.300644 104.0 0
  241.31822200000002 4.23869 0
  241.408447 180.0 0
  241.422897 6.061422 0
  241.43507400000001 68.0 0
  241.47610500000002 168.0 0
  241.487885 16.71011 0
  241.531296 148.0 0
  241.54719500000002 48.0 0
  241.76010100000002 20.0 0
  241.76947 76.0 0
  242.016312 116.0 0
  242.04274 136.0 0
  242.742279 96.0 0
  242.79324300000002 1130.0 0
  242.965576 52.0 0
  243.094696 192.0 0
  243.099869 3886.0 0
  243.12802100000002 25.31019 0
  243.135178 280.0 0
  243.150238 128.0 0
  243.16751100000002 292.0 0
  243.306564 2.816667 0
  243.585068 100.0 0
  244.005646 172.0 0
  244.028885 152.0 0
  244.047806 206.0 0
  244.082657 168.0 0
  244.27018700000002 148.0 0
  244.759995 13.66331 0
  244.953674 72.0 0
  245.077316 776.0 0
  245.088776 48.0 0
  245.115067 56.0 0
  245.49678 240.0 0
  246.025879 76.0 0
  246.074005 80.0 0
  246.100922 1580.0 0
  246.10449200000002 444.0 0
  246.112457 196.0 0
  246.154999 168.0 0
  246.15776100000002 152.0 0
  246.38295000000002 28.63868 0
  246.45018000000002 104.0 0
  246.453964 48.0 0
  246.50058 72.0 0
  246.71481300000002 60.0 0
  246.825531 152.0 0
  246.960617 132.0 0
  247.009332 17040.0 1
  247.085617 1888.0 0
  247.09057 1148.0 0
  247.126633 273216.0 14
  247.25 1.579765 0
  247.483002 156.0 0
  247.492279 172.0 0
  247.557816 220.0 0
  247.572046 200.0 0
  248.05517600000002 204.0 0
  248.068878 176.0 0
  248.09239200000002 54.059311 0
  248.103287 52.0 0
  248.118423 54209.0 3
  248.42137100000002 36.0 0
  248.580597 92.0 0
  249.03666700000002 568.0 0
  249.16000400000001 212.0 0
  249.281357 140.0 0
  249.316696 76.0 0
  249.357941 92.0 0
  249.847687 164.0 0
  249.90150500000001 144.0 0
  249.929688 216.0 0
  250.063019 4522.0 0
  250.070221 256.0 0
  250.118652 4872.0 0
  250.155267 164.0 0
  250.39180000000002 132.0 0
  250.77499400000002 172.0 0
  250.870056 228.0 0
  250.991712 315.0 0
  250.99923700000002 32.0 0
  251.02499400000002 160.0 0
  251.10247800000002 132.0 0
  251.114044 8538.0 0
  251.139664 48.436741 0
  251.324387 68.0 0
  251.57302900000002 84.0 0
  251.651962 144.0 0
  251.8526 136.0 0
  251.876068 36.0 0
  251.968491 7.517045 0
  252.017877 10366.0 1
  252.039307 420.0 0
  252.064377 71.098389 0
  252.079971 228.0 0
  252.150909 160.0 0
  252.20254500000001 104.0 0
  252.320389 4.15 0
  252.37849400000002 64.0 0
  252.517349 120.0 0
  252.947052 196.0 0
  253.08908100000002 156.0 0
  253.370071 112.0 0
  253.43626400000002 160.0 0
  253.486649 36.0 0
  254.05264300000002 240.0 0
  254.074631 593462.0 30
  254.12840300000002 4816.0 0
  254.60900900000001 132.0 0
  254.817245 76.0 0
  254.922592 188.0 0
  255.012451 264.0 0
  255.09523000000002 496.0 0
  255.118286 1304.0 0
  255.153183 144.0 0
  255.172989 392.0 0
  255.84166000000002 116.0 0
  255.913513 104.0 0
  255.995819 120.0 0
  256.061676 292.0 0
  256.136407 148.0 0
  256.186395 228.0 0
  256.206268 528.0 0
  256.211273 216.0 0
  256.41748 272.0 0
  256.476105 76.0 0
  256.495361 104.0 0
  256.50305199999997 152.0 0
  256.561554 13.04938 0
  256.824036 220.0 0
  256.841705 228.0 0
  257.01266499999997 96.0 0
  257.019098 311.0 0
  257.036682 68.0 0
  257.072144 185.968994 0
  257.14624 2207.0 0
  257.245453 516.0 0
  257.55303999999995 168.0 0
  257.61377 160.0 0
  257.70104999999995 108.0 0
  257.82104499999997 40.0 0
  257.99670399999997 848.0 0
  258.01895099999996 140.0 0
  258.05307 1448.0 0
  258.097473 184.0 0
  258.163116 212.0 0
  258.197815 156.0 0
  258.339539 80.0 0
  258.98013299999997 104.0 0
  259.07345599999996 120.0 0
  259.105164 584.0 0
  259.162598 244.0 0
  259.204193 1600.0 0
  259.81353099999995 200.0 0
  259.860138 164.0 0
  260.08813499999997 116.0 0
  260.14352399999996 52.285782 0
  260.46108999999996 52.0 0
  260.90631099999996 150.743103 0
  260.99176 272.0 0
  260.998993 160.0 0
  261.01861599999995 242.0 0
  261.11055899999997 24733.0 1
  261.116608 264.0 0
  261.138062 320.0 0
  261.170349 23.707319 0
  261.526398 68.0 0
  261.93395999999996 800.0 0
  261.957153 152.0 0
  262.05499299999997 1532175.0 77
  262.17123399999997 1095.642944 0
  262.51889 164.0 0
  262.835083 68.0 0
  263.033051 144.0 0
  263.070007 128.0 0
  263.07547 148.0 0
  263.49380499999995 54.809059 0
  263.65158099999996 156.0 0
  263.696686 144.0 0
  263.82577499999996 6.315132 0
  264.046539 140.0 0
  264.09726 408.0 0
  264.14209 84.0 0
  264.255005 68.0 0
  264.56091299999997 148.0 0
  264.577209 176.0 0
  265.05612199999996 108.0 0
  265.07611099999997 84.0 0
  265.122461 2320.0 0
  265.13467399999996 288.0 0
  265.226318 148.0 0
  265.275513 160.0 0
  265.386017 188.0 0
  265.767181 76.0 0
  266.05355799999995 156.0 0
  266.11569199999997 308.0 0
  266.11888999999996 128.0 0
  266.13330099999996 220.0 0
  266.53610199999997 2.060049 0
  266.766907 188.0 0
  266.85272199999997 68.0 0
  267.038666 200.0 0
  267.049957 176.0 0
  267.058044 336.0 0
  267.079315 10.54054 0
  267.08874499999996 10.20833 0
  267.177704 20.007351 0
  267.184875 2239.0 0
  267.34570299999996 68.0 0
  267.639679 4248.0 0
  267.901825 112.0 0
  268.077789 132.0 0
  268.334991 36.0 0
  268.546112 156.0 0
  268.774048 96.0 0
  269.082031 41980.0 2
  269.557526 176.0 0
  269.772705 156.0 0
  270.00620799999996 161.0 0
  270.023987 132.0 0
  270.065887 172.0 0
  270.117004 1.1181888E7 564
  270.146234 648.0 0
  270.16033899999996 148.0 0
  270.197235 132.0 0
  270.260254 280.0 0
  270.338623 84.0 0
  270.597382 144.0 0
  270.93875099999997 784.0 0
  270.99105799999995 212.0 0
  271.104065 188.0 0
  271.11553999999995 39.483212 0
  271.143402 304.0 0
  271.26422099999996 7.228571 0
  271.81503299999997 116.0 0
  271.871155 52.0 0
  271.95617699999997 1778.719727 0
  271.97137499999997 204.0 0
  272.29470799999996 168.0 0
  272.42028799999997 60.0 0
  272.522491 156.0 0
  272.685211 156.0 0
  272.72955299999995 108.0 0
  272.83453399999996 40.0 0
  273.226776 180.0 0
  273.236725 104.0 0
  273.35101299999997 23.88306 0
  273.363708 40.0 0
  273.386261 104.0 0
  273.67334 68.0 0
  274.200317 28.0 0
  274.241882 28.0 0
  274.518494 228.0 0
  274.585327 128.0 0
  274.591858 184.0 0
  274.787384 160.0 0
  275.05447399999997 784.0 0
  275.149933 148.0 0
  275.416809 80.0 0
  275.73590099999996 8.810714 0
  276.045868 252.0 0
  276.635315 136.0 0
  276.803674 64.0 0
  276.968506 112.0 0
  277.040039 5992.0 0
  277.047394 28.0 0
  277.05920399999997 5120.0 0
  277.082764 2972.0 0
  277.099084 1275.0 0
  277.401459 176.0 0
  277.657562 156.0 0
  278.12170399999997 1172.0 0
  278.129669 52.35556 0
  278.144318 3.760417 0
  278.245972 35.0928 0
  278.412109 120.0 0
  278.54711899999995 152.0 0
  278.96759 144.0 0
  279.09225499999997 80.0 0
  279.205719 220.0 0
  279.80679299999997 120.0 0
  279.862549 180.0 0
  280.06634499999996 148.0 0
  280.210205 116.0 0
  280.22705099999996 148.0 0
  280.550079 44.0 0
  280.77950999999996 144.0 0
  281.127838 536.0 0
  281.14885799999996 424.0 0
  281.226074 260.0 0
  281.279077 152.0 0
  281.512634 49.434319 0
  281.830963 160.0 0
  281.97226 144.0 0
  282.294556 212.0 0
  282.413025 8.755208 0
  282.73117099999996 49.6562 0
  282.996002 176.0 0
  283.03328799999997 228.0 0
  283.037781 212.0 0
  283.13205 625.0 0
  283.16189599999996 528.0 0
  283.19656399999997 216.0 0
  283.306427 152.0 0
  283.93600499999997 48.0 0
  283.980804 164.0 0
  284.136688 24372.070312 1
  284.32254 10.34205 0
  284.340302 22.326611 0
  284.348907 284.0 0
  284.397705 192.0 0
  285.276733 164.0 0
  285.365662 5.001984 0
  285.51251199999996 112.0 0
  285.537079 64.0 0
  285.91265899999996 80.0 0
  285.923767 76.0 0
  286.00787399999996 22.69231 0
  286.02248499999996 908.0 0
  286.24197399999997 88.0 0
  286.95516999999995 68.0 0
  287.054443 84.0 0
  287.101074 244.0 0
  287.149658 64.0 0
  287.198151 176.0 0
  287.284271 156.0 0
  287.407898 156.0 0
  288.15799 116.0 0
  288.3284 104.0 0
  288.374176 84.0 0
  288.84939599999996 160.0 0
  289.051544 40.011909 0
  289.225128 120.0 0
  289.233887 88.0 0
  289.344391 180.0 0
  289.512573 48.0 0
  289.896027 56.0 0
  290.133423 26.0056 0
  290.817993 127.0 0
  290.877686 180.0 0
  291.060388 1463.0 0
  291.13827499999996 131.155197 0
  291.539612 260.0 0
  292.05877699999996 152.0 0
  292.082153 98.398582 0
  292.090607 244.0 0
  292.133667 424.0 0
  292.407745 52.0 0
  292.443756 28.046511 0
  293.46463 104.0 0
  294.065887 104.0 0
  294.517426 156.0 0
  294.580536 128.0 0
  294.895813 216.0 0
  295.099701 1560.0 0
  295.165771 188.0 0
  295.183899 92.0 0
  295.220886 11.14682 0
  295.231049 140.0 0
  295.287292 3.916667 0
  296.06582599999996 184.0 0
  296.13226299999997 120.0 0
  296.17672699999997 15.0 0
  296.29693 2076.0 0
  296.352777 152.0 0
  297.348633 160.0 0
  297.38055399999996 76.0 0
  297.62463399999996 40.0 0
  297.80740399999996 1571.0 0
  297.92629999999997 5.669445 0
  297.99093 156.0 0
  298.10565199999996 132284.0 7
  298.12762499999997 23241.0 1
  298.303009 188.0 0
  298.460938 7.659314 0
  298.516174 72.0 0
  298.599335 136.0 0
  298.79049699999996 168.0 0
  298.900696 144.0 0
  299.048584 604.0 0
  299.161652 2501.0 0
  299.25351 124.0 0
  299.82836899999995 176.0 0
  299.97506699999997 168.0 0
  300.111535 168.0 0
  300.14502 112.0 0
  300.155334 337.15271 0
  300.467194 164.0 0
  300.56762699999996 132.0 0
  300.646973 224.0 0
  301.235352 68.0 0
  301.786499 148.0 0
  302.02889999999996 132.0 0
  302.076752 68.0 0
  302.177063 188.0 0
  302.19622799999996 176.0 0
  302.953644 88.0 0
  303.147583 60.0 0
  303.165009 64.0 0
  303.58282499999996 56.0 0
  304.09167499999995 180.0 0
  304.10617099999996 104.0 0
  304.30371099999996 1261.0 0
  304.469604 152.0 0
  304.903503 136.0 0
  305.08102399999996 192.0 0
  305.133453 20.40761 0
  305.166382 872.0 0
  305.442474 7.041667 0
  305.512115 68.0 0
  306.160217 656.0 0
  306.955475 116.0 0
  306.99423199999995 12.07184 0
  307.032745 28.0 0
  307.689331 8.748334 0
  307.93823199999997 40.0 0
  308.05773899999997 140.0 0
  308.089386 176.0 0
  308.361816 204.0 0
  308.416992 44.0 0
  308.756439 212.0 0
  308.907898 176.0 0
  308.928247 164.0 0
  309.118042 8500.0 0
  309.14318799999995 4788.0 0
  309.18240399999996 420.0 0
  309.20162999999997 224.0 0
  309.320068 68.0 0
  309.612335 216.0 0
  309.695435 104.0 0
  310.49917 152.0 0
  310.639709 52.0 0
  310.996307 44.0 0
  311.083221 555.0 0
  311.117432 124.0 0
  311.60574299999996 192.0 0
  312.174988 168.0 0
  312.32424899999995 208.0 0
  312.358185 76.0 0
  312.605103 100.0 0
  312.69046 60.0 0
  312.800385 88.0 0
  313.041589 315.0 0
  313.161682 184.0 0
  313.175507 92.0 0
  314.12298599999997 1.9794562E7 999
  314.465759 176.0 0
  315.014954 28.0 0
  315.148132 120.0 0
  316.08041399999996 29.524078 0
  316.125549 8.001437 0
  316.13751199999996 80.0 0
  317.15133699999996 80.0 0
  317.342224 44.0 0
  317.970245 208.0 0
  318.086456 228.0 0
  319.171265 1000.0 0
  319.835693 272.0 0
  319.853119 180.0 0
  320.810699 88.0 0
  320.970978 64.0 0
  321.19989 8.323276 0
  321.655243 104.0 0
  322.0 0.0 0
  322.23690799999997 140.0 0
  323.07379199999997 248.0 0
  323.11956799999996 148.0 0
  323.322113 308.0 0
  323.351471 40.0 0
  323.969818 4.333333 0
  324.230371 208.0 0
  325.141083 104.0 0
  325.195367 140.0 0
  325.49215699999996 92.0 0
  325.595734 40.0 0
  325.78362999999996 5.724359 0
  326.161835 192.0 0
  326.927582 33.383911 0
  327.04513499999996 2776.0 0
  327.26525899999996 168.0 0
  327.580902 80.0 0
  328.99697899999995 132.0 0
  329.55166599999995 136.0 0
  329.902039 168.0 0
  329.942474 156.0 0
  329.977203 156.0 0
  330.001556 56.0 0
  330.694824 196.0 0
  330.83334399999995 7.134368 0
  330.85553 176.0 0
  333.31311 2.580357 0
  333.569061 52.0 0
  333.72482299999996 88.0 0
  335.08221399999996 207.0 0
  335.30159899999995 168.0 0
  335.627136 52.0 0
  335.66033899999996 200.0 0
  335.668365 144.0 0
  336.82842999999997 144.0 0
  337.097443 981.0 0
  337.18533299999996 14.8 0
  337.754211 156.0 0
  337.994446 148.0 0
  338.065521 212.0 0
  338.963776 152.0 0
  339.500122 168.0 0
  339.61071799999996 156.0 0
  339.74004499999995 176.0 0
  340.10043299999995 132.0 0
  341.25293 160.0 0
  342.125427 84.304779 0
  342.21057099999996 172.0 0
  342.243256 88.0 0
  343.185089 52.0 0
  343.701172 1.911364 0
  343.75701899999996 64.0 0
  343.822327 164.0 0
  345.02910699999995 164.0 0
  345.632629 92.0 0
  345.81607099999997 100.0 0
  345.932892 160.0 0
  347.091522 164.0 0
  348.08334399999995 12.647814 0
  348.641663 120.0 0
  349.045746 120.0 0
  349.783997 144.0 0
  350.08959999999996 180.0 0
  350.139954 104.0 0
  351.327911 140.0 0
  352.5112 108.0 0
  352.57492099999996 208.0 0
  352.88879399999996 168.0 0
  352.89328 172.0 0
  353.06872599999997 1420.0 0
  353.10065699999996 467.0 0
  353.181702 104.0 0
  353.26818199999997 144.0 0
  353.347137 96.0 0
  353.351044 69.582817 0
  353.73718299999996 144.0 0
  354.01043699999997 148.0 0
  354.14291399999996 1744.0 0
  354.234948 136.0 0
  355.825134 192.0 0
  357.049286 460.0 0
  357.854004 104.0 0
  358.08599899999996 92.0 0
  358.12274199999996 144.0 0
  359.053436 88.0 0
  359.772491 23.67063 0
  360.092675 120.0 0
  360.880066 88.0 0
  361.128808 6072.0 0
  361.63168299999995 172.0 0
  361.69091799999995 116.0 0
  362.049225 224.0 0
  362.18463099999997 180.0 0
  362.228912 156.0 0
  362.311646 168.0 0
  362.81424 1555.0 0
  363.054596 92.0 0
  363.214074 192.0 0
  365.070923 148.0 0
  367.101312 737.0 0
  367.240906 2380.0 0
  367.277802 136.0 0
  367.835205 152.0 0
  368.239258 152.0 0
  368.451501 164.0 0
  368.528931 248.0 0
  369.15536499999996 124.0 0
  369.465942 116.0 0
  369.773956 88.0 0
  369.876923 76.0 0
  369.91857899999997 212.0 0
  370.126312 132.0 0
  370.140472 148.0 0
  370.27513999999996 756.0 0
  372.153076 172.0 0
  373.034943 176.0 0
  373.146545 300.0 0
  373.81369 128.0 0
  374.117889 84.0 0
  374.144012 11736.0 1
  375.268372 48.0 0
  376.317505 48.0 0
  377.179718 6272.0 0
  377.748993 140.0 0
  378.135651 60.0 0
  378.303589 156.0 0
  380.354156 8.847222 0
  381.07901 160.0 0
  382.11916499999995 144.0 0
  382.1586 220.0 0
  383.154053 2031.322998 0
  383.271478 10039.0 1
  383.510071 160.0 0
  383.59442099999995 208.0 0
  384.036438 4.5 0
  384.230682 576.52301 0
  384.309716 168.0 0
  384.895288 2255.0 0
  384.904968 72.0 0
  386.14309099999997 103.0 0
  386.343658 372.0 0
  386.35925299999997 140.0 0
  386.472961 36.0 0
  387.85092199999997 68.0 0
  388.18472299999996 204.0 0
  388.32672099999996 68.0 0
  389.149774 544.0 0
  389.162647 1.0 0
  389.933838 56.0 0
  390.477783 232.0 0
  391.05621299999996 252.0 0
  391.150665 768.0 0
  391.435883 112.0 0
  396.20034799999996 128.0 0
  396.835626 212.0 0
  397.211578 2261.346924 0
  398.89215099999996 6.049603 0
  400.16265899999996 25406.0 1
  401.88647499999996 148.0 0
  404.013641 152.0 0
  405.338287 416.0 0
  408.513672 144.0 0
  408.869415 116.0 0
  409.13485699999995 700.0 0
  409.643707 48.0 0
  410.26629599999995 928.0 0
  411.075287 1688.0 0
  411.252679 96.0 0
  411.269653 620.0 0
  412.51138299999997 204.0 0
  413.397675 176.0 0
  414.463104 48.0 0
  415.065545 1343.0 0
  415.361633 184.0 0
  416.954926 67.01709 0
  417.519226 1.278239 0
  419.186035 104.0 0
  420.380676 76.0 0
  421.068207 136.0 0
  421.10699999999997 1.0 0
  421.22369399999997 148.0 0
  421.286584 41645.0 2
  421.666077 44.0 0
  421.670349 56.0 0
  422.179871 216.0 0
  423.230927 640.0 0
//
