ACCESSION: CCMSLIB00000006068
RECORD_TITLE: decoy
DATE: 2015.11.20
AUTHORS: Administrator
LICENSE: CC BY-SA
CH$NAME: decoy
CH$COMPOUND_CLASS: Natural Product
CH$FORMULA: C8H8N2O3S
CH$EXACT_MASS: 212.02556311599997
CH$SMILES: N/A
CH$IUPAC: decoy
CH$LINK: N/A
AC$INSTRUMENT: decoy
AC$INSTRUMENT_TYPE: decoy
AC$MASS_SPECTROMETRY: MS_TYPE MS2
AC$MASS_SPECTROMETRY: ION_MODE POSITIVE
AC$MASS_SPECTROMETRY: COLLISION_ENERGY 10 V
MS$FOCUSED_ION: PRECURSOR_M/Z 213
MS$FOCUSED_ION: PRECURSOR_TYPE [M+H]+
PK$NUM_PEAK: 49
PK$PEAK: m/z int. rel.int.
  45.520103 232.0 279
  54.932579000000004 80.0 96
  56.036659 92.0 110
  62.857502000000004 208.0 250
  81.09285 168.0 202
  81.42240899999999 156.0 187
  95.623909 144.0 173
  96.071663 132.0 158
  97.086868 180.0 216
  97.968994 180.0 216
  98.05741099999999 228.0 274
  99.04776 528.0 634
  99.840363 148.0 178
  100.35250099999999 196.0 235
  101.43502 132.0 158
  103.45517 148.0 178
  104.06308 176.0 211
  107.624023 96.0 115
  110.02574899999999 240.0 288
  112.51437399999999 132.0 158
  114.05438199999999 22.157049 27
  117.130653 288.0 346
  117.404564 56.0 67
  126.023727 80.0 96
  126.172417 176.0 211
  126.26975999999999 44.0 53
  126.356918 160.0 192
  130.480942 96.0 115
  132.32818600000002 80.0 96
  133.55249 116.0 139
  144.76001000000002 148.0 178
  159.09300000000002 1.0 1
  160.530899 224.0 269
  162.69618200000002 180.0 216
  163.14381400000002 112.0 134
  163.44206200000002 176.0 211
  164.049515 172.0 207
  166.039841 168.0 202
  167.373825 3.000992 4
  168.08174200000002 100.0 120
  173.021271 156.0 187
  173.16201800000002 196.0 235
  183.069366 832.0 999
  184.112503 552.0 663
  186.765305 244.0 293
  192.042114 121.982101 146
  193.08195500000002 180.0 216
  209.07998700000002 71.387756 86
  213.03300000000002 1.0 1
//
