ACCESSION: CCMSLIB00000085480
RECORD_TITLE: decoy
DATE: 2015.11.20
AUTHORS: Administrator
LICENSE: CC BY-SA
CH$NAME: decoy
CH$COMPOUND_CLASS: Natural Product
CH$FORMULA: C20H26N2O2
CH$EXACT_MASS: 326.199428072
CH$SMILES: N/A
CH$IUPAC: decoy
CH$LINK: N/A
AC$INSTRUMENT: decoy
AC$INSTRUMENT_TYPE: decoy
AC$MASS_SPECTROMETRY: MS_TYPE MS2
AC$MASS_SPECTROMETRY: ION_MODE POSITIVE
AC$MASS_SPECTROMETRY: COLLISION_ENERGY 10 V
MS$FOCUSED_ION: PRECURSOR_M/Z 327
MS$FOCUSED_ION: PRECURSOR_TYPE [M+H]+
PK$NUM_PEAK: 1373
PK$PEAK: m/z int. rel.int.
  36.752664 148.0 0
  45.024887 172.0 0
  45.078449 216.0 0
  45.215553 52.0 0
  45.295052 152.0 0
  45.304375 152.0 0
  45.607555000000005 120.0 0
  45.73381 76.0 0
  47.406307 168.0 0
  47.753834000000005 44.0 0
  47.897453 172.0 0
  48.116714 172.0 0
  48.212589 56.0 0
  48.377651 128.0 0
  48.442425 172.0 0
  48.523869000000005 172.0 0
  48.562935 64.0 0
  49.2528 212.0 0
  49.384392 96.0 0
  49.439503 164.0 0
  49.581070000000004 196.0 0
  49.654385000000005 144.0 0
  49.764374000000004 160.0 0
  49.76899 164.0 0
  49.890263000000004 148.0 0
  49.935654 152.0 0
  49.983139 116.0 0
  50.032738 212.0 0
  50.477592 228.0 0
  50.694908 188.0 0
  51.002964 188.0 0
  51.480324 152.0 0
  52.320939 244.0 0
  53.778034 180.0 0
  53.792767000000005 132.0 0
  53.917805 184.0 0
  54.712933 180.0 0
  54.766434000000004 204.0 0
  55.099449 148.0 0
  55.163834 196.0 0
  55.184982 196.0 0
  55.262268 140.0 0
  55.431858 148.0 0
  55.52866 208.0 0
  55.620029 72.0 0
  55.643818 160.0 0
  55.988949 128.0 0
  56.105194000000004 164.0 0
  56.876926000000005 196.0 0
  57.179226 164.0 0
  58.062553 148.0 0
  58.457504 176.0 0
  58.491062 252.0 0
  58.527622 180.0 0
  58.858799000000005 200.0 0
  59.752869000000004 148.0 0
  59.821377 156.0 0
  59.907738 120.0 0
  60.552528 140.0 0
  60.902302 172.0 0
  60.956223 116.0 0
  61.554298 208.0 0
  61.735989000000004 152.0 0
  62.099983 48.0 0
  62.97654 92.0 0
  63.161999 196.0 0
  63.325928000000005 176.0 0
  63.694359 156.0 0
  64.018356 172.0 0
  64.866867 176.0 0
  65.099831 156.0 0
  65.193985 384.0 1
  65.35913099999999 172.0 0
  65.68897199999999 192.0 0
  66.13158399999999 84.0 0
  66.271912 140.0 0
  66.471848 156.0 0
  66.53125 152.0 0
  67.01525099999999 244.0 0
  67.622993 140.0 0
  68.004646 228.0 0
  68.696007 84.0 0
  68.78150199999999 148.0 0
  68.82624799999999 228.0 0
  69.075882 192.0 0
  69.167092 164.0 0
  69.35638399999999 324.0 1
  69.57150999999999 176.0 0
  69.61885099999999 100.0 0
  69.658791 224.0 0
  69.78899399999999 148.0 0
  69.935272 132.0 0
  70.415039 148.0 0
  70.659927 168.0 0
  71.287476 232.0 0
  71.604591 152.0 0
  72.059738 176.0 0
  72.22820999999999 60.0 0
  72.781708 164.0 0
  73.079399 172.0 0
  73.11521099999999 212.0 0
  74.02246099999999 200.0 0
  74.147804 152.0 0
  74.945793 320.0 1
  74.956482 164.0 0
  75.407539 104.0 0
  75.50591999999999 220.0 0
  76.33660099999999 144.0 0
  76.610374 212.0 0
  76.939819 148.0 0
  77.002663 180.0 0
  77.16551199999999 112.0 0
  77.335785 140.0 0
  78.10606399999999 216.0 0
  78.143936 152.0 0
  78.19195599999999 100.0 0
  78.222946 40.0 0
  78.858025 196.0 0
  79.26585399999999 176.0 0
  79.398422 184.0 0
  79.43466199999999 164.0 0
  79.473236 216.0 0
  79.82235 196.0 0
  80.502945 216.0 0
  80.969673 164.0 0
  81.138206 188.0 0
  81.23178899999999 196.0 0
  81.346223 152.0 0
  81.380333 180.0 0
  81.425896 116.0 0
  81.452271 180.0 0
  81.951263 152.0 0
  82.27972399999999 172.0 0
  82.747154 260.0 1
  83.029388 232.0 0
  83.142578 160.0 0
  83.22893499999999 128.0 0
  83.291412 156.0 0
  83.390518 176.0 0
  83.47031399999999 224.0 0
  83.493263 120.0 0
  83.516289 168.0 0
  83.737961 92.0 0
  83.824776 36.0 0
  83.87722799999999 136.0 0
  83.98897699999999 196.0 0
  84.456139 116.0 0
  84.47139 160.0 0
  84.578064 212.0 0
  85.10453 140.0 0
  85.116936 152.0 0
  85.25284599999999 196.0 0
  85.45213299999999 116.0 0
  85.89703399999999 260.0 1
  85.98563499999999 148.0 0
  86.12438999999999 144.0 0
  86.37760899999999 84.0 0
  86.913506 180.0 0
  87.288574 152.0 0
  87.64459199999999 144.0 0
  87.768402 176.0 0
  87.975105 244.0 0
  88.05390899999999 140.0 0
  88.26061299999999 84.0 0
  88.28821599999999 144.0 0
  88.296371 148.0 0
  88.336914 104.0 0
  88.515625 172.0 0
  88.592339 156.0 0
  88.638306 100.0 0
  89.01915699999999 152.0 0
  90.057465 152.0 0
  90.65355699999999 200.0 0
  90.68208299999999 200.0 0
  91.043053 304.0 1
  91.053574 3660.0 7
  91.05588499999999 784.0 2
  91.195267 248.0 0
  91.34990699999999 72.0 0
  91.399841 160.0 0
  92.279167 40.0 0
  92.45000499999999 156.0 0
  92.752922 108.0 0
  93.050331 120.0 0
  93.065956 364.0 1
  93.24492599999999 176.0 0
  93.635651 196.0 0
  93.714806 100.0 0
  93.832596 156.0 0
  94.06326299999999 152.0 0
  94.891182 152.0 0
  94.95696299999999 188.0 0
  95.013252 172.0 0
  95.01547199999999 208.0 0
  95.043381 156.0 0
  95.04924 544.0 1
  95.54360199999999 144.0 0
  95.552803 256.0 0
  95.55937999999999 160.0 0
  95.626205 64.0 0
  95.69730399999999 96.0 0
  95.97657 240.0 0
  96.057755 100.0 0
  96.31195799999999 148.0 0
  96.41043099999999 156.0 0
  96.489189 140.0 0
  96.714249 40.0 0
  96.844315 176.0 0
  96.851974 180.0 0
  96.93513499999999 240.0 0
  97.022064 132.0 0
  97.03596499999999 25.72024 0
  97.171646 188.0 0
  97.66027799999999 272.0 1
  97.71084599999999 148.0 0
  97.749619 192.0 0
  97.99844399999999 148.0 0
  98.05678599999999 380.0 1
  98.059372 180.0 0
  98.069458 196.0 0
  98.10182999999999 76.0 0
  98.16231499999999 180.0 0
  98.65892799999999 48.0 0
  98.95848099999999 120.0 0
  99.03495 276.0 1
  99.13402599999999 112.0 0
  99.36656199999999 176.0 0
  99.674202 140.0 0
  99.730583 120.0 0
  99.73634299999999 172.0 0
  99.76349599999999 120.0 0
  99.87544299999999 196.0 0
  100.25083199999999 100.0 0
  100.296303 108.0 0
  100.421661 140.0 0
  100.587234 60.0 0
  100.757561 164.0 0
  100.991806 168.0 0
  100.99563599999999 304.0 1
  101.06185199999999 196.0 0
  101.41815899999999 148.0 0
  101.583244 92.0 0
  101.698616 160.0 0
  101.853264 220.0 0
  101.949829 164.0 0
  102.19273399999999 160.0 0
  102.215195 76.0 0
  102.627037 140.0 0
  102.75619499999999 200.0 0
  102.789459 56.0 0
  102.980583 144.0 0
  103.133911 108.0 0
  103.463982 144.0 0
  103.867088 128.0 0
  104.10846699999999 204.0 0
  104.239159 68.0 0
  104.362068 116.0 0
  104.55380199999999 1.8 0
  104.649109 11.72727 0
  104.695488 212.0 0
  104.704613 176.0 0
  104.94893599999999 168.0 0
  105.05201699999999 160.0 0
  105.069527 144.0 0
  105.117874 52.0 0
  105.257004 56.0 0
  105.270477 136.0 0
  105.56163799999999 72.0 0
  105.69918799999999 192.0 0
  106.006439 88.0 0
  106.04525799999999 164.0 0
  106.32815599999999 148.0 0
  106.46079999999999 148.0 0
  106.484566 96.0 0
  106.501808 192.0 0
  106.51435099999999 208.0 0
  106.529167 2.568056 0
  106.53665199999999 132.0 0
  106.627769 56.0 0
  106.73786199999999 184.0 0
  106.92785599999999 116.0 0
  106.987946 168.0 0
  107.03796399999999 152.0 0
  107.048203 1280.0 2
  107.05484799999999 168.0 0
  107.088043 116.0 0
  107.21007499999999 68.0 0
  107.28208199999999 220.0 0
  107.48131599999999 248.0 0
  107.544235 40.0 0
  107.678787 168.0 0
  107.951347 88.0 0
  107.99262999999999 168.0 0
  108.046883 312.0 1
  108.07002299999999 200.0 0
  108.26696 37.5182 0
  108.51855499999999 10.40459 0
  108.770332 128.0 0
  108.77785499999999 196.0 0
  109.064827 144.0 0
  109.069611 180.0 0
  109.277496 55.004452 0
  109.98818999999999 152.0 0
  110.020471 152.0 0
  110.050468 168.0 0
  110.06017299999999 3685.099121 7
  110.60591099999999 188.0 0
  110.65235899999999 160.0 0
  110.686684 128.0 0
  110.90285499999999 72.0 0
  111.005226 324.0 1
  111.04560099999999 316.0 1
  111.047905 152.0 0
  111.08291 1896.0 4
  111.356827 172.0 0
  111.454185 188.0 0
  111.517761 200.0 0
  111.55697599999999 164.0 0
  111.643135 248.0 0
  111.738373 132.0 0
  111.758316 108.0 0
  111.761292 260.0 1
  112.01353499999999 152.0 0
  112.040504 164.0 0
  112.05204099999999 140.0 0
  112.60969499999999 168.0 0
  112.78459199999999 124.0 0
  112.906746 48.0 0
  112.915352 116.0 0
  113.10902399999999 44.0 0
  113.241531 200.0 0
  113.26952399999999 140.0 0
  113.334137 172.0 0
  113.646812 196.0 0
  113.73014099999999 172.0 0
  114.05454999999999 1080.0 2
  114.11595899999999 240.0 0
  114.19265 11.2612 0
  114.20021799999999 368.0 1
  114.275955 100.0 0
  114.374428 5.28125 0
  114.40117599999999 132.0 0
  114.404564 60.0 0
  114.993347 240.0 0
  115.02693199999999 152.0 0
  115.050011 3941.0 8
  115.05525999999999 224.0 0
  115.058731 180.0 0
  115.166496 376.0 1
  115.253479 72.0 0
  115.27797699999999 68.0 0
  115.57154799999999 52.0 0
  115.660553 152.0 0
  116.039383 184.0 0
  116.059708 200.0 0
  116.39737699999999 200.0 0
  116.428467 76.0 0
  116.526169 164.0 0
  116.93099199999999 204.0 0
  116.97605899999999 112.0 0
  117.13127899999999 144.0 0
  117.373741 68.0 0
  117.458176 144.0 0
  117.47404499999999 176.0 0
  117.49552899999999 180.0 0
  117.62707499999999 112.0 0
  117.664825 3.906703 0
  117.71096 184.0 0
  117.727509 164.0 0
  117.84178899999999 124.0 0
  117.950645 72.0 0
  118.07338 1160.0 2
  118.201965 9.0125 0
  118.349014 228.0 0
  118.39472199999999 396.0 1
  118.40650199999999 56.0 0
  118.429901 156.0 0
  118.44427499999999 220.0 0
  118.50827 100.0 0
  118.72758499999999 92.0 0
  118.899025 160.0 0
  119.04826399999999 6608.0 13
  119.113678 92.0 0
  119.160637 284.0 1
  119.183014 56.0 0
  119.307991 8.398026 0
  119.620926 32.0 0
  119.791687 52.0 0
  119.89926899999999 168.0 0
  119.97926299999999 212.0 0
  120.01915699999999 200.0 0
  120.037712 125.0 0
  120.0467 1040.0 2
  120.051491 1119.0 2
  120.057289 180.0 0
  120.08180999999999 652.0 1
  120.088203 812.0 2
  120.263832 7.386905 0
  120.382324 144.0 0
  120.43036699999999 26.19792 0
  120.445206 136.0 0
  120.98054499999999 188.0 0
  121.028053 584.0 1
  121.097656 9.041667 0
  121.13094299999999 32.0 0
  121.397278 12.96429 0
  121.426857 64.0 0
  121.551102 124.0 0
  121.728714 204.0 0
  122.074615 200.0 0
  122.08333599999999 10.125804 0
  122.136551 60.0 0
  122.45597099999999 128.0 0
  122.52308699999999 116.0 0
  122.77906 80.0 0
  122.967468 172.0 0
  122.98378 196.0 0
  123.04122199999999 5902.0 11
  123.067657 192.0 0
  123.085884 168.0 0
  123.10166199999999 140.0 0
  123.135353 180.0 0
  123.61144999999999 160.0 0
  123.868164 248.0 0
  124.09490199999999 208.0 0
  124.462791 100.0 0
  124.646126 8.312037 0
  124.86424299999999 116.0 0
  124.90406 172.0 0
  124.91572599999999 172.0 0
  124.922829 132.0 0
  125.02165199999999 148.0 0
  125.078812 160.0 0
  125.09612299999999 372.0 1
  125.20123299999999 128.0 0
  125.505348 30.725 0
  125.56768 216.0 0
  126.09564999999999 180.0 0
  126.11696599999999 168.0 0
  126.26106999999999 188.0 0
  126.411362 160.0 0
  126.566902 10.3447 0
  126.59285 192.0 0
  126.73211699999999 192.0 0
  126.84288 116.0 0
  126.857857 168.0 0
  127.02037 172.0 0
  127.055466 164.0 0
  127.076027 8856.0 17
  127.10730699999999 4.774123 0
  127.14673599999999 168.0 0
  127.17167699999999 136.0 0
  127.52874 168.0 0
  127.80751799999999 248.0 0
  127.826729 60.0 0
  127.986336 156.0 0
  128.047226 10.8442 0
  128.108353 40.0 0
  128.343124 41.8307 0
  128.503769 116.0 0
  128.606903 132.0 0
  128.691559 68.0 0
  128.763474 204.0 0
  128.965332 180.0 0
  128.986282 144.0 0
  129.071671 176.0 0
  129.471573 228.0 0
  129.57345600000002 248.0 0
  129.578644 136.0 0
  130.065018 156.0 0
  130.186798 108.0 0
  130.20304900000002 220.0 0
  130.42437700000002 144.0 0
  130.802155 360.0 1
  130.817856 92.0 0
  130.95181300000002 148.0 0
  130.982834 44.0 0
  131.05143700000002 160.0 0
  131.062317 976.0 2
  131.070267 10.69031 0
  131.076691 304.0 1
  131.13256800000002 200.0 0
  131.15683 152.0 0
  131.17124900000002 200.0 0
  131.48408500000002 180.0 0
  131.578384 108.0 0
  131.632462 228.0 0
  131.943192 152.0 0
  131.96701000000002 176.0 0
  132.042145 112.131302 0
  132.08020000000002 4500.0 9
  132.091003 168.0 0
  132.136581 132.0 0
  132.431137 208.0 0
  132.46360800000002 76.0 0
  132.61982700000002 19.624069 0
  132.71850600000002 228.0 0
  132.743683 224.0 0
  132.872208 272.0 1
  132.971619 11.2608 0
  133.09513900000002 76.0 0
  133.159454 52.0 0
  133.425644 13.85195 0
  133.59359700000002 5.833759 0
  133.692825 156.0 0
  133.774506 88.0 0
  133.812164 216.0 0
  134.104691 196.0 0
  134.126099 40.0 0
  134.145981 62.548 0
  134.218277 80.0 0
  134.22937000000002 40.0 0
  134.251053 188.0 0
  134.452042 56.0 0
  134.471924 10.33136 0
  134.54757700000002 156.0 0
  134.670624 200.0 0
  134.689896 220.0 0
  134.757034 168.0 0
  134.982941 132.0 0
  135.006775 598.0 1
  135.05513000000002 15.45833 0
  135.433212 132.0 0
  135.636795 136.0 0
  135.805664 52.0 0
  135.83107 184.0 0
  135.990494 92.0 0
  136.074432 522.0 1
  136.125626 160.0 0
  136.167496 156.0 0
  136.392929 156.0 0
  136.490204 11.0 0
  136.52023300000002 160.0 0
  136.52482600000002 136.0 0
  136.53981000000002 168.0 0
  136.96196 180.0 0
  136.98782300000002 148.0 0
  137.006302 136.0 0
  137.043808 252.0 0
  137.05950900000002 25.002451 0
  137.11978100000002 84.0 0
  137.908081 164.0 0
  138.060135 219.0 0
  138.079697 168.0 0
  138.08242800000002 120.0 0
  138.093002 464.0 1
  138.28041100000002 144.0 0
  138.60522500000002 252.0 0
  138.68306 160.0 0
  138.93661500000002 144.0 0
  139.012863 732.0 1
  139.053619 212.0 0
  139.074097 156.0 0
  139.07702600000002 10.67064 0
  139.13858000000002 176.0 0
  139.35617100000002 172.0 0
  139.38145400000002 144.0 0
  140.062027 232.0 0
  140.08415200000002 160.0 0
  140.105209 128.0 0
  140.295792 132.0 0
  140.337418 152.0 0
  140.37622100000002 14.96014 0
  140.662628 128.0 0
  140.781616 180.0 0
  140.811768 224.0 0
  140.874619 144.0 0
  140.885818 192.0 0
  140.905899 196.0 0
  141.04478500000002 296.0 1
  141.066217 220.0 0
  141.467163 152.0 0
  141.682739 180.0 0
  141.68571500000002 168.0 0
  141.89274600000002 136.0 0
  141.912811 56.0 0
  142.077829 144.0 0
  142.13092 172.0 0
  142.45137 40.0 0
  142.489685 128.0 0
  142.55860900000002 56.0 0
  142.78744500000002 44.0 0
  142.83287 96.0 0
  143.029358 100.0 0
  143.043228 2041.0 4
  143.058273 188.0 0
  143.071884 380.0 1
  143.1595 340.0 1
  143.282105 52.0 0
  143.29422 44.0 0
  143.638458 188.0 0
  144.05659500000002 348.0 1
  144.072525 4957.0 10
  144.08178700000002 125092.0 244
  144.119705 128.0 0
  144.38136300000002 72.0 0
  144.439713 128.0 0
  144.905716 64.0 0
  145.05474900000002 200.0 0
  145.06485 2892.0 6
  145.21824600000002 48.0 0
  145.291962 208.0 0
  145.41734300000002 184.0 0
  145.61943100000002 112.0 0
  145.735275 116.0 0
  145.806046 68.0 0
  145.90493800000002 296.0 1
  146.06189 244.0 0
  146.067398 140.0 0
  146.078842 168.0 0
  146.10527000000002 3.586925 0
  146.16459700000001 6.335318 0
  146.280945 27.44907 0
  146.43391400000002 2.248077 0
  146.463455 180.0 0
  146.896835 52.0 0
  147.03504900000001 196.0 0
  147.08960000000002 100.0 0
  147.26460300000002 100.0 0
  147.38235500000002 144.0 0
  147.56436200000002 196.0 0
  147.810379 184.0 0
  147.828232 188.0 0
  147.972589 156.0 0
  147.99971000000002 180.0 0
  148.052155 7736.0 15
  148.055832 196.0 0
  148.064209 256.0 0
  148.114822 192.0 0
  148.366806 64.0 0
  148.831558 240.0 0
  149.01499900000002 512775.0 999
  149.022583 668.0 1
  149.035995 147171.0 287
  149.059479 712.0 1
  149.148438 156.0 0
  149.25984200000002 56.0 0
  149.58818100000002 208.0 0
  149.817352 148.0 0
  149.875565 240.0 0
  150.01753200000002 320.0 1
  150.210297 172.0 0
  150.283142 84.0 0
  150.659836 27.06798 0
  150.917627 140.0 0
  151.03486600000002 599.0 1
  151.123322 116.0 0
  151.146149 170.838501 0
  151.257111 64.0 0
  151.29817200000002 52.0 0
  151.38545200000002 228.0 0
  151.470291 144.0 0
  151.71701000000002 268.0 1
  151.86067200000002 160.0 0
  151.984619 22.654499 0
  152.02172900000002 336.0 1
  152.117432 144.0 0
  152.49606300000002 188.0 0
  152.565979 52.0 0
  152.619141 9.468333 0
  152.63642900000002 224.0 0
  152.73237600000002 140.0 0
  152.797119 28.003241 0
  152.854691 80.0 0
  152.895859 64.0 0
  152.97129800000002 156.0 0
  153.05323800000002 166.200302 0
  153.067001 572.0 1
  153.128946 180.0 0
  153.53015100000002 112.0 0
  153.56483500000002 132.0 0
  153.693115 60.0 0
  153.788116 148.0 0
  154.010162 312.0 1
  154.016464 1779.0 3
  154.03001400000002 128.0 0
  154.068207 1348.0 3
  154.153122 56.0 0
  154.318497 204.0 0
  154.32164 164.0 0
  155.078888 429.123505 1
  155.117706 136.0 0
  155.433838 228.0 0
  155.492905 136.0 0
  155.68193100000002 140.0 0
  155.773682 52.0 0
  156.01973 1860.0 4
  156.06367500000002 128.0 0
  156.078217 172.0 0
  156.203339 164.0 0
  156.447205 168.0 0
  156.551208 136.0 0
  156.673706 116.0 0
  156.741455 216.0 0
  156.752869 148.0 0
  156.778244 176.0 0
  157.084946 160.0 0
  157.102386 52.963242 0
  157.10878 160.0 0
  157.129547 196.0 0
  157.149551 20.934839 0
  157.364319 112.0 0
  157.460678 152.0 0
  157.57818600000002 2.678571 0
  157.667923 100.0 0
  158.049988 136.0 0
  158.06959500000002 332.0 1
  158.113708 200.0 0
  158.159714 124.0 0
  158.169861 64.0 0
  158.218735 192.0 0
  158.327225 1.347222 0
  158.776794 22.29702 0
  158.786041 184.0 0
  158.923798 144.0 0
  158.966583 176.0 0
  158.99288900000002 96.0 0
  159.04350300000002 884.0 2
  159.06495700000002 248.0 0
  159.118134 1508.0 3
  159.12188700000002 84.0 0
  159.17421000000002 52.0 0
  159.381729 104.0 0
  159.396332 200.0 0
  159.413971 7.224537 0
  159.48237600000002 124.0 0
  159.620712 140.0 0
  159.940506 156.0 0
  160.05484 184.0 0
  160.05891400000002 540.0 1
  160.072464 940.0 2
  160.319107 152.0 0
  160.79899600000002 128.0 0
  160.911865 88.0 0
  161.0224 1324.0 3
  161.038803 196.0 0
  161.05455 160.0 0
  161.06890900000002 13691.0 27
  161.07548500000001 140.0 0
  161.211395 108.0 0
  161.455948 60.0 0
  161.67897000000002 192.0 0
  162.026855 8657.0 17
  162.03015100000002 408.0 1
  162.05481 1260.0 2
  162.063141 244.0 0
  162.28212000000002 112.0 0
  162.373138 76.0 0
  162.433289 140.0 0
  162.471527 68.0 0
  162.4888 100.0 0
  162.73616 200.0 0
  162.839249 196.0 0
  163.03555300000002 330.0 1
  163.075287 172.0 0
  163.098038 184.0 0
  163.103867 156.0 0
  163.14416500000002 76.0 0
  163.313126 112.0 0
  163.357819 236.0 0
  163.56701700000002 3476.0 7
  163.715408 176.0 0
  164.06826800000002 84.0 0
  164.082809 80.0 0
  164.116394 632.0 1
  164.264191 132.0 0
  164.765015 176.0 0
  164.99653600000002 164.0 0
  165.08024600000002 108.0 0
  165.164093 4780.0 9
  165.256607 116.0 0
  165.830795 148.0 0
  165.89939900000002 176.0 0
  166.072937 108.0 0
  166.07560700000002 176.0 0
  166.21919300000002 4.005952 0
  166.22477700000002 144.0 0
  166.261154 144.0 0
  166.365509 76.0 0
  166.379196 152.0 0
  166.927399 48.0 0
  166.967484 152.0 0
  167.055664 291.0 1
  167.08543400000002 148.0 0
  167.617477 104.0 0
  167.752945 36.0 0
  167.830902 124.0 0
  167.850494 156.0 0
  167.907532 144.0 0
  168.00778200000002 42904.0 84
  168.034149 1873.0 4
  168.050766 140.0 0
  168.05345200000002 1287.0 3
  168.081329 140.0 0
  168.385025 120.0 0
  168.566284 44.0 0
  168.615158 148.0 0
  168.787842 200.0 0
  168.977722 108.0 0
  169.06658900000002 372.0 1
  169.10008200000001 428.0 1
  169.171402 44.0 0
  169.276337 204.0 0
  169.278793 68.0 0
  169.32579 184.0 0
  169.340317 92.0 0
  169.430511 108.0 0
  169.67572 32.0 0
  170.014847 68.0 0
  170.43266300000002 116.0 0
  170.561966 2.506944 0
  170.924789 112.0 0
  171.046021 208.0 0
  171.04911800000002 176.0 0
  171.09462000000002 160.0 0
  171.107483 204.0 0
  171.213425 36.0 0
  171.702042 104.0 0
  171.89677400000002 140.0 0
  171.98323100000002 140.0 0
  171.99501 28.0 0
  172.850235 244.0 0
  172.85965000000002 148.0 0
  172.97653200000002 168.0 0
  172.997833 44.0 0
  173.034561 148.0 0
  173.095383 566.0 1
  173.280716 5.814815 0
  173.371048 140.0 0
  173.384094 208.0 0
  173.39328 88.0 0
  173.729172 4.339286 0
  173.80470300000002 180.0 0
  174.067352 120.0 0
  174.084595 208.0 0
  174.118652 184.0 0
  174.37468 40.0 0
  174.572739 80.0 0
  175.034836 1738.0 3
  175.073181 180.0 0
  175.084 39774.0 77
  175.08931900000002 180.0 0
  175.186508 60.0 0
  175.855759 60.0 0
  176.035706 2978.0 6
  176.053741 304.0 1
  176.259094 180.0 0
  176.621094 68.0 0
  176.87413 36.0 0
  176.90901200000002 164.0 0
  176.98825100000002 80.0 0
  177.020309 188.0 0
  177.037125 152.0 0
  177.04736300000002 470.420288 1
  177.05304 148.0 0
  177.191742 10.11126 0
  177.26362600000002 40.24123 0
  177.292923 140.0 0
  177.551773 88.0 0
  177.85470600000002 148.0 0
  178.05925000000002 140.0 0
  178.061691 112.0 0
  178.07766700000002 3768.0 7
  178.145782 56.0 0
  178.15162700000002 104.0 0
  178.471161 116.0 0
  178.63699300000002 60.0 0
  178.652557 52.0 0
  178.76843300000002 116.0 0
  178.862381 176.0 0
  179.02243 196.0 0
  179.03457600000002 168.0 0
  179.161316 68.0 0
  179.17236300000002 132.0 0
  179.17558300000002 12.17069 0
  179.207809 196.0 0
  179.259903 160.0 0
  179.38720700000002 128.0 0
  179.685211 296.0 1
  179.779541 132.0 0
  180.04298400000002 112.0 0
  180.061798 164.0 0
  180.06620800000002 72.0 0
  180.087296 118.0 0
  180.186554 116.0 0
  181.047974 4221.0 8
  181.07376100000002 26.765631 0
  181.096451 1180.0 2
  181.327087 64.0 0
  181.717056 96.0 0
  182.07041900000002 96.0 0
  182.107559 420.0 1
  182.226456 32.0 0
  182.399857 96.0 0
  182.49276700000001 46.674568 0
  182.826324 6.314881 0
  182.82887300000002 905.0 2
  182.935394 64.0 0
  183.068039 300.0 1
  183.080002 1632.0 3
  183.282715 32.0 0
  183.365509 132.0 0
  184.06594800000002 1220.0 2
  184.072845 56.0 0
  184.088623 466.0 1
  184.23455800000002 188.0 0
  184.610229 52.0 0
  184.84445200000002 152.0 0
  184.904297 200.0 0
  184.95773300000002 60.0 0
  185.020767 84150.0 164
  185.067215 672.0 1
  185.641205 148.0 0
  186.02302600000002 9194.0 18
  186.071243 204.0 0
  186.283783 208.0 0
  186.47580000000002 52.0 0
  186.51821900000002 120.0 0
  186.78637700000002 152.0 0
  186.970764 160.0 0
  187.03654500000002 56.0 0
  187.055496 312.0 1
  187.09320100000002 102.0 0
  187.14672900000002 672.0 1
  187.56788600000002 160.0 0
  187.74241600000002 188.0 0
  187.78173800000002 108.0 0
  188.049835 328.0 1
  188.05676300000002 148.0 0
  188.126306 557.0 1
  188.147858 152.0 0
  188.15683 200.0 0
  188.467896 192.0 0
  188.76507600000002 124.0 0
  188.95195 104.0 0
  189.01593 204.0 0
  189.052841 2703.0 5
  189.060944 116.0 0
  189.198059 144.0 0
  189.412842 168.0 0
  189.534256 196.0 0
  189.85762 136.0 0
  190.02508500000002 168.0 0
  190.053345 164.0 0
  190.059738 612.0 1
  190.140717 168.0 0
  190.272491 176.0 0
  190.38081400000002 40.0 0
  191.043106 82407.0 161
  191.149475 280.0 1
  191.226028 176.0 0
  191.44078100000002 136.0 0
  191.60411100000002 88.0 0
  191.74937400000002 100.0 0
  192.19343600000002 196.0 0
  192.20013400000002 112.0 0
  192.295288 52.0 0
  192.37809800000002 84.0 0
  192.665909 156.0 0
  192.773727 52.0 0
  192.810944 152.0 0
  193.061691 48.0 0
  193.097916 676.0 1
  193.24205 96.0 0
  193.420609 140.0 0
  193.606888 144.0 0
  193.667221 308.0 1
  194.053879 993.480225 2
  194.121185 184.0 0
  194.17099000000002 108.0 0
  194.20874 180.0 0
  194.37489300000001 56.0 0
  194.43339500000002 88.0 0
  194.565399 48.0 0
  194.974838 132.0 0
  194.987366 334.905396 1
  195.015869 152.0 0
  195.069366 156.0 0
  195.074997 246874.0 481
  195.100433 16199.0 32
  195.102829 132.0 0
  195.169137 146.0 0
  195.566925 11883.669922 23
  195.801727 25.80357 0
  196.008072 264.0 1
  196.048676 1827.0 4
  196.196198 236.0 0
  196.266388 3.859509 0
  196.338257 72.0 0
  196.961716 120.0 0
  197.009811 124.0 0
  197.029709 244.0 0
  197.131897 280.0 1
  197.23822 68.0 0
  197.703964 44.0 0
  197.924393 128.0 0
  198.017044 132.0 0
  198.019296 140.0 0
  198.07960500000002 3679.0 7
  198.324265 84.0 0
  198.74916100000002 168.0 0
  198.83346600000002 124.0 0
  198.912155 48.0 0
  198.91828900000002 188.0 0
  199.396759 6.755645 0
  199.421616 48.0 0
  199.573318 44.0 0
  199.66592400000002 44.0 0
  199.682114 68.0 0
  199.808624 128.0 0
  199.883179 13.38007 0
  200.117538 288.0 1
  200.166672 1.338717 0
  200.1978 116.0 0
  200.729568 72.0 0
  200.840729 196.0 0
  201.072098 144.0 0
  201.08758500000002 23789.0 46
  201.337296 172.0 0
  201.717575 100.0 0
  202.057648 45318.0 88
  202.204376 64.0 0
  202.51881400000002 180.0 0
  202.995865 192.0 0
  203.024796 2055.0 4
  203.04097000000002 388.0 1
  203.100433 5611.0 11
  203.49263000000002 180.0 0
  203.91888400000002 80.0 0
  204.464249 244.0 0
  204.994446 48.0 0
  205.030594 7130.0 14
  205.088806 356.0 1
  205.10379 164.0 0
  205.204712 152.0 0
  205.382034 152.0 0
  206.021805 160.0 0
  206.04629500000001 176.0 0
  206.139343 168.0 0
  206.383026 156.0 0
  206.817703 116.0 0
  207.08406100000002 196.0 0
  207.092285 144.0 0
  207.15695200000002 96.0 0
  207.16893000000002 156.0 0
  207.76770000000002 140.0 0
  207.80294800000001 204.0 0
  207.824692 52.0 0
  208.044022 6275.0 12
  208.051086 132.0 0
  208.059006 446526.0 870
  208.15799 100.0 0
  208.320358 88.0 0
  208.49954200000002 48.0 0
  209.81839000000002 184.0 0
  210.060532 244.0 0
  210.11997300000002 2209.0 4
  210.34393300000002 1918.0 4
  210.43107600000002 172.0 0
  210.66403200000002 100.0 0
  210.77858 176.0 0
  211.06848100000002 220.0 0
  211.109552 240.0 0
  211.11698900000002 188.0 0
  211.16926600000002 124.0 0
  211.33406100000002 100.0 0
  211.768921 44.0 0
  212.018295 68.0 0
  212.040955 228.0 0
  212.059143 156.0 0
  212.72584500000002 80.0 0
  212.985229 288.0 1
  213.05722 184.0 0
  213.078003 32.0 0
  213.18026700000001 112.0 0
  213.31024200000002 248.0 0
  213.700592 204.0 0
  213.878265 7.2 0
  214.006516 196.0 0
  214.18524200000002 140.0 0
  214.31526200000002 140.0 0
  214.37141400000002 144.0 0
  214.774857 7.022223 0
  215.04946900000002 1658.0 3
  215.059906 172.0 0
  215.11836200000002 212.0 0
  215.458176 160.0 0
  216.0 10.555236 0
  216.014847 168.0 0
  216.108109 812.0 2
  216.518463 100.0 0
  216.88938900000002 68.0 0
  217.106445 816.0 2
  217.12189600000002 180.0 0
  217.63334700000001 192.0 0
  218.01898200000002 412.0 1
  218.165588 108.0 0
  218.20382700000002 140.0 0
  218.244843 132.0 0
  218.44281 48.0 0
  218.454025 156.0 0
  218.63751200000002 140.0 0
  218.933197 10.4777 0
  219.09187300000002 684.0 1
  219.209122 15.52083 0
  219.263977 52.0 0
  220.062286 120.0 0
  220.071136 220.0 0
  220.13218700000002 184.0 0
  220.14416500000002 184.0 0
  221.30174300000002 200.0 0
  221.305328 52.0 0
  221.542648 76.0 0
  222.105133 80.0 0
  222.278076 52.0 0
  223.15313700000002 164.0 0
  223.468948 204.0 0
  223.84414700000002 80.0 0
  224.04641700000002 804.0 2
  224.05685400000002 120.0 0
  224.231979 108.0 0
  224.760651 84.0 0
  224.92497300000002 200.0 0
  225.054001 1179.0 2
  225.090042 2388.0 5
  225.158676 736.0 1
  225.165085 152.0 0
  225.394989 124.0 0
  225.56947300000002 188.0 0
  225.766006 128.0 0
  226.40939300000002 228.0 0
  226.493439 132.0 0
  227.01709 132.0 0
  227.068802 16.660021 0
  227.369232 304.0 1
  227.576706 61.892921 0
  227.742264 180.0 0
  228.101807 96.0 0
  228.43026700000001 64.0 0
  228.481201 144.0 0
  229.022583 156.0 0
  229.37188700000002 196.0 0
  229.517639 52.0 0
  229.750946 172.0 0
  230.190628 164.0 0
  230.39540100000002 136.0 0
  230.462936 112.0 0
  230.882675 148.0 0
  230.887558 54.650871 0
  231.03569000000002 180.0 0
  231.07565300000002 496.0 1
  231.365891 124.0 0
  231.397858 136.0 0
  231.610428 180.0 0
  231.909622 68.0 0
  232.094864 3496.0 7
  232.96086100000002 184.0 0
  233.075363 17500.0 34
  233.111557 140.0 0
  233.152008 308.303497 1
  233.49321 132.0 0
  233.658981 12.00543 0
  233.78801 96.0 0
  234.02357500000002 164.0 0
  234.84913600000002 32.0 0
  234.92167700000002 160.0 0
  234.95607900000002 136.0 0
  235.090088 8.220109 0
  235.119934 46168.0 90
  235.13256800000002 36.78231 0
  235.224747 52.0 0
  237.651978 180.0 0
  237.948349 208.0 0
  238.09475700000002 220.0 0
  238.112167 84.0 0
  238.156891 384.0 1
  239.07840000000002 140.0 0
  239.11828 132.0 0
  239.14656100000002 28.674999 0
  240.061005 266069.0 518
  240.12574800000002 184.0 0
  240.51048300000002 100.0 0
  240.69841 280.0 1
  240.75708 132.0 0
  242.16592400000002 268.0 1
  243.011581 140.0 0
  243.07556200000002 140.0 0
  243.11436500000002 88.0 0
  243.59053 208.0 0
  243.67347700000002 76.0 0
  243.992096 68.0 0
  244.01622 140.0 0
  244.028961 224.0 0
  244.327805 188.0 0
  244.653809 160.0 0
  245.157394 116.0 0
  245.94168100000002 144.0 0
  246.166077 136.0 0
  246.735748 152.0 0
  246.807938 140.0 0
  246.993759 372.0 1
  247.012817 60.0 0
  247.047867 176.0 0
  247.824173 116.0 0
  248.048553 588.0 1
  248.929504 2.75 0
  248.977081 1516.0 3
  249.050644 156.0 0
  249.137131 164.0 0
  250.071304 180.0 0
  250.086975 12020.0 23
  250.628342 196.0 0
  251.05632 496.0 1
  251.123459 152.0 0
  251.414154 92.0 0
  251.45404100000002 88.0 0
  251.750092 12.9001 0
  252.013123 148.0 0
  252.054855 92.0 0
  252.13557400000002 128.0 0
  252.710144 208.0 0
  254.041718 176.0 0
  254.17778 36.0 0
  255.06341600000002 480.0 1
  255.493851 168.0 0
  255.917435 72.0 0
  255.951989 156.0 0
  255.978882 6.927083 0
  256.204224 180.0 0
  256.365295 128.0 0
  257.092285 65.259789 0
  257.144531 232.0 0
  257.14892599999996 90.181007 0
  257.997864 132.0 0
  258.256775 60.0 0
  258.309784 48.0 0
  259.48022499999996 132.0 0
  261.01611299999996 200.0 0
  261.639801 14.00085 0
  261.81924399999997 23.0651 0
  262.11648599999995 1108.0 2
  262.172943 136.0 0
  263.084778 208.0 0
  264.146973 138.969193 0
  264.308746 176.0 0
  265.72171 200.0 0
  265.977509 148.0 0
  266.331421 144.0 0
  266.358978 104.0 0
  266.69229099999995 72.0 0
  267.07733199999996 176.0 0
  267.11099199999995 40873.0 80
  267.916748 8.320076 0
  268.069366 304.0 1
  269.03671299999996 36.0 0
  269.12539699999996 128.0 0
  269.411682 156.0 0
  269.44390899999996 136.0 0
  269.585876 180.0 0
  269.663208 164.0 0
  270.107269 144.0 0
  270.976227 412.0 1
  271.158325 445786.0 868
  271.166656 645.158569 1
  274.12033099999996 36.02298 0
  275.07568399999997 636.389587 1
  275.607056 116.0 0
  276.40408299999996 14.4312 0
  277.177307 244.0 0
  278.49231 108.0 0
  278.92089799999997 96.0 0
  279.066437 116.0 0
  279.10659799999996 120.0 0
  279.32913199999996 52.0 0
  280.19323699999995 360.0 1
  280.46725499999997 264.0 1
  280.778076 100.0 0
  281.16421499999996 136.0 0
  281.218079 76.0 0
  282.046783 1264.0 2
  282.090393 500.0 1
  282.152222 608.0 1
  282.434784 144.0 0
  283.115417 180.0 0
  283.356018 136.0 0
  283.666931 27.5625 0
  283.924957 52.0 0
  284.073853 216.0 0
  284.47317499999997 192.0 0
  285.27770999999996 144.0 0
  285.473663 68.0 0
  285.75546299999996 176.0 0
  285.84774799999997 156.0 0
  285.869537 216.0 0
  286.00787399999996 22.69231 0
  286.065796 221.291794 0
  286.09200999999996 132.0 0
  287.142639 48.519409 0
  287.445221 156.0 0
  287.719818 60.0 0
  288.106378 444.0 1
  288.125885 168.0 0
  289.12530499999997 110711.0 216
  289.70507799999996 120.0 0
  290.926361 88.0 0
  290.949799 44.0 0
  290.95886199999995 28.0 0
  291.060388 1463.0 3
  291.168274 520.0 1
  292.943604 25.64031 0
  293.690796 176.0 0
  293.754883 64.0 0
  295.01080299999995 212.0 0
  295.482239 140.0 0
  295.925568 68.0 0
  296.096344 70.180382 0
  296.182098 152.0 0
  296.27917499999995 136.0 0
  296.763397 56.0 0
  297.619507 5.009259 0
  297.94528199999996 11.15 0
  298.110229 200.0 0
  298.149652 140.0 0
  299.27774 60.0 0
  301.13775599999997 128.0 0
  302.08941699999997 152.0 0
  303.31485 120.0 0
  303.44357299999996 108.0 0
  303.530487 156.0 0
  303.971344 48.0 0
  304.04461699999996 316.0 1
  305.01559399999996 128.0 0
  305.9935 49.26667 0
  306.00827 7790.50293 15
  306.07928499999997 19.693911 0
  306.550079 144.0 0
  307.147278 108.0 0
  307.50744599999996 44.0 0
  308.065704 1688.0 3
  308.0802 248.0 0
  308.34698499999996 176.0 0
  308.81222499999996 140.0 0
  310.05658 100.0 0
  310.081665 656.0 1
  310.31359899999995 132.0 0
  311.13665799999995 116.0 0
  311.173065 84.0 0
  311.57784999999996 164.0 0
  312.00256299999995 112.0 0
  312.04907199999997 168.0 0
  312.19580099999996 10.76563 0
  312.406586 660.0 1
  312.988495 188.0 0
  313.163757 9.666667 0
  315.12805199999997 16603.0 32
  316.274475 148.0 0
  316.57955899999996 152.0 0
  318.82080099999996 152.0 0
  320.26809699999995 224.0 0
  320.283478 16.622959 0
  321.44125399999996 160.0 0
  322.208313 60.0 0
  322.529785 192.0 0
  323.155212 264.0 1
  324.096924 676.0 1
  324.190728 160.0 0
  324.844177 148.0 0
  325.16299999999995 1.0 0
  326.54943799999995 144.0 0
  326.624268 152.0 0
  327.087219 172.0 0
  327.159086 1.0 0
  327.207001 25516.0 50
//
