ACCESSION: CCMSLIB00000079739
RECORD_TITLE: decoy
DATE: 2015.11.20
AUTHORS: Administrator
LICENSE: CC BY-SA
CH$NAME: decoy
CH$COMPOUND_CLASS: Natural Product
CH$FORMULA: C30H46O5
CH$EXACT_MASS: 486.33452457199996
CH$SMILES: N/A
CH$IUPAC: decoy
CH$LINK: N/A
AC$INSTRUMENT: decoy
AC$INSTRUMENT_TYPE: decoy
AC$MASS_SPECTROMETRY: MS_TYPE MS2
AC$MASS_SPECTROMETRY: ION_MODE POSITIVE
AC$MASS_SPECTROMETRY: COLLISION_ENERGY 10 V
MS$FOCUSED_ION: PRECURSOR_M/Z 487
MS$FOCUSED_ION: PRECURSOR_TYPE [M+H]+
PK$NUM_PEAK: 1182
PK$PEAK: m/z int. rel.int.
  30.793837 15.08333 0
  42.877687 156.0 0
  44.949898000000005 176.0 0
  45.161003 192.0 0
  45.841927 132.0 0
  46.775776 172.0 0
  46.97937 236.0 0
  47.585369 192.0 0
  47.6768 204.0 0
  47.919617 96.0 0
  48.002575 152.0 0
  48.027737 168.0 0
  48.24366 172.0 0
  48.723286 248.0 0
  49.442352 116.0 0
  49.595749000000005 276.0 0
  49.937012 196.0 0
  50.400391 160.0 0
  50.517666 152.0 0
  50.756393 124.0 0
  52.230713 72.0 0
  52.6516 148.0 0
  52.657005 172.0 0
  52.933098 304.0 0
  53.223644 188.0 0
  53.293694 88.0 0
  53.65498 152.0 0
  54.173714000000004 156.0 0
  54.31049 128.0 0
  54.616631 116.0 0
  54.726074000000004 156.0 0
  55.779762 176.0 0
  55.800709000000005 192.0 0
  56.407761 208.0 0
  56.557777 144.0 0
  56.650757 136.0 0
  56.65435 212.0 0
  56.716217 140.0 0
  57.275421 156.0 0
  58.454823000000005 196.0 0
  58.899632000000004 212.0 0
  59.514099 120.0 0
  59.878017 156.0 0
  60.002243 168.0 0
  60.175861000000005 160.0 0
  60.286072000000004 28.0 0
  61.055862000000005 132.0 0
  61.375465 156.0 0
  61.409885 152.0 0
  61.447903000000004 160.0 0
  61.951263000000004 208.0 0
  62.047661 152.0 0
  62.11797 184.0 0
  62.487988 168.0 0
  62.591808 152.0 0
  62.905487 144.0 0
  62.953938 160.0 0
  63.018368 68.0 0
  63.73695 192.0 0
  63.740715 188.0 0
  63.904617 144.0 0
  64.823723 176.0 0
  64.835922 176.0 0
  64.882629 176.0 0
  65.02816 112.0 0
  65.74157699999999 132.0 0
  65.78757499999999 160.0 0
  66.75780499999999 164.0 0
  67.43528699999999 196.0 0
  67.56741299999999 140.0 0
  67.66449 164.0 0
  67.713844 124.0 0
  68.686066 152.0 0
  69.04493699999999 224.0 0
  69.39673599999999 196.0 0
  69.90697499999999 52.0 0
  70.12252 180.0 0
  70.84030899999999 156.0 0
  71.07942999999999 168.0 0
  71.451607 172.0 0
  72.04466199999999 43773.828125 70
  72.097984 176.0 0
  72.11631 116.0 0
  72.500191 136.0 0
  72.525627 72.0 0
  72.601631 108.0 0
  72.808487 188.0 0
  73.384872 80.0 0
  73.422974 184.0 0
  73.489784 184.0 0
  74.138252 216.0 0
  74.74349199999999 184.0 0
  75.032654 196.0 0
  75.05573299999999 140.0 0
  75.416855 120.0 0
  75.577744 68.0 0
  75.588692 100.0 0
  75.763908 176.0 0
  76.015823 156.0 0
  76.167313 152.0 0
  76.433151 232.0 0
  76.45116399999999 144.0 0
  76.887108 152.0 0
  77.03794099999999 228.0 0
  77.069481 120.0 0
  77.13358299999999 188.0 0
  77.24301899999999 208.0 0
  77.308426 132.0 0
  77.72657799999999 156.0 0
  77.73402399999999 112.0 0
  79.019426 184.0 0
  79.08830999999999 168.0 0
  80.045563 148.0 0
  80.09465 160.0 0
  80.155304 124.0 0
  81.35672799999999 76.0 0
  81.407005 156.0 0
  81.838135 176.0 0
  82.25119 204.0 0
  82.344101 140.0 0
  82.60376699999999 160.0 0
  83.009644 192.0 0
  83.392365 172.0 0
  83.66661099999999 156.0 0
  84.039413 148.0 0
  84.11228899999999 240.0 0
  84.197845 204.0 0
  85.020134 168.0 0
  85.072426 353.589294 1
  85.183876 164.0 0
  85.210709 156.0 0
  85.39765899999999 176.0 0
  85.52574899999999 276.0 0
  85.93843799999999 40.0 0
  86.492111 100.0 0
  86.87132299999999 212.0 0
  87.54386099999999 48.0 0
  87.614616 184.0 0
  88.033287 136.0 0
  88.11211399999999 176.0 0
  88.50618 164.0 0
  88.677956 124.0 0
  88.73003399999999 144.0 0
  88.806946 144.0 0
  88.99398 132.0 0
  89.005539 140.0 0
  89.043312 168.0 0
  89.354332 192.0 0
  89.389305 156.0 0
  89.439819 152.0 0
  89.565331 140.0 0
  90.033356 164.0 0
  90.257278 76.0 0
  90.49812299999999 228.0 0
  90.748199 112.0 0
  90.82861299999999 176.0 0
  91.052872 316.0 1
  91.055183 380.0 1
  91.19925699999999 64.0 0
  93.148033 104.0 0
  93.677246 148.0 0
  94.494423 204.0 0
  94.75855999999999 84.0 0
  94.95696299999999 188.0 0
  94.98604599999999 228.0 0
  95.08228299999999 120.0 0
  95.090965 248.0 0
  95.328819 264.0 0
  95.676285 120.0 0
  95.68350199999999 128.0 0
  95.791595 192.0 0
  95.841431 236.0 0
  95.874687 144.0 0
  95.91199499999999 224.0 0
  96.133934 56.0 0
  96.45708499999999 264.0 0
  96.71266899999999 160.0 0
  96.91592399999999 196.0 0
  97.01244399999999 212.0 0
  97.216866 176.0 0
  97.77961699999999 184.0 0
  97.955772 92.0 0
  98.118454 232.0 0
  98.755783 140.0 0
  98.769714 132.0 0
  98.889412 156.0 0
  98.990112 196.0 0
  99.06324 844.0 1
  99.09870099999999 36.0 0
  99.248688 176.0 0
  99.333885 100.0 0
  99.8993 180.0 0
  99.915894 180.0 0
  100.078865 208.0 0
  100.11239599999999 1380.0 2
  100.206841 320.0 1
  100.57545599999999 140.0 0
  100.749985 152.0 0
  100.832062 148.0 0
  100.88754999999999 184.0 0
  100.955231 132.0 0
  101.02450599999999 115.286598 0
  101.092659 184.0 0
  101.361252 124.0 0
  101.37673199999999 136.0 0
  101.50797999999999 240.0 0
  101.704613 152.0 0
  102.07965899999999 196.0 0
  102.12413 184.0 0
  102.27862499999999 140.0 0
  102.34458199999999 144.0 0
  102.39993299999999 180.0 0
  102.97075699999999 108.0 0
  102.99737499999999 92.0 0
  103.056366 192.0 0
  103.129632 552.0 1
  103.142876 23.936609 0
  103.515862 180.0 0
  103.560577 104.0 0
  103.627281 160.0 0
  103.871544 160.0 0
  104.101669 152.0 0
  104.115028 56.0 0
  104.142288 196.0 0
  104.357979 188.0 0
  104.749718 172.0 0
  104.853836 152.0 0
  104.88040199999999 180.0 0
  104.98406999999999 172.0 0
  105.04560099999999 1720.0 3
  105.054237 240.0 0
  105.16624499999999 156.0 0
  105.168343 136.0 0
  105.496544 164.0 0
  105.57298999999999 132.0 0
  105.78178399999999 116.0 0
  106.071922 53.70454 0
  106.097549 196.0 0
  106.196396 124.0 0
  106.35812399999999 224.0 0
  106.81926 68.0 0
  106.960335 176.0 0
  107.037071 136.0 0
  107.048279 348.0 1
  107.08738699999999 176.0 0
  107.10211899999999 200.0 0
  107.677467 124.0 0
  107.67952 228.0 0
  107.750732 160.0 0
  107.76053599999999 148.0 0
  107.76476299999999 184.0 0
  107.78414199999999 76.0 0
  107.909859 36.0 0
  108.057007 232.0 0
  108.21009099999999 172.0 0
  108.26226 180.0 0
  108.29519699999999 28.0 0
  108.35423999999999 176.0 0
  108.37138399999999 276.0 0
  108.85752099999999 180.0 0
  108.87542699999999 208.0 0
  109.06386599999999 53.87764 0
  109.338989 220.0 0
  109.423119 112.0 0
  109.496506 72.0 0
  109.58991999999999 128.0 0
  109.61554 132.0 0
  109.91040799999999 5.415322 0
  109.990067 100.0 0
  110.416367 168.0 0
  110.473778 192.0 0
  110.60320999999999 256.0 0
  110.626373 200.0 0
  110.65793599999999 136.0 0
  110.67083699999999 228.0 0
  110.68688999999999 40.0 0
  110.839867 72.0 0
  110.8881 128.0 0
  111.073196 172.0 0
  111.07650799999999 64.0 0
  111.165077 140.0 0
  111.201523 72.0 0
  111.437485 14.94059 0
  111.75746199999999 128.0 0
  111.92536899999999 164.0 0
  112.212944 188.0 0
  112.225189 84.0 0
  112.471733 196.0 0
  112.742615 204.0 0
  112.78124199999999 148.0 0
  113.27237699999999 196.0 0
  113.43744699999999 212.0 0
  113.874207 240.0 0
  114.569679 22.79167 0
  115.05648799999999 128.0 0
  115.549606 152.0 0
  115.56226299999999 88.0 0
  115.580925 116.0 0
  115.677505 172.0 0
  115.683357 140.0 0
  116.05583999999999 144.0 0
  116.06335399999999 456.0 1
  116.06745099999999 156.0 0
  116.09606199999999 72.0 0
  116.16954799999999 124.0 0
  116.295296 168.0 0
  116.474655 148.0 0
  116.881653 176.0 0
  117.06245399999999 367.38269 1
  117.06521599999999 452.0 1
  117.110329 1.666667 0
  117.11872899999999 164.0 0
  117.27224 128.0 0
  117.287956 4.231304 0
  117.62104799999999 60.0 0
  118.10786399999999 96.0 0
  118.675629 208.0 0
  118.75980399999999 96.0 0
  118.960045 156.0 0
  118.991417 168.0 0
  119.04927099999999 400.0 1
  119.187035 140.0 0
  119.34472699999999 296.0 0
  119.39733899999999 124.0 0
  119.434181 164.0 0
  119.637199 232.0 0
  119.83757 216.0 0
  119.86138899999999 160.0 0
  120.046257 160.0 0
  120.103477 164.0 0
  120.19735 44.0 0
  120.212105 60.0 0
  120.34958599999999 168.0 0
  120.40579199999999 5.633333 0
  120.557251 180.0 0
  120.742638 96.0 0
  120.88707 196.0 0
  120.926605 184.0 0
  120.98262799999999 100.0 0
  121.069092 176.0 0
  121.422356 60.0 0
  121.660263 236.0 0
  121.765266 196.0 0
  121.86260999999999 156.0 0
  122.05599199999999 284.0 0
  122.160164 128.0 0
  122.261353 168.0 0
  122.270744 188.0 0
  122.385559 188.0 0
  122.51705199999999 316.0 1
  122.644966 48.0 0
  122.768768 108.0 0
  122.89340999999999 152.0 0
  122.97164199999999 188.0 0
  123.05362699999999 120.0 0
  123.068733 236.0 0
  123.08612799999999 256.0 0
  123.112617 11.35 0
  123.17399599999999 72.0 0
  123.243805 192.0 0
  123.30075799999999 104.0 0
  123.484276 92.0 0
  123.50690499999999 16.263941 0
  123.613312 168.0 0
  123.618668 184.0 0
  123.884811 120.0 0
  123.991524 1588.0 3
  124.005669 212.0 0
  124.08135999999999 160.0 0
  124.55120099999999 40.0 0
  124.589455 188.0 0
  124.749664 7.905331 0
  125.02179699999999 2601.0 4
  125.04635599999999 239.497894 0
  125.172157 132.0 0
  125.180809 188.0 0
  125.69483199999999 252.0 0
  125.772888 220.0 0
  125.84803 164.0 0
  125.90418199999999 200.0 0
  125.93274699999999 112.0 0
  126.12121599999999 29.98098 0
  126.34279599999999 184.0 0
  126.48214 48.0 0
  126.639282 192.0 0
  126.727859 256.0 0
  126.984146 184.0 0
  127.05304 99.371071 0
  127.057648 208.0 0
  127.29090099999999 152.0 0
  127.402985 148.0 0
  127.781944 204.0 0
  128.107483 673.041992 1
  128.134445 236.0 0
  128.30548100000001 76.0 0
  128.330994 7.779321 0
  128.411758 116.0 0
  128.71817000000001 176.0 0
  128.730148 204.0 0
  128.948837 194.060593 0
  129.022919 192.0 0
  129.029755 2688.0 4
  129.033936 64.662567 0
  129.201111 252.0 0
  129.207764 156.0 0
  129.26272600000001 12.7631 0
  129.714935 200.0 0
  129.759537 48.0 0
  129.90068100000002 188.0 0
  130.148804 176.0 0
  130.19206200000002 32.0 0
  130.21670500000002 140.0 0
  130.634537 96.0 0
  130.93895 208.0 0
  131.02951000000002 48.29335 0
  131.03649900000002 69.148323 0
  131.057983 164.0 0
  131.085342 997.885071 2
  131.258118 32.0 0
  131.27139300000002 2.747024 0
  131.418335 176.0 0
  131.689606 148.0 0
  131.720367 124.0 0
  131.726593 232.0 0
  131.916626 220.0 0
  132.078796 156.0 0
  132.08531200000002 96.0 0
  132.165176 140.0 0
  132.272705 180.0 0
  132.412567 244.143402 0
  132.43420400000002 240.0 0
  132.470383 100.0 0
  132.703156 108.0 0
  133.03765900000002 148.0 0
  133.040817 57.866669 0
  133.085281 52.12077 0
  133.154068 124.0 0
  133.15863000000002 156.0 0
  133.174362 200.0 0
  133.189804 120.0 0
  133.191925 140.0 0
  133.19859300000002 228.0 0
  133.620667 232.0 0
  133.70082100000002 188.0 0
  134.061432 1640.0 3
  134.13647500000002 176.0 0
  134.175186 176.0 0
  134.480545 44.0 0
  134.534546 60.0 0
  134.938278 176.0 0
  134.98382600000002 184.0 0
  135.04425 2956.0 5
  135.08114600000002 1352.0 2
  135.528381 124.0 0
  135.788193 156.0 0
  136.011063 148.0 0
  136.03241 164.0 0
  136.041336 172.0 0
  136.05088800000001 758.0 1
  136.053268 464.0 1
  136.08242800000002 168.0 0
  136.126068 144.0 0
  136.43895 160.0 0
  136.990219 104.0 0
  137.045456 1027.0 2
  137.09671 424.0 1
  137.105545 152.0 0
  137.366608 196.0 0
  137.80354300000002 120.0 0
  138.243164 112.0 0
  138.28268400000002 8.008333 0
  138.505157 252.0 0
  138.670288 92.0 0
  138.783859 76.0 0
  138.851929 120.0 0
  139.051682 184.0 0
  139.07482900000002 5053.0 8
  139.131302 68.0 0
  139.258575 88.0 0
  139.494843 192.0 0
  139.790787 196.0 0
  139.890533 168.0 0
  140.037094 1806.0 3
  140.09320100000002 180.0 0
  140.19215400000002 168.0 0
  140.682297 108.0 0
  140.977661 140.0 0
  141.06024200000002 256.0 0
  141.20378100000002 148.0 0
  141.298553 152.0 0
  141.829575 176.0 0
  141.905991 120.0 0
  142.02172900000002 220.0 0
  142.369141 176.0 0
  142.551712 212.0 0
  143.04895000000002 47.17498 0
  143.073776 284.0 0
  143.14944500000001 64.0 0
  143.918091 124.0 0
  144.05555700000002 236.0 0
  144.17179900000002 184.0 0
  144.192307 32.0 0
  144.573914 3.206731 0
  144.67979400000002 76.0 0
  144.731155 164.0 0
  144.790543 144.0 0
  144.968399 1288.854248 2
  145.100357 3579.664062 6
  145.154617 88.0 0
  145.297821 212.0 0
  145.450424 172.0 0
  145.573746 15.90667 0
  146.004028 148.0 0
  146.03337100000002 172.0 0
  146.055099 180.0 0
  146.07136500000001 236.0 0
  146.161865 144.0 0
  146.569275 124.0 0
  146.656769 176.0 0
  146.81514 44.0 0
  147.013809 1212.0 2
  147.13510100000002 176.0 0
  147.361374 160.0 0
  148.041855 525.0 1
  148.210831 80.0 0
  148.59710700000002 96.0 0
  148.68850700000002 168.0 0
  148.696716 52.0 0
  149.018463 5164.0 8
  149.04487600000002 947.0 2
  149.540207 192.0 0
  149.546921 172.0 0
  149.88699300000002 172.0 0
  149.98439000000002 176.0 0
  150.04466200000002 132.0 0
  150.073441 152.0 0
  150.186676 104.0 0
  150.285095 204.0 0
  150.509766 148.0 0
  150.59217800000002 256.0 0
  150.796402 140.0 0
  150.87896700000002 44.0 0
  150.965744 68.0 0
  151.074417 1880.0 3
  151.098565 1281.0 2
  151.309235 140.0 0
  151.571854 136.0 0
  151.658768 52.0 0
  151.68457 52.0 0
  152.05896 356.0 1
  152.079544 236.0 0
  152.43064900000002 200.0 0
  152.472397 148.0 0
  152.534882 7.166667 0
  152.726334 4.669117 0
  152.73962400000002 64.0 0
  153.054092 58.56794 0
  153.413025 184.0 0
  153.650497 72.0 0
  153.853271 160.0 0
  154.024673 273.0 0
  154.029068 76.0 0
  154.067612 140.0 0
  154.370148 244.0 0
  154.61689800000002 48.0 0
  155.124603 228.0 0
  155.267899 68.0 0
  155.293472 36.0 0
  156.03595 236.0 0
  156.091339 360.0 1
  156.12809800000002 32.0 0
  156.405136 144.0 0
  156.63505600000002 4.104167 0
  156.87416100000002 160.0 0
  156.910889 52.0 0
  157.018936 188.0 0
  157.070938 340.0 1
  157.099701 1160.0 2
  157.383972 168.0 0
  157.38720700000002 196.0 0
  157.68782000000002 208.0 0
  157.77652 152.0 0
  157.99147000000002 156.0 0
  158.059265 164.0 0
  158.112549 207354.0 330
  158.295074 6.422222 0
  158.340485 188.0 0
  158.792435 60.0 0
  159.040421 5027.0 8
  159.04362500000002 164.0 0
  159.049759 204.0 0
  159.30813600000002 128.0 0
  159.753891 180.0 0
  160.016006 286876.0 457
  160.11518900000002 136.0 0
  160.486176 200.0 0
  160.536514 116.0 0
  160.594162 224.0 0
  160.92482 300.0 0
  161.04362500000002 1441.0 2
  161.092056 69.12841 0
  161.18985 84.0 0
  161.23382600000002 4.8 0
  161.391525 64.0 0
  161.408478 48.0 0
  161.462738 40.0 0
  161.770416 164.0 0
  161.796402 156.0 0
  162.761108 18.453329 0
  162.900116 256.0 0
  162.948837 168.0 0
  163.357742 132.0 0
  163.43832400000002 188.0 0
  163.696793 80.0 0
  163.790604 180.0 0
  164.03898600000002 1442.0 2
  164.073395 388.0 1
  164.101312 220.0 0
  164.159988 124.0 0
  164.21481300000002 160.0 0
  164.31629900000001 84.0 0
  164.351379 148.0 0
  164.412811 28.0 0
  164.424545 140.0 0
  164.614685 92.0 0
  164.784561 96.0 0
  164.85157800000002 56.0 0
  165.078369 216.0 0
  165.253113 160.0 0
  165.405441 96.0 0
  166.01902800000002 304.0 0
  166.086533 11836.0 19
  166.097061 272.0 0
  166.23864700000001 128.0 0
  166.249359 220.0 0
  166.49426300000002 68.0 0
  166.566345 220.0 0
  166.655167 144.0 0
  166.98898300000002 559.0 1
  167.10865800000002 116.0 0
  167.23496400000002 192.0 0
  167.337692 84.0 0
  167.482193 56.0 0
  167.704544 136.0 0
  167.817291 60.0 0
  168.07840000000002 184.0 0
  168.182037 72.0 0
  168.288956 228.0 0
  168.29435700000002 104.0 0
  168.409668 168.0 0
  168.467789 148.0 0
  168.66452 152.0 0
  168.92974900000002 152.0 0
  169.061798 392.0 1
  169.07576 336.0 1
  169.32428000000002 172.0 0
  169.73031600000002 252.0 0
  169.898056 3.391204 0
  169.96283 140.0 0
  170.25709500000002 84.0 0
  170.60578900000002 80.0 0
  170.639816 148.0 0
  170.939041 128.0 0
  171.020737 216.0 0
  171.314926 88.0 0
  171.341827 14.09922 0
  171.44696000000002 80.0 0
  171.479736 220.0 0
  171.782318 188.0 0
  171.813187 148.0 0
  172.473633 220.0 0
  172.751755 136.0 0
  172.979004 96.0 0
  173.06658900000002 708.0 1
  173.24852 76.0 0
  173.771423 56.0 0
  173.859634 136.0 0
  173.98765600000002 84.0 0
  174.017853 160.0 0
  174.16834400000002 172.0 0
  174.21734600000002 96.0 0
  174.239807 200.0 0
  174.823181 120.0 0
  175.334991 196.0 0
  175.706604 188.0 0
  176.009491 192.0 0
  176.06384300000002 188.0 0
  177.051834 60758.0 97
  177.15567900000002 160.0 0
  177.38552900000002 272.0 0
  178.026733 176.0 0
  178.239426 140.0 0
  178.2491 11.38782 0
  178.4375 136.0 0
  178.770767 224.0 0
  178.93396 144.0 0
  179.051834 4.848958 0
  179.116028 148.0 0
  179.119583 152.0 0
  179.1978 124.0 0
  179.36341900000002 60.0 0
  179.89343300000002 48.0 0
  179.901611 276.0 0
  179.92189000000002 184.0 0
  180.027267 164.0 0
  180.049911 164.0 0
  180.09063700000002 184.0 0
  180.101822 1032.0 2
  180.39946 120.0 0
  180.403244 120.0 0
  180.55787700000002 180.0 0
  181.049408 57636.0 92
  181.060745 3304.0 5
  181.083817 239.0 0
  181.09758000000002 132.0 0
  181.121567 180.0 0
  181.282776 56.0 0
  181.411789 96.0 0
  181.63436900000002 5.666667 0
  181.859406 44.0 0
  183.385513 125.0 0
  183.43869 136.0 0
  183.84497100000002 144.0 0
  184.030472 140.0 0
  184.044632 220.0 0
  184.91862500000002 144.0 0
  185.050003 162.0 0
  185.059067 252.0 0
  185.09428400000002 302.529907 0
  185.104187 136.0 0
  186.17404200000001 144.0 0
  186.567184 192.0 0
  187.03389 626790.0 999
  187.08801300000002 224.0 0
  187.149506 344.0 1
  187.301804 180.0 0
  187.384094 108.0 0
  187.636337 100.0 0
  187.860535 60.0 0
  188.083221 204.0 0
  188.357147 164.0 0
  188.37025500000001 244.0 0
  188.488434 40.0 0
  188.568405 12.24033 0
  189.030899 144.0 0
  189.067337 176.0 0
  189.22442600000002 168.0 0
  189.61085500000002 96.0 0
  189.972183 80.0 0
  190.10200500000002 14320.0 23
  190.43583700000002 144.0 0
  190.976517 80.0 0
  191.085068 200.0 0
  191.484497 68.0 0
  191.783722 136.0 0
  191.97648600000002 48.0 0
  192.01902800000002 48.0 0
  192.093872 48.0 0
  192.703232 124.0 0
  192.83110000000002 48.0 0
  192.85960400000002 92.0 0
  193.545807 168.0 0
  193.77101100000002 176.0 0
  194.048721 160.0 0
  194.175034 32.0 0
  194.288254 132.0 0
  194.345367 36.0 0
  194.79092400000002 76.0 0
  195.00752300000002 564.0 1
  195.03945900000002 208.0 0
  195.097336 172.0 0
  195.95108000000002 100.0 0
  195.955322 236.0 0
  195.989655 88.0 0
  196.03714000000002 92.0 0
  196.14459200000002 26.54167 0
  196.505478 68.0 0
  196.522308 84.0 0
  196.54414400000002 41.008621 0
  196.757553 124.0 0
  196.87587000000002 144.0 0
  197.082062 688.0 1
  197.099503 26228.0 42
  197.484146 176.0 0
  197.664886 12.85637 0
  198.018524 164.0 0
  198.065277 352.0 1
  198.37793000000002 96.0 0
  198.63114900000002 92.0 0
  198.7117 140.0 0
  198.961502 148.0 0
  199.007477 1514.0 2
  199.05929600000002 23.1684 0
  199.116974 148.0 0
  199.14471400000002 184.0 0
  199.827347 60.0 0
  200.75228900000002 56.0 0
  201.240936 18.707109 0
  202.06556700000002 156.0 0
  202.106277 644.0 1
  202.34381100000002 56.0 0
  202.87565600000002 164.0 0
  202.8983 120.0 0
  203.049576 84.0 0
  203.100433 5611.0 9
  203.299484 88.0 0
  203.466202 104.0 0
  203.55702200000002 56.0 0
  203.920975 52.0 0
  204.17948900000002 208.0 0
  204.19241300000002 172.0 0
  205.049149 28.0 0
  205.081284 388.0 1
  205.087738 208.0 0
  205.40098600000002 108.0 0
  205.548843 120.0 0
  205.62484700000002 60.0 0
  206.045074 430.0 1
  206.05775500000001 180.0 0
  206.077042 288.0 0
  206.12806700000002 132.0 0
  206.48744200000002 200.0 0
  206.936081 140.0 0
  207.11528 2388.0 4
  207.16729700000002 168.0 0
  207.46305800000002 36.0 0
  208.44397 180.0 0
  208.96000700000002 517279.0 824
  209.07724000000002 164.0 0
  209.129211 184.0 0
  209.48117100000002 176.0 0
  209.512833 152.0 0
  209.81329300000002 36.0 0
  210.059052 176.0 0
  210.32788100000002 124.0 0
  210.61479200000002 168.0 0
  210.88188200000002 120.0 0
  211.028207 290.0 0
  211.47189300000002 60.0 0
  212.04744 288.0 0
  212.053528 224.0 0
  212.080521 740.0 1
  212.115936 180.0 0
  212.158127 352.0 1
  212.92733800000002 136.0 0
  212.943512 132.0 0
  213.091354 3308.0 5
  213.161148 292.0 0
  213.496689 116.0 0
  213.550095 192.0 0
  213.77139300000002 64.0 0
  213.805466 36.0 0
  214.047806 40.0 0
  214.08860800000002 672.0 1
  214.13235500000002 292.0 0
  214.71185300000002 100.0 0
  214.952347 280.0 0
  215.08770800000002 156.0 0
  215.46481300000002 212.0 0
  216.021576 232.0 0
  216.213409 156.0 0
  216.38055400000002 120.0 0
  216.419968 48.0 0
  216.770477 164.0 0
  216.906387 184.0 0
  217.00393400000002 11929.0 19
  217.052704 248.0 0
  217.08107 132.0 0
  217.216104 204.0 0
  217.618912 192.0 0
  217.887924 220.0 0
  218.020035 80.0 0
  218.06629900000001 628.0 1
  218.10173 192.0 0
  218.195099 72.0 0
  218.383057 108.0 0
  218.454025 156.0 0
  218.56897 2.20119 0
  218.725266 68.0 0
  218.91137700000002 136.0 0
  219.081238 168.0 0
  219.09312400000002 511.0 1
  219.09996 140.0 0
  219.189728 28.83333 0
  219.33732600000002 12.60417 0
  219.85621600000002 140.0 0
  220.14007600000002 1172.0 2
  220.527237 84.0 0
  220.67781100000002 200.0 0
  220.892899 52.0 0
  221.056183 144.0 0
  221.122726 44.753422 0
  221.29293800000002 4.673077 0
  221.61293 64.0 0
  221.740601 64.0 0
  222.04715000000002 2719.0 4
  222.721024 112.0 0
  223.059479 180.0 0
  223.070831 4925.0 8
  223.129486 132.0 0
  223.443375 200.0 0
  224.024063 29.338171 0
  224.036484 144.0 0
  225.068283 112.0 0
  225.406228 236.0 0
  225.470886 112.0 0
  226.11132800000001 144.0 0
  226.179001 68.0 0
  226.47091700000001 48.0 0
  226.98114 84.0 0
  227.00103800000002 112.0 0
  227.035156 55272.0 88
  227.068497 34142.0 54
  227.13690200000002 1856.0 3
  227.17569 476.0 1
  227.22975200000002 40.0 0
  227.526093 116.0 0
  227.82695 76.0 0
  228.10818500000002 9097.0 14
  229.015182 168.0 0
  229.11625700000002 152.0 0
  229.876572 140.0 0
  230.14047200000002 56.0 0
  230.68081700000002 188.0 0
  231.029221 1006.0 2
  231.13339200000001 132.0 0
  231.135965 140.0 0
  231.59132400000001 168.0 0
  232.14213600000002 132.0 0
  232.872162 192.0 0
  233.01396200000002 204.0 0
  233.092743 244.0 0
  233.325165 38.43441 0
  233.477127 140.0 0
  233.57054100000002 196.0 0
  234.67617800000002 5.346264 0
  235.09101900000002 132.0 0
  235.118378 148.0 0
  236.07045000000002 356.0 1
  236.146759 132.0 0
  236.526733 132.0 0
  236.840363 112.0 0
  237.123779 312.861206 0
  237.303665 72.0 0
  237.36779800000002 96.0 0
  237.64888000000002 152.0 0
  237.748245 104.0 0
  238.04293800000002 220.0 0
  238.05482500000002 140.0 0
  238.097748 1196.0 2
  238.384476 140.0 0
  238.84475700000002 160.0 0
  238.86372400000002 68.0 0
  239.049713 931.0 1
  239.33647200000001 84.0 0
  240.960587 92.0 0
  241.127533 192.0 0
  241.45536800000002 224.0 0
  241.67167700000002 84.0 0
  241.773209 200.0 0
  242.502801 160.0 0
  242.834244 204.0 0
  242.92918400000002 72.0 0
  243.131851 388.0 1
  243.17955 2441.878906 4
  243.50444000000002 156.0 0
  243.53421 160.0 0
  243.887268 48.0 0
  244.145721 116.0 0
  244.40373200000002 180.0 0
  244.53637700000002 24.00568 0
  245.600143 188.0 0
  245.661041 168.0 0
  246.041245 48.0 0
  246.194626 140.0 0
  246.294708 48.0 0
  247.09057 1148.0 2
  247.108246 52.325981 0
  247.906372 140.0 0
  248.055511 300.0 0
  248.121643 312.0 0
  249.014801 106.5327 0
  249.092 1.0 0
  249.972992 152.0 0
  251.03010600000002 68.586273 0
  251.050385 1772.0 3
  251.06732200000002 14988.0 24
  251.141083 362.888489 1
  251.277344 184.0 0
  252.54139700000002 204.0 0
  252.848755 132.0 0
  253.955658 188.0 0
  253.997299 172.0 0
  254.11161800000002 456.0 1
  254.235443 160.0 0
  254.86322 168.0 0
  255.058517 50045.0 80
  255.292603 10.02126 0
  257.04513499999996 8064.0 13
  257.459381 124.0 0
  257.50531 72.0 0
  258.616608 88.0 0
  259.058289 43.346069 0
  259.73236099999997 3.333333 0
  259.989471 164.0 0
  260.077972 184.0 0
  260.28234899999995 156.0 0
  260.71014399999996 92.0 0
  261.08822599999996 268.0 0
  263.07226599999996 152.0 0
  263.128937 15344.0 24
  264.09072899999995 296.0 0
  264.158661 180.0 0
  265.430756 40.0 0
  265.66110199999997 220.0 0
  265.765045 144.0 0
  266.39563 108.0 0
  266.507812 192.0 0
  266.537109 76.0 0
  266.787354 128.0 0
  267.20153799999997 64.0 0
  267.21356199999997 168.0 0
  269.001221 160.0 0
  269.68121299999996 380.0 1
  271.027405 136.0 0
  271.31118799999996 48.0 0
  271.475952 32.0 0
  271.770111 144.0 0
  272.073273 136.0 0
  272.166595 6041.0 10
  273.09139999999996 336.0 1
  273.374939 92.0 0
  273.93344099999996 168.0 0
  273.942261 200.0 0
  274.553497 132.0 0
  275.105377 228.0 0
  275.338959 132.0 0
  276.021667 1436.0 2
  277.059265 156.0 0
  277.996521 244.0 0
  278.186157 152.0 0
  278.36010699999997 124.0 0
  279.14224199999995 128.0 0
  280.173798 160.0 0
  280.24987799999997 96.0 0
  280.354065 148.0 0
  281.163904 180.0 0
  281.44262699999996 10.60992 0
  283.10797099999996 184.0 0
  283.14389 140.0 0
  284.05465699999996 488.0 1
  286.066803 100.0 0
  286.27520799999996 116.0 0
  286.58196399999997 212.0 0
  287.009888 1036.0 2
  288.13449099999997 144.0 0
  288.216125 144.0 0
  288.424469 92.0 0
  290.77151499999997 156.0 0
  291.03955099999996 72.0 0
  291.340057 140.0 0
  291.76709 176.0 0
  292.742615 144.0 0
  293.167175 11316.0 18
  294.107697 255.145493 0
  295.15347299999996 240.0 0
  296.09774799999997 2392.0 4
  296.994507 64.0 0
  298.112122 328.104797 1
  298.129998 168.0 0
  298.14556899999997 120.0 0
  298.201874 292.0 0
  299.10375999999997 276.0 0
  299.33334399999995 1.685531 0
  299.78186 40.0 0
  300.038147 160.0 0
  300.056519 23323.0 37
  300.197998 140.0 0
  300.85024999999996 168.0 0
  301.004639 116.0 0
  301.185303 288.0 0
  302.044159 176.0 0
  302.777802 104.0 0
  303.26852399999996 948.0 2
  304.076874 308.0 0
  304.236694 84.0 0
  307.073608 591.0 1
  307.594635 92.0 0
  309.07690399999996 24.875441 0
  309.132721 115343.0 184
  309.139862 19.328409 0
  314.539185 176.0 0
  314.566803 224.0 0
  314.615204 10.20937 0
  316.939056 428.0 1
  320.551331 140.0 0
  320.651459 144.0 0
  321.09774799999997 164.0 0
  321.948242 192.0 0
  322.92715499999997 224.0 0
  324.07018999999997 204.0 0
  325.10333299999996 288.0 0
  325.139374 12.252909 0
  329.10199 144.0 0
  329.282898 200.0 0
  333.918457 80.0 0
  335.009979 126.757698 0
  337.00787399999996 156.0 0
  338.12325999999996 56.0 0
  339.1651 116.0 0
  339.191193 156.0 0
  345.159515 1108.0 2
  348.08566299999995 156.0 0
  350.69296299999996 180.0 0
  352.117188 9.033476 0
  352.19357299999996 38.32877 0
  352.255005 116.0 0
  354.0 5.271384 0
  354.836365 80.0 0
  355.235687 100.0 0
  356.10672 168.0 0
  356.223419 92.0 0
  358.099091 21.21488 0
  358.315521 244.0 0
  358.52160599999996 118.095299 0
  359.141693 1885.0 3
  360.596527 96.0 0
  361.168213 140.0 0
  362.623657 57.070808 0
  364.323517 100.0 0
  371.187347 84.0 0
  373.038818 13.5125 0
  373.12567099999995 116.0 0
  373.140717 480.0 1
  377.75354 152.0 0
  378.263879 144.0 0
  379.24087499999996 1.265625 0
  381.758606 9.32545 0
  382.006555 144.0 0
  382.904114 15.89358 0
  383.305328 124.0 0
  384.286743 156.0 0
  386.292847 208.0 0
  387.22747799999996 244.0 0
  387.661743 18.52002 0
  388.117035 208.0 0
  389.25412 188.0 0
  391.363831 44.0 0
  391.53006 28.0 0
  393.332184 120.0 0
  395.048004 2160.0 3
  395.216248 1300.0 2
  398.01568599999996 140.0 0
  399.43533299999996 104.0 0
  401.17932099999996 980.0 2
  401.21331799999996 128.0 0
  401.407837 164.0 0
  403.170715 1061.0 2
  404.495819 76.0 0
  407.17004399999996 1.0 0
  407.282196 9.137096 0
  411.824188 44.0 0
  414.16180399999996 376.0 1
  415.14282199999997 12.194669 0
  418.52554299999997 56.0 0
  418.74429299999997 100.0 0
  420.71756 152.0 0
  424.082458 200.0 0
  428.87899799999997 172.0 0
  432.764862 84.0 0
  440.17098999999996 416.0 1
  444.18334999999996 3.666667 0
  445.780121 120.0 0
  449.75179399999996 80.0 0
  452.1513 236.0 0
  466.65338099999997 48.0 0
  467.141479 5.401885 0
  468.25314299999997 56.0 0
  472.545959 140.0 0
  476.97000099999997 4.016667 0
  480.24111899999997 149.519684 0
  487.33984399999997 104.0 0
//
