ACCESSION: CCMSLIB00000005450
RECORD_TITLE: decoy
DATE: 2015.11.20
AUTHORS: Administrator
LICENSE: CC BY-SA
CH$NAME: decoy
CH$COMPOUND_CLASS: Natural Product
CH$FORMULA: C47H51NO14
CH$EXACT_MASS: 853.3309553119999
CH$SMILES: N/A
CH$IUPAC: decoy
CH$LINK: N/A
AC$INSTRUMENT: decoy
AC$INSTRUMENT_TYPE: decoy
AC$MASS_SPECTROMETRY: MS_TYPE MS2
AC$MASS_SPECTROMETRY: ION_MODE POSITIVE
AC$MASS_SPECTROMETRY: COLLISION_ENERGY 10 V
MS$FOCUSED_ION: PRECURSOR_M/Z 854
MS$FOCUSED_ION: PRECURSOR_TYPE [M+H]+
PK$NUM_PEAK: 1004
PK$PEAK: m/z int. rel.int.
  45.239876 152.0 0
  45.381836 92.0 0
  45.449074 176.0 0
  45.553406 156.0 0
  45.565632 152.0 0
  46.178371 148.0 0
  46.357536 144.0 0
  46.437706 88.0 0
  46.527756000000004 200.0 0
  46.983398 72.0 0
  47.169178 232.0 0
  47.280357 120.0 0
  47.993347 220.0 0
  48.038365 120.0 0
  49.222897 160.0 0
  49.495045000000005 172.0 0
  49.698448 204.0 0
  50.361695000000005 216.0 0
  50.931252 52.0 0
  51.657272 108.0 0
  52.560184 132.0 0
  53.315521000000004 76.0 0
  53.38131 156.0 0
  54.364346000000005 172.0 0
  55.10783 184.0 0
  55.16317 224.0 0
  55.495094 184.0 0
  56.270931000000004 176.0 0
  56.69545 124.0 0
  57.334278000000005 204.0 0
  57.336933 164.0 0
  57.454544 0.0 0
  57.710266000000004 164.0 0
  57.822258000000005 180.0 0
  58.259521 224.0 0
  58.520630000000004 152.0 0
  58.57251 236.0 0
  58.59301 328.0 0
  59.181381 104.0 0
  59.518402 304.0 0
  59.598545 168.0 0
  59.715836 164.0 0
  59.942032000000005 164.0 0
  60.20829 172.0 0
  61.518452 160.0 0
  61.531452 204.0 0
  61.83316 200.0 0
  62.276222000000004 116.0 0
  62.638039 164.0 0
  62.711617000000004 140.0 0
  62.764481 56.0 0
  62.872581000000004 212.0 0
  63.297073000000005 172.0 0
  63.957767000000004 128.0 0
  64.309868 144.0 0
  64.790741 172.0 0
  65.252602 140.0 0
  65.276489 172.0 0
  65.731308 128.0 0
  65.751694 188.0 0
  65.908081 184.0 0
  65.940918 156.0 0
  67.75498999999999 140.0 0
  67.840126 156.0 0
  67.891441 180.0 0
  68.188507 200.0 0
  68.439003 148.0 0
  68.453209 96.0 0
  68.59397899999999 268.0 0
  68.75312 168.0 0
  68.84272 216.0 0
  68.88778699999999 156.0 0
  69.317162 244.0 0
  69.39021299999999 232.0 0
  70.01207 80.0 0
  70.721222 204.0 0
  71.66143799999999 144.0 0
  71.74274399999999 44.0 0
  72.179779 168.0 0
  72.272476 152.0 0
  72.594681 140.0 0
  73.16472599999999 156.0 0
  73.89405099999999 220.0 0
  73.98059099999999 36.0 0
  74.84657299999999 40.0 0
  75.23307 148.0 0
  75.407005 192.0 0
  76.226807 188.0 0
  77.46270799999999 252.0 0
  78.52359799999999 168.0 0
  78.69150499999999 228.0 0
  78.835617 152.0 0
  79.01697499999999 176.0 0
  79.347084 232.0 0
  79.69401599999999 180.0 0
  81.052292 320.0 0
  81.22767599999999 180.0 0
  81.552971 140.0 0
  82.039345 172.0 0
  82.674622 232.0 0
  82.81716899999999 100.0 0
  82.82998699999999 148.0 0
  82.888908 116.0 0
  83.18480699999999 204.0 0
  83.535789 120.0 0
  83.737625 336.0 0
  83.85368299999999 192.0 0
  83.91167399999999 156.0 0
  84.21127299999999 140.0 0
  84.68543199999999 152.0 0
  85.117691 148.0 0
  86.513313 156.0 0
  86.77384199999999 48.0 0
  87.713577 132.0 0
  88.560898 136.0 0
  88.770134 224.0 0
  89.12950099999999 116.0 0
  89.65216099999999 144.0 0
  89.896851 144.0 0
  89.94989799999999 176.0 0
  90.10563699999999 144.0 0
  90.134834 104.0 0
  91.287498 196.0 0
  91.429092 200.0 0
  91.685638 160.0 0
  92.05645799999999 164.0 0
  92.15013099999999 84.0 0
  92.30322299999999 188.0 0
  92.65710399999999 152.0 0
  92.84034 152.0 0
  93.477036 216.0 0
  94.04601299999999 172.0 0
  94.56208799999999 72.0 0
  95.062469 212.0 0
  95.422455 220.0 0
  96.04240399999999 200.0 0
  96.054504 216.0 0
  96.06549799999999 140.0 0
  96.387192 148.0 0
  96.77190399999999 108.0 0
  97.017799 48.0 0
  97.415009 168.0 0
  97.453346 248.0 0
  97.462471 248.0 0
  97.68186999999999 172.0 0
  98.191734 40.0 0
  98.43942999999999 208.0 0
  98.650047 220.0 0
  98.735474 224.0 0
  99.20931999999999 172.0 0
  99.81774899999999 184.0 0
  100.074524 228.0 0
  100.256165 124.0 0
  100.34352899999999 148.0 0
  100.558067 48.0 0
  100.94892899999999 136.0 0
  101.043381 240.0 0
  101.42448399999999 248.0 0
  101.459755 124.0 0
  101.55882299999999 320.0 0
  101.901123 228.0 0
  102.19753999999999 116.0 0
  102.302162 156.0 0
  102.37403099999999 124.0 0
  102.85303499999999 168.0 0
  102.96842199999999 186.800903 0
  103.05377999999999 1181.990967 1
  103.068855 100.0 0
  103.970024 1716.0 1
  104.006981 60.0 0
  104.04800399999999 476.0 0
  104.47132099999999 68.0 0
  104.665146 200.0 0
  104.875648 124.0 0
  105.23866299999999 44.0 0
  105.66188799999999 232.0 0
  105.826454 156.0 0
  105.903915 148.0 0
  106.064369 548.0 0
  106.646683 192.0 0
  106.980728 196.0 0
  106.99118 164.0 0
  107.06417099999999 29.891029 0
  107.09575799999999 144.0 0
  107.12557199999999 208.0 0
  107.454498 236.0 0
  107.66935 128.0 0
  107.805122 180.0 0
  107.96101399999999 68.0 0
  108.077057 590.0 1
  108.53611799999999 128.0 0
  108.632812 152.0 0
  108.88758899999999 140.0 0
  108.95960199999999 172.0 0
  109.030014 352.0 0
  109.042717 424.0 0
  109.065857 243.315002 0
  109.482788 148.0 0
  109.638702 176.0 0
  110.06137799999999 1540.0 1
  110.44238999999999 124.0 0
  110.697357 184.0 0
  110.807442 156.0 0
  110.980263 212.0 0
  111.080894 160.0 0
  111.186752 168.0 0
  111.190773 264.0 0
  111.319977 148.0 0
  111.60192099999999 156.0 0
  111.822037 44.0 0
  111.893394 200.0 0
  111.952827 108.0 0
  112.110199 436.0 0
  112.53523299999999 15.13636 0
  112.76615899999999 156.0 0
  112.788528 120.0 0
  113.040207 204.0 0
  114.391853 5.5625 0
  114.49649799999999 152.0 0
  114.66613 156.0 0
  114.73455799999999 28.0 0
  114.75767499999999 224.0 0
  114.898079 160.0 0
  115.00421899999999 156.0 0
  115.010812 160.0 0
  115.09709199999999 456.0 0
  115.130043 44.0 0
  115.29313699999999 208.0 0
  115.56947299999999 44.0 0
  115.831306 196.0 0
  115.959648 152.0 0
  115.965454 110.378601 0
  116.004578 272.0 0
  116.040375 192.0 0
  116.148849 72.0 0
  116.19719699999999 20.663309 0
  116.389832 176.0 0
  116.637199 240.0 0
  116.95408599999999 240.0 0
  117.03372999999999 456.0 0
  117.045143 214.0 0
  117.06665799999999 28.200199 0
  117.15995 220.0 0
  117.357811 6.963333 0
  117.51491499999999 156.0 0
  117.54306799999999 68.0 0
  117.847466 124.0 0
  117.868484 104.0 0
  117.910561 7.4125 0
  118.02226999999999 44.0 0
  118.88355299999999 204.0 0
  119.077568 164.0 0
  119.277153 176.0 0
  119.537537 140.0 0
  119.969009 168.0 0
  120.03602599999999 132.0 0
  120.07940699999999 160.0 0
  120.19262699999999 10.00772 0
  120.410927 152.0 0
  120.549477 164.0 0
  120.718964 44.0 0
  121.040611 29.087681 0
  121.06034899999999 49066.0 42
  121.063705 500.0 0
  121.082489 144.0 0
  121.194153 24.14015 0
  121.30027799999999 9.4375 0
  121.382835 172.0 0
  121.466377 232.0 0
  121.94775399999999 128.0 0
  122.054718 172.0 0
  122.05677 312.0 0
  122.068596 156.0 0
  122.08815799999999 104.0 0
  122.11788899999999 240.0 0
  122.171494 92.0 0
  122.719376 212.0 0
  122.87432899999999 208.0 0
  123.005287 8596.0 7
  123.249825 120.0 0
  123.866486 156.0 0
  124.07668299999999 132.0 0
  124.176971 144.0 0
  124.188988 76.0 0
  124.284988 108.0 0
  124.340035 164.0 0
  125.111992 168.0 0
  125.11762999999999 80.0 0
  125.147171 26.67864 0
  125.1968 5.774123 0
  125.22692099999999 216.0 0
  125.470535 204.0 0
  125.480064 144.0 0
  125.49539899999999 132.0 0
  125.758591 224.0 0
  125.77315499999999 180.0 0
  126.025094 120.0 0
  126.048492 292.0 0
  126.098305 188.0 0
  126.121399 164.0 0
  126.221672 140.0 0
  126.374794 140.0 0
  126.51643399999999 152.0 0
  126.568321 132.0 0
  126.57244899999999 42.281979 0
  126.92436199999999 144.0 0
  126.949326 136.0 0
  127.13188199999999 116.0 0
  127.178467 16.505211 0
  127.347099 11.36608 0
  127.4319 40.0 0
  127.44292399999999 164.0 0
  127.72486099999999 220.0 0
  128.043488 124.0 0
  128.047226 10.8442 0
  128.062546 376.0 0
  128.695679 176.0 0
  128.940506 92.0 0
  129.04293800000002 232.163559 0
  129.355988 120.0 0
  129.816788 100.0 0
  129.85441600000001 100.0 0
  130.231491 280.0 0
  130.34726 48.0 0
  130.426498 112.0 0
  130.45257600000002 160.0 0
  130.907181 204.0 0
  130.911987 148.0 0
  130.9608 188.0 0
  130.98793 188.0 0
  131.04899600000002 240.0 0
  131.128693 64.0 0
  131.136322 100.0 0
  131.255325 96.0 0
  131.36711100000002 2.167572 0
  131.392197 128.0 0
  131.570404 172.0 0
  131.595322 96.0 0
  131.79487600000002 156.0 0
  131.800613 18.09339 0
  132.06163 152.0 0
  132.155609 56.0 0
  132.178726 188.0 0
  132.301895 132.0 0
  132.854248 140.0 0
  132.875732 124.0 0
  133.02615400000002 134.0 0
  133.061172 3060.0 3
  133.41583300000002 60.0 0
  133.684494 192.0 0
  133.74971000000002 112.0 0
  133.76980600000002 192.0 0
  133.805573 172.0 0
  133.863373 144.0 0
  133.894257 144.0 0
  133.897797 144.0 0
  133.92816200000001 180.0 0
  134.036102 532.0 0
  134.145981 62.548 0
  134.335464 124.0 0
  134.38623 148.0 0
  134.855804 160.0 0
  134.967743 232.0 0
  135.20460500000002 196.0 0
  135.26490800000002 176.0 0
  135.682983 112.0 0
  135.74250800000002 136.0 0
  135.92631500000002 92.0 0
  136.051987 8301.0 7
  136.08209200000002 164.0 0
  136.085617 112.0 0
  136.53761300000002 140.0 0
  136.70356800000002 188.0 0
  136.78302000000002 144.0 0
  136.822678 68.0 0
  136.886414 208.0 0
  136.931366 268.0 0
  137.000107 72.0 0
  137.00946000000002 200.0 0
  137.022156 860.0 1
  137.035568 176.0 0
  137.120667 224.0 0
  137.133789 1112.0 1
  137.17115800000002 88.0 0
  137.221909 188.0 0
  137.591309 24.09481 0
  138.05169700000002 94006.0 80
  138.227295 124.0 0
  138.31071500000002 120.0 0
  138.393921 232.0 0
  138.70851100000002 152.0 0
  139.57054100000002 112.0 0
  139.807816 6.160088 0
  139.84449800000002 152.0 0
  139.969604 204.0 0
  139.972733 84.0 0
  140.06315600000002 724.0 1
  140.238022 88.0 0
  140.276733 28.0 0
  140.5952 4.673611 0
  140.763397 180.0 0
  141.01551800000001 188.0 0
  141.048019 848.0 1
  141.569275 200.0 0
  141.82865900000002 68.0 0
  142.04740900000002 1072.0 1
  142.42747500000002 176.0 0
  142.933884 188.0 0
  143.01918 192.0 0
  143.05036900000002 192.0 0
  143.07637 160.0 0
  143.760864 352.0 0
  143.80899000000002 13.77209 0
  144.16841100000002 72.0 0
  144.781677 40.0 0
  145.06282000000002 220.0 0
  145.415787 136.0 0
  145.928055 52.0 0
  145.96339400000002 148.0 0
  146.025848 628.0 1
  146.027985 268.0 0
  146.068466 832.0 1
  146.126724 100.0 0
  147.00190700000002 444.0 0
  147.03225700000002 38.461071 0
  147.202744 216.0 0
  147.408554 136.0 0
  147.43394500000002 60.0 0
  148.03775000000002 192.0 0
  148.062164 190859.0 162
  148.07342500000001 3284.0 3
  148.076065 3788.0 3
  148.11952200000002 208.0 0
  148.337173 88.0 0
  148.44364900000002 60.0 0
  149.024277 148.0 0
  149.10188300000002 156.0 0
  149.39201400000002 156.0 0
  149.509064 156.0 0
  149.823151 112.0 0
  149.891983 224.0 0
  150.02577200000002 1376.0 1
  150.328293 160.0 0
  150.88497900000002 68.0 0
  151.02851900000002 160.0 0
  151.035568 140.0 0
  151.07333400000002 252.482697 0
  151.38621500000002 176.0 0
  152.06225600000002 1524.0 1
  152.078156 816.0 1
  152.112686 42.00658 0
  152.177094 60.0 0
  152.411682 3.639098 0
  152.78598 216.0 0
  152.94729600000002 21.191669 0
  153.020508 184.0 0
  153.08879100000001 292.0 0
  153.162521 136.0 0
  153.397751 5.4375 0
  154.019577 144.0 0
  154.272537 188.0 0
  154.665985 124.0 0
  154.748886 172.0 0
  154.827606 164.0 0
  155.085602 340.0 0
  155.135757 308.0 0
  155.16394 216.0 0
  155.20858800000002 188.0 0
  155.327332 10.47947 0
  155.574341 188.0 0
  155.69944800000002 56.0 0
  155.71286 208.0 0
  155.87771600000002 52.0 0
  155.930527 108.0 0
  156.018524 200.0 0
  156.093018 692.0 1
  156.57101400000002 184.0 0
  156.812454 72.0 0
  156.991013 192.0 0
  157.09985400000002 136.0 0
  157.19769300000002 15.77438 0
  157.42131 212.0 0
  157.523895 216.0 0
  157.984833 140.0 0
  158.03653 172.0 0
  158.058838 100.0 0
  158.381744 68.0 0
  158.435532 30.573151 0
  158.829758 124.0 0
  158.895325 252.0 0
  159.07736200000002 420.0 0
  159.4198 216.0 0
  159.649078 168.0 0
  159.822662 35.5 0
  160.062271 46.229599 0
  160.232773 5.184627 0
  160.514816 200.0 0
  160.91893000000002 168.0 0
  161.040649 144.0 0
  161.04541 164.0 0
  161.443207 168.0 0
  161.67918400000002 96.0 0
  161.986465 156.0 0
  162.028931 84.0 0
  162.17163100000002 7.395202 0
  162.207184 16.872721 0
  162.388184 74.626152 0
  162.678879 148.0 0
  163.053894 144.0 0
  163.07466100000002 636.0 1
  163.08891300000002 84119.0 72
  163.09454300000002 652.0 1
  163.243378 64.0 0
  163.34599300000002 176.0 0
  164.444351 44.0 0
  165.565018 208.0 0
  165.664093 176.0 0
  166.028344 144.0 0
  166.052567 172.0 0
  166.084808 1292.0 1
  166.211624 196.0 0
  166.667496 52.0 0
  166.94429 152.0 0
  166.99662800000002 168.0 0
  167.024582 76.0 0
  167.099954 216.0 0
  167.15823400000002 408.0 0
  167.434311 140.0 0
  167.444534 21.43047 0
  167.460022 144.0 0
  168.396469 72.0 0
  169.02478000000002 244.0 0
  169.06509400000002 188.0 0
  169.41746500000002 68.0 0
  169.560052 148.0 0
  169.715179 192.0 0
  170.041 164.0 0
  170.074295 216.0 0
  170.848206 152.0 0
  170.990112 236.0 0
  171.205063 52.0 0
  171.55749500000002 17.085939 0
  172.060593 220.0 0
  172.51225300000002 6.125 0
  172.63758900000002 180.0 0
  172.780396 112.0 0
  173.056183 172.0 0
  173.090912 6521.39209 6
  173.108078 268.0 0
  173.134903 136.0 0
  173.186203 196.0 0
  173.34037800000002 100.0 0
  174.076355 280.0 0
  174.085678 116.0 0
  174.28067000000001 104.0 0
  175.678726 224.0 0
  176.79104600000002 200.0 0
  176.87144500000002 140.0 0
  177.077164 5080.0 4
  177.08337400000002 180.0 0
  177.460617 140.0 0
  178.075455 176.0 0
  178.582336 164.0 0
  178.636765 152.0 0
  178.690033 184.0 0
  178.976013 224.0 0
  179.06636 19088.0 16
  179.08363300000002 84.0 0
  179.36145000000002 112.0 0
  179.547028 172.0 0
  179.63278200000002 180.0 0
  180.058899 50.484852 0
  180.11351000000002 76.0 0
  180.60067700000002 4.0 0
  180.815369 76.0 0
  181.059671 156.0 0
  181.099182 2040.0 2
  181.193475 308.0 0
  181.435608 192.0 0
  181.44137600000002 36.0 0
  181.965866 156.0 0
  182.16449 2.678571 0
  182.416534 72.0 0
  183.12011700000002 74.595238 0
  183.368423 196.0 0
  183.459885 773.0 1
  184.55453500000002 144.0 0
  185.009995 172.0 0
  185.07307400000002 144.0 0
  185.091568 2702.0 2
  185.096481 1916.0 2
  185.151184 128.0 0
  185.595337 156.0 0
  186.115417 248.0 0
  186.610794 13.3947 0
  186.648468 132.0 0
  186.68429600000002 160.0 0
  187.187881 168.0 0
  187.39239500000002 224.0 0
  187.583862 103.540199 0
  187.81672700000001 152.0 0
  188.114334 192.0 0
  188.123825 88.0 0
  188.238159 160.0 0
  188.886887 44.0 0
  189.109726 1996.0 2
  189.127747 852.0 1
  189.574371 112.0 0
  189.864777 96.0 0
  190.02508500000002 168.0 0
  190.041931 224.0 0
  190.13325500000002 368.0 0
  190.384445 116.0 0
  190.91523700000002 128.0 0
  191.06663500000002 216.0 0
  191.135239 168.0 0
  191.45079 180.0 0
  191.627411 88.0 0
  191.719681 204.0 0
  192.11937 276.0 0
  192.195831 172.0 0
  193.134949 8940.0 8
  193.592896 9.027778 0
  193.937958 140.0 0
  194.044983 280.0 0
  194.065506 26.67284 0
  194.08187900000001 1320.0 1
  194.10089100000002 140.0 0
  194.276947 168.0 0
  194.290909 100.0 0
  194.397614 160.0 0
  195.09833600000002 172.0 0
  195.108841 539.0 0
  195.373611 88.0 0
  195.78886400000002 148.0 0
  195.98069800000002 124.0 0
  196.081512 144.0 0
  196.087402 824.0 1
  196.945267 156.0 0
  197.85188300000002 152.0 0
  197.85565200000002 192.0 0
  198.30496200000002 100.0 0
  198.57891800000002 80.0 0
  198.897919 52.0 0
  199.17584200000002 6.711957 0
  199.88450600000002 208.0 0
  200.52507 160.0 0
  200.941498 156.0 0
  201.05603000000002 136.0 0
  201.086975 192.0 0
  201.336578 4.981617 0
  201.429642 48.0 0
  202.098434 2510.0 2
  202.82782 192.0 0
  202.946945 52.0 0
  203.042542 160.0 0
  203.234833 172.0 0
  203.315659 176.0 0
  203.480164 176.0 0
  203.711868 76.0 0
  203.717941 11.15705 0
  203.721237 36.0 0
  203.888 192.0 0
  203.89561500000002 228.0 0
  204.064926 1764.0 1
  204.108765 888.0 1
  204.25610400000002 9.825807 0
  204.641647 160.0 0
  204.80676300000002 148.0 0
  204.95481900000001 324.0 0
  205.045975 304.0 0
  205.404099 188.0 0
  206.054077 6704.0 6
  206.208435 2.509868 0
  206.90441900000002 164.0 0
  207.03533900000002 172.0 0
  207.11582900000002 352.309387 0
  207.20607 216.0 0
  207.408478 17.25271 0
  207.44310000000002 244.0 0
  207.715958 168.0 0
  207.940872 60.0 0
  208.483627 52.0 0
  209.01554900000002 14.814508 0
  209.080063 136.0 0
  209.639343 180.0 0
  209.854309 160.0 0
  209.901001 9.115 0
  210.39918500000002 108.0 0
  210.774033 36.0 0
  210.82350200000002 132.0 0
  211.087311 8956.0 8
  211.76954700000002 104.0 0
  212.062531 132.0 0
  212.97496 188.0 0
  213.077133 152.0 0
  213.438187 152.0 0
  213.455688 148.0 0
  213.88694800000002 212.0 0
  213.916809 68.0 0
  213.942902 10.53846 0
  214.133575 328.0 0
  214.36364700000001 1.410877 0
  214.447311 220.0 0
  214.666977 152.0 0
  215.10318 128.0 0
  215.10676600000002 48.045971 0
  215.450272 108.0 0
  216.824051 140.0 0
  217.005966 164.0 0
  217.06921400000002 52.888023 0
  217.102203 676.0 1
  217.11621100000002 192.0 0
  218.022751 284.0 0
  218.554413 88.0 0
  218.91658 96.0 0
  219.11419700000002 452.136108 0
  219.701309 156.0 0
  220.056366 23685.0 20
  220.078857 236.0 0
  221.061234 176.0 0
  221.077606 3149.0 3
  221.08015400000002 2680.0 2
  221.276382 156.0 0
  221.653107 120.0 0
  221.880371 144.0 0
  221.999435 44.0 0
  222.036896 116.0 0
  222.11334200000002 192.0 0
  222.564941 124.0 0
  223.389679 132.0 0
  225.882111 164.0 0
  226.043091 156.0 0
  226.052521 160.0 0
  226.112717 552.0 0
  226.12376400000002 180.0 0
  227.300171 4.694444 0
  227.605728 184.0 0
  228.15447400000002 328.0 0
  228.164795 232.0 0
  229.084518 324.0 0
  229.111984 27.125 0
  229.164062 84.0 0
  229.31178300000002 164.0 0
  229.971314 104.0 0
  230.077896 185.550705 0
  230.169159 304.0 0
  230.206802 128.0 0
  230.232391 168.0 0
  230.496033 176.0 0
  231.150879 936.0 1
  231.349762 152.0 0
  231.68872100000002 128.0 0
  231.819092 104.0 0
  233.10595700000002 280.0 0
  233.39859 168.0 0
  234.08616600000002 284.0 0
  234.65155000000001 59.487572 0
  234.934189 160.0 0
  235.08268700000002 164.0 0
  235.138 168.0 0
  235.37548800000002 84.0 0
  235.830048 10.0121 0
  235.99025 60.0 0
  237.054932 184.0 0
  237.21769700000002 140.0 0
  238.269958 20.921881 0
  238.68223600000002 168.0 0
  239.143784 60.500801 0
  240.01431300000002 180.0 0
  240.209549 140.0 0
  240.336288 96.0 0
  242.083344 11.119257 0
  243.09681700000002 163997.0 139
  243.171402 200.0 0
  243.349487 152.0 0
  243.464157 176.0 0
  244.283859 48.0 0
  244.56341600000002 160.0 0
  245.04208400000002 112.0 0
  245.05574000000001 1912.0 2
  245.38107300000001 72.0 0
  245.573898 128.0 0
  245.767563 72.0 0
  246.322418 136.0 0
  246.374573 152.0 0
  246.57092300000002 160.0 0
  247.04676800000001 188.0 0
  247.051117 4443.0 4
  247.153549 1032.0 1
  248.026382 176.0 0
  248.15094000000002 62.163422 0
  248.15905800000002 36.0 0
  248.515579 184.0 0
  248.84175100000002 120.0 0
  249.028381 208.0 0
  249.049759 204.0 0
  249.05337500000002 220.0 0
  249.933762 12.78922 0
  249.99691800000002 464.0 0
  250.42082200000002 172.0 0
  251.007797 112.0 0
  251.141098 300.0 0
  251.729874 7.506945 0
  252.026489 168.0 0
  252.073746 197.331894 0
  252.190979 436.0 0
  252.593613 180.0 0
  253.961761 160.0 0
  254.058808 212.0 0
  254.071259 5557.0 5
  254.08161900000002 128.0 0
  255.054077 148.0 0
  255.13278200000002 22142.0 19
  256.191864 152.0 0
  256.204224 180.0 0
  257.152557 219.0 0
  257.836548 196.0 0
  259.147291 3587.0 3
  260.03799399999997 1141017.0 970
  261.099182 1175162.0 999
  261.835083 168.0 0
  262.254669 204.0 0
  262.440765 76.0 0
  263.760773 20.0 0
  264.077606 120.0 0
  264.35022 17.75667 0
  264.40237399999995 10.53333 0
  265.10546899999997 268.0 0
  265.41488599999997 60.0 0
  266.05209399999995 48.0 0
  266.116364 864.858582 1
  266.15106199999997 796.0 1
  266.35290499999996 212.0 0
  268.050598 456.0 0
  268.790619 188.0 0
  269.424011 48.0 0
  269.56658899999996 44.0 0
  269.84622199999995 192.0 0
  269.85549899999995 100.0 0
  270.455444 128.0 0
  271.170929 208.0 0
  271.427643 144.0 0
  271.48907499999996 9.429762 0
  271.587311 156.0 0
  273.130096 168.0 0
  274.18206799999996 176.0 0
  274.875793 9.751562 0
  275.043732 15092.0 13
  275.116608 188.0 0
  275.382904 212.0 0
  275.86972 168.0 0
  276.17022699999995 304.0 0
  276.332001 88.0 0
  277.088959 120.0 0
  277.767853 12.37306 0
  279.134735 104.508698 0
  279.17501799999997 1146.359009 1
  280.614777 48.0 0
  282.357178 32.0 0
  282.877319 160.0 0
  283.40564 152.0 0
  284.662689 34.5242 0
  284.945496 88.0 0
  285.15286299999997 144.0 0
  285.709045 104.0 0
  286.222198 248.0 0
  287.139435 880.0 1
  287.447998 92.0 0
  287.84674099999995 84.0 0
  288.14309699999995 172.0 0
  289.866699 180.0 0
  290.43258699999996 88.0 0
  290.83789099999996 80.0 0
  291.268463 112.0 0
  291.492828 68.0 0
  291.904053 192.0 0
  293.746246 152.0 0
  293.95275899999996 120.0 0
  294.156708 164814.0 140
  294.84982299999996 120.0 0
  295.566406 48.0 0
  295.669373 196.0 0
  296.867981 72.0 0
  297.197144 38.555241 0
  299.069794 1240.0 1
  300.585358 76.0 0
  302.308899 164.0 0
  303.067749 420.0 0
  303.717377 48.0 0
  304.63879399999996 164.0 0
  307.180969 22270.519531 19
  309.01199299999996 148.0 0
  309.045929 116.0 0
  309.19699099999997 160.0 0
  311.277466 196.0 0
  313.069489 397.0 0
  314.48922699999997 7.510417 0
  317.18069499999996 168.0 0
  317.49096699999996 224.0 0
  320.06958 172.0 0
  320.125336 240.0 0
  322.665985 144.0 0
  323.34106399999996 152.0 0
  324.14977999999996 84.0 0
  324.72049 72.0 0
  324.969879 212.0 0
  325.10772699999995 168.0 0
  325.16781599999996 13.89556 0
  326.23202499999996 196.0 0
  326.96286 148.0 0
  327.168274 31674.0 27
  328.28240999999997 180.0 0
  328.63680999999997 112.0 0
  329.12875399999996 11.42857 0
  330.06735199999997 241.0 0
  331.17666599999995 380.0 0
  331.671783 8.672222 0
  333.092407 275.0 0
  334.128518 1.0 0
  335.27960199999995 6.142045 0
  336.10411999999997 88.0 0
  339.50494399999997 108.0 0
  340.197815 176.0 0
  340.35797099999996 64.0 0
  343.52444499999996 33.00161 0
  343.56796299999996 40.0 0
  343.816528 120.0 0
  343.82525599999997 368.0 0
  347.15799 148.0 0
  348.193383 280.0 0
  349.180145 152.0 0
  352.599152 152.0 0
  353.06454499999995 66.671829 0
  353.10238599999997 196.0 0
  353.308136 72.0 0
  354.079498 31.578381 0
  354.13665799999995 172.0 0
  355.073266 300.0 0
  358.01724199999995 52.0 0
  358.12255899999997 34712.0 30
  361.647858 112.0 0
  365.006531 88.0 0
  365.261438 3001.0 3
  369.063965 172.0 0
  369.749939 51.24651 0
  374.360321 96.0 0
  375.952301 164.0 0
  377.696594 208.0 0
  379.10162399999996 40.0 0
  379.800049 124.0 0
  380.559937 132.0 0
  383.067657 245.9328 0
  386.14309099999997 103.0 0
  387.650024 8.700757 0
  390.86319 60.0 0
  391.273034 602.0 1
  393.374176 20.42853 0
  393.92391999999995 76.0 0
  394.214563 352.0 0
  395.857574 136.0 0
  397.307709 164.0 0
  403.982941 184.0 0
  407.17004399999996 1.0 0
  409.694794 148.0 0
  411.96463 188.0 0
  413.053345 292.0 0
  416.23211699999996 1.67231 0
  418.199677 144.0 0
  418.684509 204.0 0
  419.019226 64.0 0
  419.335419 152.0 0
  421.08660899999995 188.0 0
  421.14642299999997 1180.0 1
  423.16629 304.0 0
  424.204254 20.80179 0
  424.224633 36.0 0
  426.89419599999997 340.0 0
  430.10882599999997 160.0 0
  431.21289099999996 15937.0 14
  434.317261 92.0 0
  442.99859599999996 124.0 0
  451.734894 168.0 0
  464.183587 172.0 0
  491.762177 240.0 0
  496.47317499999997 148.0 0
  502.240906 132.0 0
  505.639862 136.0 0
  505.964752 144.0 0
  509.68069499999996 96.0 0
  541.346619 1470.0 1
  555.312988 128.0 0
  563.860168 76.0 0
  567.3098140000001 7056.0 6
  584.8678590000001 26.821239 0
  626.428406 148.0 0
  633.360901 332.0 0
  655.82055 152.0 0
  681.245588 116.0 0
  700.8733460000001 160.0 0
  747.827935 140.0 0
  751.942505 2.542848 0
  840.0809330000001 5.083298 0
  854.3393550000001 4683.104004 4
//
