ACCESSION: CCMSLIB00000084947
RECORD_TITLE: decoy
DATE: 2015.11.20
AUTHORS: Administrator
LICENSE: CC BY-SA
CH$NAME: decoy
CH$COMPOUND_CLASS: Natural Product
CH$FORMULA: C19H19NOS
CH$EXACT_MASS: 309.118735228
CH$SMILES: N/A
CH$IUPAC: decoy
CH$LINK: N/A
AC$INSTRUMENT: decoy
AC$INSTRUMENT_TYPE: decoy
AC$MASS_SPECTROMETRY: MS_TYPE MS2
AC$MASS_SPECTROMETRY: ION_MODE POSITIVE
AC$MASS_SPECTROMETRY: COLLISION_ENERGY 10 V
MS$FOCUSED_ION: PRECURSOR_M/Z 310
MS$FOCUSED_ION: PRECURSOR_TYPE [M+H]+
PK$NUM_PEAK: 51
PK$PEAK: m/z int. rel.int.
  90.046405 1.15 11
  97.10118 12.06 120
  106.065129 40.84 408
  107.01275899999999 24.42 244
  107.049145 5.62 56
  111.04405899999999 1.56 16
  117.06988 7.92 79
  120.044394 6.57 66
  120.08077899999999 2.0 20
  121.028409 100.0 999
  121.039643 2.18 22
  122.08385299999999 3.74 37
  128.046799 1.55 15
  128.06205500000002 0.96 10
  131.049145 12.46 124
  132.101909 6.21 62
  134.060044 7.21 72
  140.04947900000002 9.51 95
  142.065129 1.96 20
  147.055293 0.42 4
  153.06988 0.36 4
  155.117893 96.88 968
  158.117559 100.0 999
  159.080445 17.88 179
  161.059709 23.42 234
  166.005421 32.85 328
  170.096429 5.14 51
  171.09282100000001 1.57 16
  171.97153400000002 4.88 49
  173.132481 67.4 673
  176.040274 0.75 7
  177.01823900000002 11.79 118
  182.081173 5.3 53
  183.080445 4.31 43
  183.11683000000002 13.78 138
  184.063118 49.19 491
  192.093355 1.72 17
  200.07060900000002 3.42 34
  200.13935700000002 29.67 296
  203.070274 10.61 106
  203.081508 62.68 626
  208.04268000000002 4.66 47
  211.148131 10.12 101
  217.12231 1.24 12
  224.07060900000002 80.0 799
  235.088423 44.12 441
  263.09408399999995 9.26 93
  266.155574 0.74 7
  268.096823 1.05 10
  276.97200799999996 91.05 910
  310.126015 80.29 802
//
