ACCESSION: CCMSLIB00000079411
RECORD_TITLE: decoy
DATE: 2015.11.20
AUTHORS: Administrator
LICENSE: CC BY-SA
CH$NAME: decoy
CH$COMPOUND_CLASS: Natural Product
CH$FORMULA: C24H23N3O4
CH$EXACT_MASS: 417.16885621600005
CH$SMILES: N/A
CH$IUPAC: decoy
CH$LINK: N/A
AC$INSTRUMENT: decoy
AC$INSTRUMENT_TYPE: decoy
AC$MASS_SPECTROMETRY: MS_TYPE MS2
AC$MASS_SPECTROMETRY: ION_MODE POSITIVE
AC$MASS_SPECTROMETRY: COLLISION_ENERGY 10 V
MS$FOCUSED_ION: PRECURSOR_M/Z 418
MS$FOCUSED_ION: PRECURSOR_TYPE [M+H]+
PK$NUM_PEAK: 38
PK$PEAK: m/z int. rel.int.
  91.05422999999999 7.18 72
  93.06988 0.21 2
  102.046405 8.36 84
  107.036569 37.07 370
  107.08552999999999 0.26 3
  115.05422999999999 1.62 16
  118.065129 1.54 15
  123.11683 10.92 109
  124.034126 2.74 27
  127.07535999999999 1.39 14
  128.997109 10.18 102
  130.065129 5.89 59
  133.064795 4.9 49
  134.096429 5.8 58
  135.080445 9.97 100
  137.023324 18.43 184
  141.981923 9.31 93
  144.080779 2.88 29
  155.04244200000002 3.65 36
  161.059709 6.96 70
  162.001958 31.27 312
  171.088998 3.46 35
  172.075694 5.72 57
  173.107328 0.34 3
  181.19508100000002 0.91 9
  190.122644 43.27 432
  197.09609500000002 6.96 70
  209.107328 5.04 50
  211.09648900000002 0.0 0
  211.111745 6.56 66
  227.143045 4.41 44
  247.087736 10.09 101
  255.11617900000002 100.0 999
  277.15869499999997 11.48 115
  314.137345 1.12 11
  321.148525 13.87 139
  407.170048 2.97 30
  418.176136 5.13 51
//
