ACCESSION: CCMSLIB00000004381
RECORD_TITLE: decoy
DATE: 2015.11.20
AUTHORS: Administrator
LICENSE: CC BY-SA
CH$NAME: decoy
CH$COMPOUND_CLASS: Natural Product
CH$FORMULA: C25H34O6
CH$EXACT_MASS: 430.235538808
CH$SMILES: N/A
CH$IUPAC: decoy
CH$LINK: N/A
AC$INSTRUMENT: decoy
AC$INSTRUMENT_TYPE: decoy
AC$MASS_SPECTROMETRY: MS_TYPE MS2
AC$MASS_SPECTROMETRY: ION_MODE POSITIVE
AC$MASS_SPECTROMETRY: COLLISION_ENERGY 10 V
MS$FOCUSED_ION: PRECURSOR_M/Z 431
MS$FOCUSED_ION: PRECURSOR_TYPE [M+H]+
PK$NUM_PEAK: 59
PK$PEAK: m/z int. rel.int.
  102.046405 1.05 5
  105.029472 4.62 24
  105.03349499999999 100.0 516
  115.05422999999999 0.62 3
  117.05730399999999 9.84 51
  117.06988 6.63 34
  121.076028 1.39 7
  122.071277 9.99 52
  123.080445 2.31 12
  125.059709 20.62 106
  130.122644 37.34 193
  132.080779 100.0 516
  135.080445 8.82 46
  135.11683000000002 5.57 29
  136.9281 0.86 4
  139.05423000000002 4.18 22
  140.99759600000002 0.92 5
  141.09101 4.9 25
  145.064795 22.06 114
  147.044059 1.12 6
  150.031149 4.42 23
  153.01823900000002 55.38 286
  156.044394 3.15 16
  157.01449100000002 0.68 4
  159.034854 0.59 3
  161.987185 9.14 47
  163.062783 3.47 18
  165.067511 16.6 86
  167.070274 0.83 4
  173.023324 10.09 52
  175.08659300000002 10.86 56
  177.021406 93.88 484
  180.047765 25.22 130
  183.060458 64.96 335
  184.11207900000002 4.67 24
  189.127395 3.57 18
  193.064795 7.47 39
  205.076028 1.78 9
  209.09609500000002 3.74 19
  213.09101 7.22 37
  217.108391 5.02 26
  218.967081 7.73 40
  225.05462400000002 2.06 11
  253.12231 0.7 4
  260.13935699999996 80.46 415
  266.10096 13.95 72
  270.090692 65.27 337
  274.071313 4.57 24
  279.08093199999996 1.48 8
  283.18049299999996 0.0 0
  300.125718 100.0 516
  337.310111 3.1 16
  340.154338 1.88 10
  363.206708 193.63 999
  371.22168899999997 0.69 4
  382.128517 46.9 242
  391.26315999999997 5.03 26
  393.217273 79.87 412
  431.242819 0.0 0
//
