ACCESSION: CCMSLIB00000085331
RECORD_TITLE: decoy
DATE: 2015.11.20
AUTHORS: Administrator
LICENSE: CC BY-SA
CH$NAME: decoy
CH$COMPOUND_CLASS: Natural Product
CH$FORMULA: C22H29FO4
CH$EXACT_MASS: 376.204987628
CH$SMILES: N/A
CH$IUPAC: decoy
CH$LINK: N/A
AC$INSTRUMENT: decoy
AC$INSTRUMENT_TYPE: decoy
AC$MASS_SPECTROMETRY: MS_TYPE MS2
AC$MASS_SPECTROMETRY: ION_MODE POSITIVE
AC$MASS_SPECTROMETRY: COLLISION_ENERGY 10 V
MS$FOCUSED_ION: PRECURSOR_M/Z 377
MS$FOCUSED_ION: PRECURSOR_TYPE [M+H]+
PK$NUM_PEAK: 39
PK$PEAK: m/z int. rel.int.
  91.05422999999999 43.47 360
  102.046405 6.77 56
  109.06479499999999 4.04 33
  112.075694 0.32 3
  117.05730399999999 1.0 8
  117.06988 7.38 61
  118.065129 1.28 11
  120.08077899999999 1.8 15
  121.028409 45.54 377
  121.052219 8.97 74
  133.028409 3.21 27
  135.007674 2.31 19
  142.046286 25.16 208
  144.044394 2.36 20
  148.11207900000002 2.06 17
  149.059709 1.2 10
  158.109005 2.3 19
  159.080445 5.92 49
  169.049539 1.45 12
  187.111745 13.79 114
  188.05017 100.0 827
  193.088604 4.16 34
  196.075694 56.01 463
  197.108471 0.0 0
  199.12297800000002 1.02 8
  208.13320900000002 47.83 396
  215.081508 9.14 76
  221.09609500000002 1.29 11
  231.19547500000002 5.84 48
  234.104407 2.12 18
  245.11722400000002 56.78 470
  247.08525 3.53 29
  270.079255 100.0 827
  274.180159 1.37 11
  282.13494 1.06 9
  286.094612 0.0 0
  349.20095399999997 0.0 0
  377.20710199999996 120.78 999
  377.212268 0.0 0
//
