ACCESSION: CCMSLIB00000078096
RECORD_TITLE: decoy
DATE: 2015.11.20
AUTHORS: Administrator
LICENSE: CC BY-SA
CH$NAME: decoy
CH$COMPOUND_CLASS: Natural Product
CH$FORMULA: C23H25N5O5
CH$EXACT_MASS: 451.1855689
CH$SMILES: N/A
CH$IUPAC: decoy
CH$LINK: N/A
AC$INSTRUMENT: decoy
AC$INSTRUMENT_TYPE: decoy
AC$MASS_SPECTROMETRY: MS_TYPE MS2
AC$MASS_SPECTROMETRY: ION_MODE POSITIVE
AC$MASS_SPECTROMETRY: COLLISION_ENERGY 10 V
MS$FOCUSED_ION: PRECURSOR_M/Z 452
MS$FOCUSED_ION: PRECURSOR_TYPE [M+H]+
PK$NUM_PEAK: 42
PK$PEAK: m/z int. rel.int.
  104.062055 1.07 8
  107.01275899999999 0.22 2
  115.032449 0.3 2
  115.05422999999999 5.92 43
  121.10118 1.16 8
  122.071277 1.21 9
  124.112079 2.08 15
  126.09134399999999 0.33 2
  132.044394 0.3 2
  139.07536000000002 26.13 188
  147.080445 29.51 212
  154.065129 1.12 8
  157.076028 1.35 10
  161.059709 1.1 8
  162.03452000000001 12.77 92
  166.077705 12.23 88
  167.154279 0.44 3
  168.03410300000002 2.75 20
  174.12772900000002 0.63 5
  177.09101 0.77 6
  184.015986 100.0 718
  188.033367 4.24 30
  189.127395 4.1 29
  193.085924 5.89 42
  204.954314 3.28 24
  208.075694 37.61 270
  227.03388900000002 1.43 10
  236.999625 46.0 330
  237.063413 1.75 13
  238.09749200000002 6.49 47
  249.09101 4.33 31
  267.10157399999997 2.42 17
  277.033375 100.0 718
  283.16926 9.02 65
  299.10531699999996 100.0 718
  319.154004 10.12 73
  322.01001499999995 12.06 87
  344.104114 0.76 5
  347.175408 14.07 101
  376.120633 4.03 29
  449.087199 23.57 169
  452.19284899999997 139.15 999
//
