ACCESSION: CCMSLIB00000079461
RECORD_TITLE: decoy
DATE: 2015.11.20
AUTHORS: Administrator
LICENSE: CC BY-SA
CH$NAME: decoy
CH$COMPOUND_CLASS: Natural Product
CH$FORMULA: C25H24N2O6
CH$EXACT_MASS: 448.163436488
CH$SMILES: N/A
CH$IUPAC: decoy
CH$LINK: N/A
AC$INSTRUMENT: decoy
AC$INSTRUMENT_TYPE: decoy
AC$MASS_SPECTROMETRY: MS_TYPE MS2
AC$MASS_SPECTROMETRY: ION_MODE POSITIVE
AC$MASS_SPECTROMETRY: COLLISION_ENERGY 10 V
MS$FOCUSED_ION: PRECURSOR_M/Z 449
MS$FOCUSED_ION: PRECURSOR_TYPE [M+H]+
PK$NUM_PEAK: 41
PK$PEAK: m/z int. rel.int.
  103.05422999999999 4.97 50
  105.03349499999999 0.51 5
  105.06988 1.98 20
  107.049145 12.59 126
  109.028409 2.5 25
  117.06988 50.0 500
  118.065129 4.99 50
  130.065129 6.56 66
  136.051884 4.79 48
  146.096429 0.86 9
  151.01833200000002 2.32 23
  152.07060900000002 12.91 129
  154.041807 100.0 999
  155.011417 18.75 187
  158.060044 16.47 165
  163.111745 15.52 155
  165.06988 5.77 58
  171.97441800000001 4.98 50
  178.122644 19.97 200
  180.080779 3.21 32
  186.076088 8.73 87
  189.09101 3.43 34
  191.094084 9.98 100
  193.088604 100.0 999
  194.07262 53.14 531
  195.067869 3.16 32
  195.112808 2.24 22
  198.10392000000002 10.26 102
  199.216879 1.73 17
  200.047286 7.48 75
  211.062783 0.76 8
  222.09134400000002 1.28 13
  239.144188 36.26 362
  245.082176 5.95 59
  247.038974 12.41 124
  265.097158 100.0 999
  275.078827 1.51 15
  281.138354 0.28 3
  291.036883 0.75 7
  331.06010299999997 1.23 12
  449.17071599999997 0.0 0
//
