ACCESSION: CCMSLIB00000078281
RECORD_TITLE: decoy
DATE: 2015.11.20
AUTHORS: Administrator
LICENSE: CC BY-SA
CH$NAME: decoy
CH$COMPOUND_CLASS: Natural Product
CH$FORMULA: C25H28N6O7S3
CH$EXACT_MASS: 620.118160236
CH$SMILES: N/A
CH$IUPAC: decoy
CH$LINK: N/A
AC$INSTRUMENT: decoy
AC$INSTRUMENT_TYPE: decoy
AC$MASS_SPECTROMETRY: MS_TYPE MS2
AC$MASS_SPECTROMETRY: ION_MODE POSITIVE
AC$MASS_SPECTROMETRY: COLLISION_ENERGY 10 V
MS$FOCUSED_ION: PRECURSOR_M/Z 621
MS$FOCUSED_ION: PRECURSOR_TYPE [M+H]+
PK$NUM_PEAK: 40
PK$PEAK: m/z int. rel.int.
  91.05422999999999 0.66 1
  106.065129 63.57 90
  115.05422999999999 2.35 3
  123.04405899999999 0.65 1
  134.060044 24.44 35
  135.044059 100.0 142
  138.12772900000002 3.68 5
  140.970146 2.23 3
  143.072954 49.27 70
  144.05697 2.11 3
  144.080779 2.48 4
  148.075694 2.02 3
  151.00575600000002 2.65 4
  153.06988 1.68 2
  158.071277 0.77 1
  158.97628500000002 100.0 142
  166.077705 38.15 54
  169.064795 3.98 6
  170.096429 6.32 9
  177.06988 0.93 1
  186.992041 4.07 6
  187.08659300000002 1.18 2
  212.05285 0.38 1
  212.092225 3.42 5
  220.017527 10.13 14
  220.096823 100.0 142
  225.10224300000002 38.35 54
  242.08148400000002 13.06 19
  242.089727 23.7 34
  269.08083899999997 5.95 8
  276.04171399999996 1.55 2
  279.08093199999996 10.84 15
  303.01941999999997 18.13 26
  307.14410799999996 6.51 9
  309.11213899999996 0.52 1
  318.16009199999996 1.97 3
  364.006716 0.64 1
  396.20818499999996 4.21 6
  417.372711 10.77 15
  621.12544 705.0 999
//
