ACCESSION: CCMSLIB00000080300
RECORD_TITLE: decoy
DATE: 2015.11.20
AUTHORS: Administrator
LICENSE: CC BY-SA
CH$NAME: decoy
CH$COMPOUND_CLASS: Natural Product
CH$FORMULA: C17H14O4
CH$EXACT_MASS: 282.089208928
CH$SMILES: N/A
CH$IUPAC: decoy
CH$LINK: N/A
AC$INSTRUMENT: decoy
AC$INSTRUMENT_TYPE: decoy
AC$MASS_SPECTROMETRY: MS_TYPE MS2
AC$MASS_SPECTROMETRY: ION_MODE POSITIVE
AC$MASS_SPECTROMETRY: COLLISION_ENERGY 10 V
MS$FOCUSED_ION: PRECURSOR_M/Z 283
MS$FOCUSED_ION: PRECURSOR_TYPE [M+H]+
PK$NUM_PEAK: 42
PK$PEAK: m/z int. rel.int.
  76.01817899999999 1.42 14
  92.04947899999999 7.11 70
  103.05422999999999 13.39 132
  105.03349499999999 100.0 985
  111.104254 1.24 12
  115.05422999999999 1.04 10
  119.99362099999999 1.27 13
  121.065282 3.56 35
  124.075694 2.91 29
  125.06826299999999 14.84 146
  130.02874400000002 0.98 10
  130.077705 7.4 73
  135.080445 8.27 81
  136.075694 88.22 869
  137.09609500000002 2.05 20
  138.12772900000002 7.52 74
  147.060458 0.3 3
  148.051884 2.09 21
  150.077425 17.74 175
  152.06205500000002 6.19 61
  159.091678 0.0 0
  162.054958 32.46 320
  162.09134400000002 1.67 16
  171.080445 13.33 131
  171.11683000000002 0.28 3
  180.078099 10.27 101
  180.101909 0.0 0
  184.05237200000002 100.0 985
  199.062783 0.59 6
  201.06585700000002 1.57 15
  203.04512200000002 41.02 404
  204.101909 12.88 127
  217.097158 100.0 985
  218.128792 3.4 33
  233.03638700000002 100.0 985
  241.049539 71.78 707
  247.07536000000002 1.75 17
  254.057364 12.48 123
  261.03936799999997 5.45 54
  273.102243 100.0 985
  282.13226 0.34 3
  283.09648899999996 101.42 999
//
