ACCESSION: CCMSLIB00000077101
RECORD_TITLE: decoy
DATE: 2015.11.20
AUTHORS: Administrator
LICENSE: CC BY-SA
CH$NAME: decoy
CH$COMPOUND_CLASS: Natural Product
CH$FORMULA: C19H28O2
CH$EXACT_MASS: 288.208930136
CH$SMILES: N/A
CH$IUPAC: decoy
CH$LINK: N/A
AC$INSTRUMENT: decoy
AC$INSTRUMENT_TYPE: decoy
AC$MASS_SPECTROMETRY: MS_TYPE MS2
AC$MASS_SPECTROMETRY: ION_MODE POSITIVE
AC$MASS_SPECTROMETRY: COLLISION_ENERGY 10 V
MS$FOCUSED_ION: PRECURSOR_M/Z 289
MS$FOCUSED_ION: PRECURSOR_TYPE [M+H]+
PK$NUM_PEAK: 39
PK$PEAK: m/z int. rel.int.
  97.06479499999999 2.83 3
  101.03858 1.55 2
  103.05422999999999 3.28 3
  104.106994 35.67 37
  105.06988 0.85 1
  109.028409 1.86 2
  116.062055 1.5 2
  117.05462399999999 1.1 1
  121.028409 83.53 87
  125.09609499999999 7.44 8
  131.049145 0.69 1
  131.06037800000001 2.59 3
  133.064795 11.01 11
  141.06988 0.57 1
  147.044059 100.0 104
  148.075694 4.38 5
  149.09609500000002 4.9 5
  154.051016 100.0 104
  163.038974 0.25 0
  163.08659300000002 39.23 41
  165.09101 5.35 6
  166.032115 7.58 8
  167.030301 9.81 10
  167.072954 76.69 80
  172.001112 100.0 104
  173.059709 25.0 26
  182.060044 48.43 50
  191.117893 100.0 104
  197.09609500000002 2.65 3
  201.11079600000002 19.75 21
  210.105063 18.32 19
  221.059709 48.25 50
  231.052613 99.88 104
  231.101574 25.14 26
  244.044274 0.25 0
  265.085924 0.24 0
  271.063271 100.0 104
  276.044881 1.11 1
  289.21621 958.16 999
//
