ACCESSION: CCMSLIB00000078983
RECORD_TITLE: decoy
DATE: 2015.11.20
AUTHORS: Administrator
LICENSE: CC BY-SA
CH$NAME: decoy
CH$COMPOUND_CLASS: Natural Product
CH$FORMULA: C22H27ClF2O5
CH$EXACT_MASS: 444.151508084
CH$SMILES: N/A
CH$IUPAC: decoy
CH$LINK: N/A
AC$INSTRUMENT: decoy
AC$INSTRUMENT_TYPE: decoy
AC$MASS_SPECTROMETRY: MS_TYPE MS2
AC$MASS_SPECTROMETRY: ION_MODE POSITIVE
AC$MASS_SPECTROMETRY: COLLISION_ENERGY 10 V
MS$FOCUSED_ION: PRECURSOR_M/Z 445
MS$FOCUSED_ION: PRECURSOR_TYPE [M+H]+
PK$NUM_PEAK: 39
PK$PEAK: m/z int. rel.int.
  103.05422999999999 4.21 5
  105.04472799999999 1.27 1
  106.04132 2.9 3
  109.028409 5.97 7
  110.06004399999999 1.26 1
  123.080445 16.37 19
  131.049145 0.76 1
  131.076325 5.37 6
  132.05697 1.32 1
  134.060044 4.06 5
  136.11207900000002 54.87 62
  137.059709 0.41 0
  139.135555 1.13 1
  147.055293 1.07 1
  156.00800800000002 18.4 21
  158.060044 0.59 1
  161.047133 12.48 14
  177.05462400000002 12.64 14
  181.19508100000002 8.82 10
  185.985355 39.5 45
  189.07575300000002 7.68 9
  191.117893 100.0 113
  192.080779 100.0 113
  203.070274 35.36 40
  236.081842 49.11 56
  255.065189 883.94 999
  268.04045099999996 32.42 37
  275.13902199999995 84.62 96
  279.17434499999996 100.0 113
  284.13667699999996 100.0 113
  291.13795999999996 10.93 12
  302.081173 7.78 9
  317.076816 15.28 17
  321.101591 100.0 113
  327.170323 85.83 97
  350.182284 0.58 1
  368.135334 23.03 26
  419.97299999999996 8.37 9
  445.15878799999996 3.23 4
//
