ACCESSION: CCMSLIB00000078546
RECORD_TITLE: decoy
DATE: 2015.11.20
AUTHORS: Administrator
LICENSE: CC BY-SA
CH$NAME: decoy
CH$COMPOUND_CLASS: Natural Product
CH$FORMULA: C25H28N8O2
CH$EXACT_MASS: 472.233522136
CH$SMILES: N/A
CH$IUPAC: decoy
CH$LINK: N/A
AC$INSTRUMENT: decoy
AC$INSTRUMENT_TYPE: decoy
AC$MASS_SPECTROMETRY: MS_TYPE MS2
AC$MASS_SPECTROMETRY: ION_MODE POSITIVE
AC$MASS_SPECTROMETRY: COLLISION_ENERGY 10 V
MS$FOCUSED_ION: PRECURSOR_M/Z 473
MS$FOCUSED_ION: PRECURSOR_TYPE [M+H]+
PK$NUM_PEAK: 45
PK$PEAK: m/z int. rel.int.
  104.04947899999999 5.98 11
  106.05255299999999 0.39 1
  106.065129 2.41 4
  107.049145 0.66 1
  107.060378 29.68 53
  109.028409 5.97 11
  109.06479499999999 2.76 5
  115.05422999999999 8.16 14
  117.06988 86.08 153
  118.065129 1.19 2
  119.035226 0.8 1
  121.076028 21.34 38
  125.04713299999999 9.75 17
  128.06205500000002 12.11 21
  132.09672600000002 2.64 5
  138.0372 13.38 24
  140.002835 100.0 177
  143.072954 30.8 55
  144.023955 70.78 126
  156.068203 4.87 9
  160.086927 100.0 177
  187.08659300000002 3.12 6
  189.10224300000002 14.32 25
  191.070274 45.39 81
  191.08553 100.0 177
  198.05833 13.02 23
  201.163781 3.7 7
  202.02606400000002 100.0 177
  205.10118 24.74 44
  217.085924 82.23 146
  218.057364 8.37 15
  224.12812300000002 66.19 117
  231.11683000000002 0.52 1
  238.08963 1.41 3
  239.164175 7.83 14
  251.081508 5.22 9
  269.11722399999996 6.32 11
  279.170323 100.0 177
  289.100529 2.78 5
  291.172152 11.46 20
  295.10772199999997 32.84 58
  307.09648899999996 4.07 7
  312.061484 0.95 2
  386.173079 4.64 8
  473.240802 562.9 999
//
