ACCESSION: CCMSLIB00000078016
RECORD_TITLE: decoy
DATE: 2015.11.20
AUTHORS: Administrator
LICENSE: CC BY-SA
CH$NAME: decoy
CH$COMPOUND_CLASS: Natural Product
CH$FORMULA: C19H14Cl2N2O3S
CH$EXACT_MASS: 420.010218668
CH$SMILES: N/A
CH$IUPAC: decoy
CH$LINK: N/A
AC$INSTRUMENT: decoy
AC$INSTRUMENT_TYPE: decoy
AC$MASS_SPECTROMETRY: MS_TYPE MS2
AC$MASS_SPECTROMETRY: ION_MODE POSITIVE
AC$MASS_SPECTROMETRY: COLLISION_ENERGY 10 V
MS$FOCUSED_ION: PRECURSOR_M/Z 421
MS$FOCUSED_ION: PRECURSOR_TYPE [M+H]+
PK$NUM_PEAK: 46
PK$PEAK: m/z int. rel.int.
  98.003672 0.27 1
  98.07262 4.09 8
  100.075694 2.02 4
  103.05422999999999 10.97 22
  104.04947899999999 25.89 52
  104.058032 0.79 2
  105.06988 36.09 72
  107.08552999999999 0.98 2
  113.070943 1.76 4
  117.05730399999999 21.19 42
  117.06988 0.21 0
  121.028409 17.16 34
  133.052219 7.25 14
  134.036234 3.12 6
  137.01525800000002 17.55 35
  147.080445 1.72 3
  151.030908 8.33 17
  152.14338 1.83 4
  154.065129 7.95 16
  159.11683000000002 1.69 3
  169.10118 5.92 12
  176.07060900000002 1.08 2
  181.085924 1.45 3
  186.052278 1.89 4
  189.06988 14.56 29
  190.013488 35.04 70
  190.098835 0.58 1
  193.10118 33.41 67
  195.055293 2.63 5
  196.08827000000002 15.1 30
  197.132481 0.47 1
  215.10666 70.44 140
  218.117559 6.75 13
  222.06753500000002 47.04 94
  241.085924 100.0 199
  249.163781 17.35 35
  252.078099 2.45 5
  263.078827 0.23 0
  276.15087 6.46 13
  277.154672 2.43 5
  280.13320899999997 0.84 2
  285.102243 15.02 30
  286.029435 7.94 16
  299.10531699999996 100.0 199
  339.122704 4.91 10
  421.017499 501.07 999
//
