ACCESSION: CCMSLIB00000078967
RECORD_TITLE: decoy
DATE: 2015.11.20
AUTHORS: Administrator
LICENSE: CC BY-SA
CH$NAME: decoy
CH$COMPOUND_CLASS: Natural Product
CH$FORMULA: C24H33N3O4
CH$EXACT_MASS: 427.24710653600005
CH$SMILES: N/A
CH$IUPAC: decoy
CH$LINK: N/A
AC$INSTRUMENT: decoy
AC$INSTRUMENT_TYPE: decoy
AC$MASS_SPECTROMETRY: MS_TYPE MS2
AC$MASS_SPECTROMETRY: ION_MODE POSITIVE
AC$MASS_SPECTROMETRY: COLLISION_ENERGY 10 V
MS$FOCUSED_ION: PRECURSOR_M/Z 428
MS$FOCUSED_ION: PRECURSOR_TYPE [M+H]+
PK$NUM_PEAK: 38
PK$PEAK: m/z int. rel.int.
  85.028409 2.27 5
  93.03349499999999 1.67 4
  93.05730399999999 2.06 5
  95.060378 18.35 42
  103.05422999999999 12.99 30
  105.06988 28.63 66
  106.04132 1.32 3
  122.06004399999999 5.09 12
  127.12297799999999 0.27 1
  130.077705 9.6 22
  132.044394 3.17 7
  132.080779 18.48 43
  136.051884 0.51 1
  137.041951 6.13 14
  142.041807 0.27 1
  148.096823 0.27 1
  148.9281 2.8 6
  150.023083 0.32 1
  153.04204800000002 0.93 2
  157.10118 0.3 1
  158.07262 30.18 70
  160.075694 2.09 5
  162.049776 6.39 15
  166.077705 23.21 54
  171.97153400000002 4.88 11
  175.111745 12.65 29
  178.090082 3.15 7
  197.03638700000002 1.38 3
  219.044059 10.94 25
  225.127395 0.22 1
  281.15360999999996 27.96 65
  285.103386 1.7 4
  286.064478 9.84 23
  303.04993299999995 0.0 0
  309.15975799999995 0.0 0
  373.20095399999997 12.13 28
  395.09140399999995 0.68 2
  428.254387 431.38 999
//
