ACCESSION: CCMSLIB00000085633
RECORD_TITLE: decoy
DATE: 2015.11.20
AUTHORS: Administrator
LICENSE: CC BY-SA
CH$NAME: decoy
CH$COMPOUND_CLASS: Natural Product
CH$FORMULA: C41H76N2O15
CH$EXACT_MASS: 836.524569732
CH$SMILES: N/A
CH$IUPAC: decoy
CH$LINK: N/A
AC$INSTRUMENT: decoy
AC$INSTRUMENT_TYPE: decoy
AC$MASS_SPECTROMETRY: MS_TYPE MS2
AC$MASS_SPECTROMETRY: ION_MODE POSITIVE
AC$MASS_SPECTROMETRY: COLLISION_ENERGY 10 V
MS$FOCUSED_ION: PRECURSOR_M/Z 838
MS$FOCUSED_ION: PRECURSOR_TYPE [M+H]+
PK$NUM_PEAK: 47
PK$PEAK: m/z int. rel.int.
  101.03858 13.43 25
  112.099503 0.94 2
  114.033829 89.23 169
  117.05730399999999 0.8 2
  121.039643 0.4 1
  128.070609 100.0 190
  131.08553 90.72 172
  142.065129 4.4 8
  146.07262 9.39 18
  149.059709 3.75 7
  158.09980000000002 1.58 3
  159.044059 12.26 23
  159.080445 17.29 33
  161.059709 2.78 5
  161.09609500000002 3.25 6
  163.07536000000002 30.91 59
  170.023658 39.55 75
  173.058367 10.01 19
  174.090001 2.04 4
  175.111745 11.31 21
  180.138294 130.38 247
  187.12297800000002 12.63 24
  188.08318500000001 5.76 11
  194.096429 54.07 103
  194.153944 75.42 143
  199.074017 100.0 190
  199.091759 35.24 67
  201.09101 11.57 22
  208.11207900000002 1.0 2
  223.113774 1.36 3
  238.098835 5.67 11
  238.12985500000002 3.76 7
  243.04520200000002 5.33 10
  251.143045 7.0 13
  259.23666599999996 6.92 13
  268.094143 15.29 29
  279.170323 100.0 190
  300.159424 0.0 0
  321.07575299999996 7.29 14
  331.214199 0.41 1
  340.13658 9.7 18
  345.208719 0.55 1
  359.25807499999996 20.65 39
  363.170323 26.17 50
  451.24521899999996 1.19 2
  628.287812 3.59 7
  837.5318500000001 526.63 999
//
