ACCESSION: CCMSLIB00000085404
RECORD_TITLE: decoy
DATE: 2015.11.20
AUTHORS: Administrator
LICENSE: CC BY-SA
CH$NAME: decoy
CH$COMPOUND_CLASS: Natural Product
CH$FORMULA: C24H33FO6
CH$EXACT_MASS: 436.226116996
CH$SMILES: N/A
CH$IUPAC: decoy
CH$LINK: N/A
AC$INSTRUMENT: decoy
AC$INSTRUMENT_TYPE: decoy
AC$MASS_SPECTROMETRY: MS_TYPE MS2
AC$MASS_SPECTROMETRY: ION_MODE POSITIVE
AC$MASS_SPECTROMETRY: COLLISION_ENERGY 10 V
MS$FOCUSED_ION: PRECURSOR_M/Z 437
MS$FOCUSED_ION: PRECURSOR_TYPE [M+H]+
PK$NUM_PEAK: 55
PK$PEAK: m/z int. rel.int.
  89.03858 4.08 41
  94.065129 3.31 33
  95.049145 20.68 207
  103.05422999999999 12.0 120
  105.06988 6.4 64
  110.04005699999999 2.53 25
  111.013725 26.57 265
  113.059709 5.7 57
  114.054958 4.98 50
  115.05422999999999 1.89 19
  117.06988 3.3 33
  127.111745 5.73 57
  128.049479 0.2 2
  130.058862 7.94 79
  130.065129 8.75 87
  133.028409 5.23 52
  135.044059 5.3 53
  138.066192 77.29 772
  141.06988 4.87 49
  142.065129 0.4 4
  145.064795 2.0 20
  146.023658 66.69 666
  150.092487 0.26 3
  151.00864 22.21 222
  162.12772900000002 17.8 178
  170.060044 24.75 247
  171.088998 5.52 55
  172.11207900000002 6.24 62
  177.01823900000002 26.0 260
  178.077705 27.26 272
  183.149193 28.39 284
  183.210731 17.79 178
  184.015986 56.5 564
  190.09749200000002 5.56 56
  191.143045 9.66 97
  195.080445 7.94 79
  205.085924 7.37 74
  213.12853800000002 43.84 438
  213.14718200000002 0.29 3
  218.057364 57.48 574
  221.107328 16.57 166
  226.122644 14.15 141
  233.128458 0.0 0
  243.17434500000002 2.23 22
  255.065189 1.83 18
  264.06307899999996 100.0 999
  275.117893 6.42 64
  289.123453 2.32 23
  296.110365 2.09 21
  309.217273 0.17 2
  318.161235 100.0 999
  362.15106399999996 0.0 0
  392.115547 1.7 17
  427.213999 0.0 0
  437.23339699999997 16.91 169
//
