ACCESSION: CCMSLIB00000080325
RECORD_TITLE: decoy
DATE: 2015.11.20
AUTHORS: Administrator
LICENSE: CC BY-SA
CH$NAME: decoy
CH$COMPOUND_CLASS: Natural Product
CH$FORMULA: C21H24O7
CH$EXACT_MASS: 388.152203108
CH$SMILES: N/A
CH$IUPAC: decoy
CH$LINK: N/A
AC$INSTRUMENT: decoy
AC$INSTRUMENT_TYPE: decoy
AC$MASS_SPECTROMETRY: MS_TYPE MS2
AC$MASS_SPECTROMETRY: ION_MODE POSITIVE
AC$MASS_SPECTROMETRY: COLLISION_ENERGY 10 V
MS$FOCUSED_ION: PRECURSOR_M/Z 389
MS$FOCUSED_ION: PRECURSOR_TYPE [M+H]+
PK$NUM_PEAK: 45
PK$PEAK: m/z int. rel.int.
  62.060044000000005 35.77 357
  98.096429 2.24 22
  101.03858 2.09 21
  105.06988 43.48 434
  106.02874399999999 1.65 16
  107.049145 3.5 35
  112.06311799999999 2.79 28
  114.01050699999999 4.56 46
  117.06988 10.46 104
  118.03211499999999 66.37 663
  121.097158 5.87 59
  138.99452200000002 100.0 999
  143.08553 0.45 4
  144.068203 3.15 31
  145.028409 12.76 127
  146.060044 2.85 28
  152.06205500000002 0.91 9
  158.096429 2.01 20
  164.06205500000002 1.12 11
  165.06988 11.23 112
  167.025823 26.02 260
  172.036628 0.88 9
  180.041714 4.04 40
  199.02976900000002 8.85 88
  203.070274 56.69 566
  203.08553 0.68 7
  206.083853 16.29 163
  206.10364 3.57 36
  215.10666 14.07 141
  221.059709 5.69 57
  223.07536000000002 4.26 43
  229.052219 13.98 140
  241.049539 2.18 22
  247.08525 1.13 11
  259.112888 8.27 83
  268.060438 11.2 112
  272.16450899999995 0.26 3
  275.05501799999996 10.75 107
  280.089413 1.76 18
  288.114485 17.98 180
  293.092072 15.36 153
  319.10772199999997 7.65 76
  362.186307 2.99 30
  365.185973 10.29 103
  389.15948299999997 0.0 0
//
