ACCESSION: CCMSLIB00000077142
RECORD_TITLE: decoy
DATE: 2015.11.20
AUTHORS: Administrator
LICENSE: CC BY-SA
CH$NAME: decoy
CH$COMPOUND_CLASS: Natural Product
CH$FORMULA: C22H30O5
CH$EXACT_MASS: 374.20932406
CH$SMILES: N/A
CH$IUPAC: decoy
CH$LINK: N/A
AC$INSTRUMENT: decoy
AC$INSTRUMENT_TYPE: decoy
AC$MASS_SPECTROMETRY: MS_TYPE MS2
AC$MASS_SPECTROMETRY: ION_MODE POSITIVE
AC$MASS_SPECTROMETRY: COLLISION_ENERGY 10 V
MS$FOCUSED_ION: PRECURSOR_M/Z 375
MS$FOCUSED_ION: PRECURSOR_TYPE [M+H]+
PK$NUM_PEAK: 51
PK$PEAK: m/z int. rel.int.
  96.08077899999999 38.19 54
  101.03858 5.21 7
  103.05422999999999 1.99 3
  105.03349499999999 11.85 17
  113.09609499999999 12.63 18
  114.046405 0.67 1
  115.05422999999999 17.04 24
  117.05730399999999 21.9 31
  117.065857 0.2 0
  119.08552999999999 45.64 65
  128.049479 1.14 2
  128.06205500000002 1.43 2
  131.049145 0.41 1
  132.080779 29.23 41
  133.064795 2.44 3
  135.044059 17.01 24
  136.051884 4.79 7
  143.08553 0.35 0
  146.071277 3.02 4
  147.080445 0.73 1
  149.059709 10.36 15
  151.05423000000002 1.23 2
  152.06205500000002 1.3 2
  157.088604 40.69 58
  159.044059 8.12 12
  159.11683000000002 100.0 142
  160.075694 14.29 20
  165.06988 12.9 18
  175.038974 7.43 11
  175.07536000000002 21.57 31
  181.10118 0.21 0
  190.04987300000002 26.27 37
  197.058367 2.29 3
  200.060349 20.84 30
  200.13935700000002 13.08 19
  205.076028 18.2 26
  208.075694 14.43 20
  209.083519 100.0 142
  220.015986 1.26 2
  236.069266 30.52 43
  242.091305 2.81 4
  247.03046 704.01 999
  247.09916900000002 4.57 6
  253.097158 9.06 13
  276.099229 0.47 1
  282.242759 42.46 60
  284.13935699999996 4.23 6
  286.064478 35.29 50
  315.16225599999996 1.0 1
  347.148918 101.17 144
  375.21660399999996 7.77 11
//
