ACCESSION: CCMSLIB00000079784
RECORD_TITLE: decoy
DATE: 2015.11.20
AUTHORS: Administrator
LICENSE: CC BY-SA
CH$NAME: decoy
CH$COMPOUND_CLASS: Natural Product
CH$FORMULA: C17H20FN3O3
CH$EXACT_MASS: 333.14886972
CH$SMILES: N/A
CH$IUPAC: decoy
CH$LINK: N/A
AC$INSTRUMENT: decoy
AC$INSTRUMENT_TYPE: decoy
AC$MASS_SPECTROMETRY: MS_TYPE MS2
AC$MASS_SPECTROMETRY: ION_MODE POSITIVE
AC$MASS_SPECTROMETRY: COLLISION_ENERGY 10 V
MS$FOCUSED_ION: PRECURSOR_M/Z 334
MS$FOCUSED_ION: PRECURSOR_TYPE [M+H]+
PK$NUM_PEAK: 46
PK$PEAK: m/z int. rel.int.
  91.05422999999999 31.62 316
  94.065129 18.45 184
  96.044394 0.41 4
  104.016465 6.23 62
  104.046799 10.29 103
  108.08077899999999 9.29 93
  110.06004399999999 53.92 539
  112.02154999999999 1.31 13
  116.016465 1.9 19
  116.04947899999999 7.65 76
  117.05730399999999 0.32 3
  118.065129 2.62 26
  120.044394 20.38 204
  124.00111199999999 1.47 15
  124.03930799999999 100.0 999
  130.065129 9.43 94
  141.06988 38.36 383
  142.032115 0.41 4
  144.080779 15.56 155
  146.081173 25.32 253
  147.066526 0.68 7
  150.071357 8.88 89
  156.080779 11.37 114
  158.060044 9.08 91
  160.076837 9.45 94
  162.054958 22.1 221
  163.07536000000002 22.52 225
  164.093075 100.0 999
  181.02438700000002 0.25 2
  186.076088 11.8 118
  187.05423000000002 5.61 56
  191.117893 100.0 999
  192.125718 10.54 105
  199.081233 8.85 88
  210.06753500000002 6.25 62
  230.006902 0.0 0
  248.087008 7.49 75
  248.09441800000002 0.36 4
  249.163781 5.07 51
  267.065189 5.53 55
  269.107328 16.22 162
  273.138629 20.88 209
  305.12845799999997 7.21 72
  318.15205199999997 9.43 94
  330.150002 3.21 32
  334.15614999999997 21.12 211
//
