ACCESSION: CCMSLIB00000078748
RECORD_TITLE: decoy
DATE: 2015.11.20
AUTHORS: Administrator
LICENSE: CC BY-SA
CH$NAME: decoy
CH$COMPOUND_CLASS: Natural Product
CH$FORMULA: C19H25NO5
CH$EXACT_MASS: 347.1732729
CH$SMILES: N/A
CH$IUPAC: decoy
CH$LINK: N/A
AC$INSTRUMENT: decoy
AC$INSTRUMENT_TYPE: decoy
AC$MASS_SPECTROMETRY: MS_TYPE MS2
AC$MASS_SPECTROMETRY: ION_MODE POSITIVE
AC$MASS_SPECTROMETRY: COLLISION_ENERGY 10 V
MS$FOCUSED_ION: PRECURSOR_M/Z 348
MS$FOCUSED_ION: PRECURSOR_TYPE [M+H]+
PK$NUM_PEAK: 42
PK$PEAK: m/z int. rel.int.
  91.05422999999999 100.0 999
  97.039643 3.01 30
  104.04947899999999 1.55 15
  115.05422999999999 0.71 7
  117.05730399999999 2.08 21
  118.065129 1.83 18
  122.06004399999999 0.87 9
  127.05422999999999 2.09 21
  128.049479 6.94 69
  130.065129 5.18 52
  131.049145 30.17 301
  131.072954 5.46 55
  132.044394 25.33 253
  132.080779 100.0 999
  138.054958 100.0 999
  144.080779 2.15 21
  147.044059 3.99 40
  147.080445 9.54 95
  148.075694 1.37 14
  156.080779 0.88 9
  157.064795 22.58 226
  157.085924 1.02 10
  158.060044 1.3 13
  160.075694 2.19 22
  167.06037800000001 0.48 5
  172.075694 3.5 35
  179.130469 95.65 956
  183.080445 64.31 642
  185.059709 12.64 126
  189.10224300000002 35.27 352
  197.059709 6.61 66
  199.038974 4.78 48
  199.08659300000002 1.88 19
  201.10224300000002 2.93 29
  205.073348 100.0 999
  211.08659300000002 3.16 32
  212.07060900000002 1.39 14
  245.139691 0.33 3
  264.138294 1.61 16
  311.112533 0.0 0
  312.17467999999997 51.63 516
  348.180553 0.0 0
//
