ACCESSION: CCMSLIB00000080597
RECORD_TITLE: decoy
DATE: 2015.11.20
AUTHORS: Administrator
LICENSE: CC BY-SA
CH$NAME: decoy
CH$COMPOUND_CLASS: Natural Product
CH$FORMULA: C17H22N2O2
CH$EXACT_MASS: 286.168127944
CH$SMILES: N/A
CH$IUPAC: decoy
CH$LINK: N/A
AC$INSTRUMENT: decoy
AC$INSTRUMENT_TYPE: decoy
AC$MASS_SPECTROMETRY: MS_TYPE MS2
AC$MASS_SPECTROMETRY: ION_MODE POSITIVE
AC$MASS_SPECTROMETRY: COLLISION_ENERGY 10 V
MS$FOCUSED_ION: PRECURSOR_M/Z 287
MS$FOCUSED_ION: PRECURSOR_TYPE [M+H]+
PK$NUM_PEAK: 50
PK$PEAK: m/z int. rel.int.
  97.028409 3.0 30
  98.97734 8.99 90
  109.04480799999999 55.91 559
  109.06479499999999 2.46 25
  110.096429 4.36 44
  117.06988 7.08 71
  120.08077899999999 0.76 8
  121.06479499999999 5.13 51
  123.04405899999999 6.58 66
  127.05422999999999 4.81 48
  128.06205500000002 11.26 112
  129.05730400000002 2.43 24
  129.06988 13.16 131
  135.080445 1.56 16
  139.05423000000002 4.67 47
  149.059709 12.9 129
  149.09609500000002 4.76 48
  155.049145 13.63 136
  157.064795 1.78 18
  159.080445 12.24 122
  159.11683000000002 10.75 107
  160.075694 2.07 21
  161.059709 7.46 75
  161.132481 74.68 746
  167.076325 1.88 19
  170.060044 6.15 61
  173.09609500000002 1.7 17
  174.09134400000002 12.42 124
  177.07843400000002 2.84 28
  179.070274 38.1 381
  182.07262 0.72 7
  189.07843400000002 27.54 275
  195.11683000000002 7.11 71
  197.09609500000002 14.81 148
  203.03388900000002 100.0 999
  211.111745 16.04 160
  214.06244900000002 12.54 125
  215.070274 0.72 7
  233.02017 1.78 18
  239.070274 1.73 17
  243.065189 5.82 58
  244.13320900000002 5.86 59
  249.09101 5.44 54
  261.03936799999997 5.45 54
  271.09648899999996 0.5 5
  271.16926 20.7 207
  277.097158 2.45 24
  279.088143 2.97 30
  286.13302699999997 9.58 96
  287.175408 2.25 22
//
