ACCESSION: CCMSLIB00000078280
RECORD_TITLE: decoy
DATE: 2015.11.20
AUTHORS: Administrator
LICENSE: CC BY-SA
CH$NAME: decoy
CH$COMPOUND_CLASS: Natural Product
CH$FORMULA: C43H58N4O12
CH$EXACT_MASS: 822.405123296
CH$SMILES: N/A
CH$IUPAC: decoy
CH$LINK: N/A
AC$INSTRUMENT: decoy
AC$INSTRUMENT_TYPE: decoy
AC$MASS_SPECTROMETRY: MS_TYPE MS2
AC$MASS_SPECTROMETRY: ION_MODE POSITIVE
AC$MASS_SPECTROMETRY: COLLISION_ENERGY 10 V
MS$FOCUSED_ION: PRECURSOR_M/Z 823
MS$FOCUSED_ION: PRECURSOR_TYPE [M+H]+
PK$NUM_PEAK: 45
PK$PEAK: m/z int. rel.int.
  93.06988 21.69 104
  95.049145 8.4 40
  101.002195 23.23 111
  105.06988 100.0 479
  109.076028 13.94 67
  120.044394 26.32 126
  131.08553 68.76 329
  132.093355 16.76 80
  133.028409 0.54 3
  133.10118 8.13 39
  135.028803 4.83 23
  141.01823900000002 3.11 15
  152.05669 87.35 418
  155.08553 0.2 1
  158.109005 19.62 94
  159.028803 4.96 24
  177.163781 3.18 15
  181.01315300000002 2.96 14
  183.112808 1.8 9
  203.143045 6.11 29
  203.17943100000002 24.03 115
  211.148131 2.54 12
  222.11247300000002 21.12 101
  235.16926 0.44 2
  247.111745 14.02 67
  286.064478 9.84 47
  301.11042499999996 0.64 3
  310.12985499999996 6.03 29
  331.226775 0.26 1
  335.06089099999997 17.27 83
  341.24751 0.27 1
  387.26154299999996 57.78 277
  395.31559 3.51 17
  405.024112 3.04 15
  431.351975 17.8 85
  453.336325 9.93 48
  471.34689 100.0 479
  489.35745499999996 49.24 236
  491.37310499999995 4.96 24
  644.3613760000001 6.35 30
  647.3789780000001 64.73 310
  682.340641 3.11 15
  733.4005010000001 5.43 26
  823.411066 208.74 999
  823.412403 21.79 104
//
