ACCESSION: CCMSLIB00000079770
RECORD_TITLE: decoy
DATE: 2015.11.20
AUTHORS: Administrator
LICENSE: CC BY-SA
CH$NAME: decoy
CH$COMPOUND_CLASS: Natural Product
CH$FORMULA: C26H26N2O7
CH$EXACT_MASS: 478.174001172
CH$SMILES: N/A
CH$IUPAC: decoy
CH$LINK: N/A
AC$INSTRUMENT: decoy
AC$INSTRUMENT_TYPE: decoy
AC$MASS_SPECTROMETRY: MS_TYPE MS2
AC$MASS_SPECTROMETRY: ION_MODE POSITIVE
AC$MASS_SPECTROMETRY: COLLISION_ENERGY 10 V
MS$FOCUSED_ION: PRECURSOR_M/Z 479
MS$FOCUSED_ION: PRECURSOR_TYPE [M+H]+
PK$NUM_PEAK: 39
PK$PEAK: m/z int. rel.int.
  107.049145 2.37 14
  108.08077899999999 2.36 14
  117.06988 7.64 44
  131.072954 14.34 83
  132.080779 13.86 80
  133.10118 3.86 22
  135.080445 28.79 167
  146.07262 0.82 5
  146.083853 2.24 13
  156.080779 0.71 4
  160.051884 2.86 17
  163.07536000000002 3.35 19
  170.060044 7.72 45
  174.054958 8.71 51
  174.06753500000002 1.01 6
  175.08659300000002 25.5 148
  176.08318500000001 1.76 10
  185.107328 83.25 483
  186.054958 30.09 175
  187.07536000000002 4.85 28
  189.09101 26.55 154
  197.083519 8.38 49
  198.09134400000002 16.75 97
  201.06585700000002 2.34 14
  204.089333 3.47 20
  224.10699400000001 12.4 72
  227.115213 2.93 17
  231.101574 56.14 326
  240.07675700000001 11.33 66
  241.084582 1.56 9
  243.17434500000002 24.16 140
  251.105317 0.46 3
  280.165572 0.2 1
  295.131532 0.87 5
  298.11862099999996 1.59 9
  310.201288 172.18 999
  343.140085 1.86 11
  437.18195 0.0 0
  479.18128099999996 0.0 0
//
