ACCESSION: CCMSLIB00000077091
RECORD_TITLE: decoy
DATE: 2015.11.20
AUTHORS: Administrator
LICENSE: CC BY-SA
CH$NAME: decoy
CH$COMPOUND_CLASS: Natural Product
CH$FORMULA: C22H24N2O8
CH$EXACT_MASS: 444.15326572799995
CH$SMILES: N/A
CH$IUPAC: decoy
CH$LINK: N/A
AC$INSTRUMENT: decoy
AC$INSTRUMENT_TYPE: decoy
AC$MASS_SPECTROMETRY: MS_TYPE MS2
AC$MASS_SPECTROMETRY: ION_MODE POSITIVE
AC$MASS_SPECTROMETRY: COLLISION_ENERGY 10 V
MS$FOCUSED_ION: PRECURSOR_M/Z 445
MS$FOCUSED_ION: PRECURSOR_TYPE [M+H]+
PK$NUM_PEAK: 44
PK$PEAK: m/z int. rel.int.
  93.04472799999999 0.33 3
  105.04472799999999 0.32 3
  119.060378 5.41 45
  119.08552999999999 1.61 13
  132.05562700000002 1.59 13
  139.12297800000002 4.94 41
  157.064795 14.57 122
  159.080445 3.97 33
  167.037712 0.25 2
  193.07717100000002 15.51 130
  193.10118 15.7 131
  204.041714 0.61 5
  204.080779 2.39 20
  227.143045 0.56 5
  238.10872500000002 0.63 5
  248.09441800000002 0.62 5
  249.11347600000002 65.46 547
  250.09749200000002 23.45 196
  254.093549 1.81 15
  256.180828 12.59 105
  262.086259 12.63 106
  266.081173 36.93 309
  266.140025 0.75 6
  286.064478 2.93 24
  290.081173 1.22 10
  293.056174 4.57 38
  307.16657499999997 119.58 999
  308.09173799999996 7.7 64
  310.14377299999995 23.71 198
  313.089547 1.19 10
  313.143439 2.76 23
  314.08996199999996 2.41 20
  323.164175 32.91 275
  330.04849099999996 1.48 12
  339.068812 0.94 8
  343.190389 41.74 349
  348.059056 3.34 28
  361.13066299999997 100.0 835
  362.138488 19.93 167
  375.110128 1.7 14
  376.24823899999996 6.14 51
  389.12845799999997 2.28 19
  432.274453 5.26 44
  445.16054599999995 43.94 367
//
