ACCESSION: CCMSLIB00000004258
RECORD_TITLE: decoy
DATE: 2015.11.20
AUTHORS: Administrator
LICENSE: CC BY-SA
CH$NAME: decoy
CH$COMPOUND_CLASS: Natural Product
CH$FORMULA: C20H24N2O2
CH$EXACT_MASS: 324.183778008
CH$SMILES: N/A
CH$IUPAC: decoy
CH$LINK: N/A
AC$INSTRUMENT: decoy
AC$INSTRUMENT_TYPE: decoy
AC$MASS_SPECTROMETRY: MS_TYPE MS2
AC$MASS_SPECTROMETRY: ION_MODE POSITIVE
AC$MASS_SPECTROMETRY: COLLISION_ENERGY 10 V
MS$FOCUSED_ION: PRECURSOR_M/Z 325
MS$FOCUSED_ION: PRECURSOR_TYPE [M+H]+
PK$NUM_PEAK: 44
PK$PEAK: m/z int. rel.int.
  94.065129 1.18 1
  97.06479499999999 8.93 9
  108.08077899999999 1.31 1
  109.076028 1.41 1
  115.05760099999999 7.11 7
  116.062055 9.25 10
  118.05255299999999 0.79 1
  119.060378 14.01 15
  125.083519 2.42 3
  126.09134399999999 19.83 21
  129.073251 7.11 7
  131.08553 8.96 9
  132.05697 4.68 5
  133.076028 0.86 1
  134.096429 8.44 9
  145.052219 11.39 12
  147.083816 86.28 91
  147.091678 31.86 33
  148.099503 27.06 28
  149.059709 16.28 17
  157.133543 2.1 2
  165.10224300000002 1.38 1
  170.096429 2.49 3
  182.060044 16.38 17
  183.067869 14.66 15
  185.059709 57.44 60
  189.07843400000002 15.1 16
  199.030908 2.06 2
  203.08553 5.47 6
  206.096429 9.56 10
  207.060458 0.4 0
  224.10699400000001 3.14 3
  229.049539 4.86 5
  234.09134400000002 3.88 4
  242.07310700000002 89.39 94
  248.10699400000001 5.97 6
  255.149193 100.0 105
  264.146847 10.34 11
  266.093749 6.93 7
  266.11755899999997 4.25 4
  267.21073099999995 11.37 12
  280.096823 4.37 5
  294.11247299999997 4.55 5
  325.191058 950.44 999
//
