ACCESSION: CCMSLIB00000085533
RECORD_TITLE: decoy
DATE: 2015.11.20
AUTHORS: Administrator
LICENSE: CC BY-SA
CH$NAME: decoy
CH$COMPOUND_CLASS: Natural Product
CH$FORMULA: C15H21F3N2O2
CH$EXACT_MASS: 318.15551257199996
CH$SMILES: N/A
CH$IUPAC: decoy
CH$LINK: N/A
AC$INSTRUMENT: decoy
AC$INSTRUMENT_TYPE: decoy
AC$MASS_SPECTROMETRY: MS_TYPE MS2
AC$MASS_SPECTROMETRY: ION_MODE POSITIVE
AC$MASS_SPECTROMETRY: COLLISION_ENERGY 10 V
MS$FOCUSED_ION: PRECURSOR_M/Z 319
MS$FOCUSED_ION: PRECURSOR_TYPE [M+H]+
PK$NUM_PEAK: 39
PK$PEAK: m/z int. rel.int.
  105.06988 7.46 102
  106.065129 27.51 375
  118.065129 0.26 4
  130.05255300000002 1.24 17
  131.049145 38.28 521
  133.10118 37.22 507
  135.080445 1.38 19
  143.08553 1.4 19
  157.064795 0.58 8
  159.11683000000002 7.01 95
  160.075694 0.4 5
  161.059709 1.06 14
  162.063512 1.99 27
  169.064795 14.99 204
  171.080445 18.81 256
  172.08827000000002 11.28 154
  173.09609500000002 9.26 126
  175.038974 2.39 33
  175.062783 10.18 139
  177.05462400000002 1.59 22
  177.07843400000002 27.23 371
  180.080779 1.72 23
  181.12231 6.71 91
  182.060044 4.59 63
  183.091678 0.47 6
  194.07262 9.56 130
  194.096429 41.23 562
  203.10666 32.6 444
  205.049539 0.34 5
  217.049539 10.61 145
  229.085924 15.79 215
  233.189995 16.71 228
  237.10224300000002 73.35 999
  253.085924 12.31 168
  254.057364 18.41 251
  257.06692 1.75 24
  265.07334799999995 37.4 509
  277.07066799999996 0.98 13
  319.16279299999997 0.19 3
//
