ACCESSION: CCMSLIB00000004694
RECORD_TITLE: decoy
DATE: 2015.11.20
AUTHORS: Administrator
LICENSE: CC BY-SA
CH$NAME: decoy
CH$COMPOUND_CLASS: Natural Product
CH$FORMULA: C33H47NO13
CH$EXACT_MASS: 665.304740564
CH$SMILES: N/A
CH$IUPAC: decoy
CH$LINK: N/A
AC$INSTRUMENT: decoy
AC$INSTRUMENT_TYPE: decoy
AC$MASS_SPECTROMETRY: MS_TYPE MS2
AC$MASS_SPECTROMETRY: ION_MODE POSITIVE
AC$MASS_SPECTROMETRY: COLLISION_ENERGY 10 V
MS$FOCUSED_ION: PRECURSOR_M/Z 666
MS$FOCUSED_ION: PRECURSOR_TYPE [M+H]+
PK$NUM_PEAK: 38
PK$PEAK: m/z int. rel.int.
  94.065129 0.58 6
  96.020584 3.12 31
  96.08077899999999 6.08 61
  98.06004399999999 6.45 64
  105.06988 6.44 64
  107.072954 2.49 25
  109.06479499999999 0.32 3
  117.03349499999999 5.79 58
  123.11683 26.01 260
  125.083519 2.7 27
  127.05422999999999 6.03 60
  129.06988 22.28 223
  132.080779 0.42 4
  136.055707 0.84 8
  137.023324 3.0 30
  139.038974 65.9 658
  144.05697 4.56 46
  155.07882700000002 33.25 332
  156.011379 100.0 999
  157.064795 33.83 338
  166.997503 6.18 62
  168.05697 15.83 158
  182.020978 66.22 662
  184.12465500000002 0.98 10
  203.070274 5.39 54
  209.107328 60.38 603
  213.127395 31.44 314
  239.997749 6.13 61
  258.07876799999997 56.52 565
  260.047286 1.39 14
  260.13935699999996 1.54 15
  322.003229 5.29 53
  330.181222 2.12 21
  351.133937 5.99 60
  425.17071599999997 0.0 0
  441.104962 26.2 262
  573.3745610000001 0.56 6
  666.3120210000001 0.0 0
//
