ACCESSION: CCMSLIB00000078950
RECORD_TITLE: decoy
DATE: 2015.11.20
AUTHORS: Administrator
LICENSE: CC BY-SA
CH$NAME: decoy
CH$COMPOUND_CLASS: Natural Product
CH$FORMULA: C32H45N3O4S
CH$EXACT_MASS: 567.3130779200001
CH$SMILES: N/A
CH$IUPAC: decoy
CH$LINK: N/A
AC$INSTRUMENT: decoy
AC$INSTRUMENT_TYPE: decoy
AC$MASS_SPECTROMETRY: MS_TYPE MS2
AC$MASS_SPECTROMETRY: ION_MODE POSITIVE
AC$MASS_SPECTROMETRY: COLLISION_ENERGY 10 V
MS$FOCUSED_ION: PRECURSOR_M/Z 568
MS$FOCUSED_ION: PRECURSOR_TYPE [M+H]+
PK$NUM_PEAK: 40
PK$PEAK: m/z int. rel.int.
  105.06988 0.89 8
  107.049145 1.75 17
  107.072954 1.29 12
  110.06004399999999 1.52 14
  133.064795 2.23 21
  135.11683000000002 100.0 945
  138.12772900000002 5.77 55
  141.06988 0.48 5
  143.08553 0.26 2
  147.067869 11.32 107
  151.032449 0.91 9
  157.10118 17.02 161
  172.075694 3.47 33
  187.062783 0.71 7
  188.140699 0.64 6
  190.15903 2.86 27
  195.147851 13.76 130
  195.149193 0.28 3
  197.09609500000002 31.93 302
  200.07060900000002 1.95 18
  212.04679900000002 30.19 285
  232.20598 2.18 21
  242.044788 82.42 779
  244.096823 14.25 135
  244.20598 2.39 23
  269.20122899999996 1.42 13
  288.138294 2.51 24
  297.232529 7.84 74
  313.063452 2.75 26
  325.11828699999995 7.17 68
  342.27914499999997 1.36 13
  370.31044499999996 5.12 48
  381.29004399999997 1.05 10
  393.32374899999996 1.41 13
  395.0463 50.89 481
  401.233592 7.98 75
  409.32134399999995 1.68 16
  471.25886299999996 38.55 364
  503.205091 23.07 218
  568.320358 105.69 999
//
