ACCESSION: CCMSLIB00000085530
RECORD_TITLE: decoy
DATE: 2015.11.20
AUTHORS: Administrator
LICENSE: CC BY-SA
CH$NAME: decoy
CH$COMPOUND_CLASS: Natural Product
CH$FORMULA: C12H10F2N2O3
CH$EXACT_MASS: 268.06594862
CH$SMILES: N/A
CH$IUPAC: decoy
CH$LINK: N/A
AC$INSTRUMENT: decoy
AC$INSTRUMENT_TYPE: decoy
AC$MASS_SPECTROMETRY: MS_TYPE MS2
AC$MASS_SPECTROMETRY: ION_MODE POSITIVE
AC$MASS_SPECTROMETRY: COLLISION_ENERGY 10 V
MS$FOCUSED_ION: PRECURSOR_M/Z 269
MS$FOCUSED_ION: PRECURSOR_TYPE [M+H]+
PK$NUM_PEAK: 39
PK$PEAK: m/z int. rel.int.
  98.06004399999999 1.25 3
  104.04947899999999 1.18 2
  105.03349499999999 17.18 36
  120.08077899999999 26.18 55
  124.01147599999999 4.49 9
  124.051884 2.85 6
  124.980414 3.03 6
  126.013391 11.3 24
  128.029041 6.19 13
  129.06988 1.7 4
  133.064795 5.12 11
  156.023955 6.01 13
  158.060044 1.68 4
  159.067869 9.49 20
  161.132481 8.9 19
  163.047763 2.53 5
  164.016465 1.99 4
  168.068203 0.77 2
  170.060044 57.85 122
  181.019204 4.79 10
  182.027029 0.7 1
  187.07536000000002 0.63 1
  191.04108300000001 14.51 31
  201.05462400000002 4.58 10
  203.10666 3.62 8
  207.019834 8.84 19
  210.071357 6.16 13
  211.07536000000002 1.02 2
  212.081842 21.2 45
  217.085924 23.15 49
  225.10224300000002 4.42 9
  226.041807 4.12 9
  251.070274 30.3 64
  255.065189 4.8 10
  256.015131 473.46 999
  259.06010299999997 7.94 17
  267.065189 100.0 211
  268.068991 1.58 3
  269.07322899999997 73.9 156
//
