ACCESSION: CCMSLIB00000079484
RECORD_TITLE: decoy
DATE: 2015.11.20
AUTHORS: Administrator
LICENSE: CC BY-SA
CH$NAME: decoy
CH$COMPOUND_CLASS: Natural Product
CH$FORMULA: C20H23N3O4
CH$EXACT_MASS: 369.16885621600005
CH$SMILES: N/A
CH$IUPAC: decoy
CH$LINK: N/A
AC$INSTRUMENT: decoy
AC$INSTRUMENT_TYPE: decoy
AC$MASS_SPECTROMETRY: MS_TYPE MS2
AC$MASS_SPECTROMETRY: ION_MODE POSITIVE
AC$MASS_SPECTROMETRY: COLLISION_ENERGY 10 V
MS$FOCUSED_ION: PRECURSOR_M/Z 370
MS$FOCUSED_ION: PRECURSOR_TYPE [M+H]+
PK$NUM_PEAK: 47
PK$PEAK: m/z int. rel.int.
  91.05422999999999 1.55 8
  92.04947899999999 19.54 96
  98.096429 0.46 2
  100.112079 1.04 5
  103.05422999999999 1.44 7
  105.06988 2.51 12
  110.096429 11.48 56
  112.112079 6.88 34
  127.038974 6.47 32
  129.04472800000002 0.44 2
  129.06988 5.45 27
  129.138629 0.58 3
  130.04132 15.46 76
  133.064795 1.12 5
  140.04947900000002 1.17 6
  152.10699400000001 1.91 9
  155.154279 7.36 36
  167.01613 2.82 14
  167.072954 28.5 140
  171.11683000000002 38.74 190
  177.05730400000002 0.34 2
  182.083853 20.83 102
  192.011379 0.29 1
  193.088604 0.53 3
  194.096429 7.18 35
  195.091678 5.82 29
  197.132481 19.65 96
  206.071277 0.38 2
  213.159758 20.35 100
  226.086259 12.14 60
  230.049785 7.19 35
  231.101574 28.26 139
  242.048159 100.0 491
  244.17814800000002 19.47 96
  246.04307300000002 0.27 1
  246.044699 90.27 443
  264.080128 96.58 474
  265.16992899999997 1.08 5
  319.15534099999996 7.01 34
  322.227778 203.57 999
  324.123038 23.5 115
  326.15329299999996 0.56 3
  331.15534099999996 1.86 9
  352.13255699999996 6.62 32
  353.137011 18.79 92
  357.24242499999997 56.35 277
  370.176136 2.95 14
//
