ACCESSION: CCMSLIB00000085431
RECORD_TITLE: decoy
DATE: 2015.11.20
AUTHORS: Administrator
LICENSE: CC BY-SA
CH$NAME: decoy
CH$COMPOUND_CLASS: Natural Product
CH$FORMULA: C24H31FO6
CH$EXACT_MASS: 434.21046693200003
CH$SMILES: N/A
CH$IUPAC: decoy
CH$LINK: N/A
AC$INSTRUMENT: decoy
AC$INSTRUMENT_TYPE: decoy
AC$MASS_SPECTROMETRY: MS_TYPE MS2
AC$MASS_SPECTROMETRY: ION_MODE POSITIVE
AC$MASS_SPECTROMETRY: COLLISION_ENERGY 10 V
MS$FOCUSED_ION: PRECURSOR_M/Z 435
MS$FOCUSED_ION: PRECURSOR_TYPE [M+H]+
PK$NUM_PEAK: 52
PK$PEAK: m/z int. rel.int.
  91.05422999999999 8.11 105
  105.06988 4.53 58
  107.049145 2.03 26
  110.034892 3.55 46
  110.036234 4.63 60
  121.06479499999999 16.94 218
  122.07262 0.97 13
  123.09167799999999 0.21 3
  127.074017 1.5 19
  127.12297799999999 3.03 39
  131.049145 4.16 54
  131.070274 1.32 17
  133.088604 0.78 10
  133.097158 2.08 27
  134.096429 23.78 307
  136.051884 0.51 7
  142.065129 1.16 15
  143.072954 1.45 19
  146.060044 7.09 91
  147.091678 2.15 28
  148.075694 77.46 999
  158.071277 0.71 9
  158.096429 1.82 23
  174.077425 1.36 18
  174.09134400000002 30.36 392
  180.101909 0.53 7
  190.086259 2.86 37
  191.10666 7.95 103
  197.09609500000002 5.81 75
  203.117893 3.68 47
  206.096429 1.21 16
  207.11683000000002 3.9 50
  209.09609500000002 3.55 46
  218.079831 2.76 36
  221.09609500000002 39.85 514
  224.120713 13.84 178
  225.05462400000002 14.0 181
  225.127395 48.34 623
  233.097238 15.66 202
  233.103306 14.95 193
  235.077388 8.08 104
  240.078099 3.22 42
  249.163781 0.81 10
  250.098835 14.74 190
  250.100863 33.29 429
  251.10666 1.37 18
  278.11755899999997 31.28 403
  280.140419 24.31 314
  311.078827 1.74 22
  336.04671099999996 0.5 6
  340.117953 33.17 428
  435.217747 0.0 0
//
