ACCESSION: CCMSLIB00000085067
RECORD_TITLE: decoy
DATE: 2015.11.20
AUTHORS: Administrator
LICENSE: CC BY-SA
CH$NAME: decoy
CH$COMPOUND_CLASS: Natural Product
CH$FORMULA: C38H50N6O5
CH$EXACT_MASS: 670.3842687
CH$SMILES: N/A
CH$IUPAC: decoy
CH$LINK: N/A
AC$INSTRUMENT: decoy
AC$INSTRUMENT_TYPE: decoy
AC$MASS_SPECTROMETRY: MS_TYPE MS2
AC$MASS_SPECTROMETRY: ION_MODE POSITIVE
AC$MASS_SPECTROMETRY: COLLISION_ENERGY 10 V
MS$FOCUSED_ION: PRECURSOR_M/Z 671
MS$FOCUSED_ION: PRECURSOR_TYPE [M+H]+
PK$NUM_PEAK: 46
PK$PEAK: m/z int. rel.int.
  95.072954 3.77 38
  105.06988 0.8 8
  115.05422999999999 17.06 170
  117.06988 1.82 18
  119.08552999999999 3.33 33
  125.02332399999999 46.67 466
  130.065129 2.66 27
  133.064795 7.84 78
  137.059709 8.9 89
  138.09134400000002 13.96 139
  138.12772900000002 4.63 46
  143.08553 46.33 463
  146.096429 2.09 21
  147.11683000000002 30.91 309
  148.075694 0.38 4
  151.05423000000002 2.98 30
  159.080445 0.31 3
  166.077705 2.11 21
  181.064795 100.0 999
  191.03388900000002 2.09 21
  194.07262 12.35 123
  200.07060900000002 1.95 19
  204.093355 1.1 11
  205.049539 3.0 30
  205.10118 1.41 14
  213.127395 9.54 95
  219.087656 0.81 8
  219.088998 2.72 27
  220.096823 100.0 999
  229.12231 4.22 42
  230.07310700000002 100.0 999
  241.12231 11.23 112
  242.093749 28.12 281
  245.107328 2.06 21
  259.11895599999997 1.85 18
  271.086593 0.82 8
  291.17434499999996 16.74 167
  320.11420499999997 0.24 2
  324.159424 100.0 999
  326.161155 7.09 71
  373.133543 1.0 10
  384.13764299999997 0.39 4
  387.21660399999996 32.61 326
  398.24382199999997 1.1 11
  434.186307 9.22 92
  671.391549 28.84 288
//
