ACCESSION: CCMSLIB00000085413
RECORD_TITLE: decoy
DATE: 2015.11.20
AUTHORS: Administrator
LICENSE: CC BY-SA
CH$NAME: decoy
CH$COMPOUND_CLASS: Natural Product
CH$FORMULA: C35H38Cl2N8O4
CH$EXACT_MASS: 704.239307056
CH$SMILES: N/A
CH$IUPAC: decoy
CH$LINK: N/A
AC$INSTRUMENT: decoy
AC$INSTRUMENT_TYPE: decoy
AC$MASS_SPECTROMETRY: MS_TYPE MS2
AC$MASS_SPECTROMETRY: ION_MODE POSITIVE
AC$MASS_SPECTROMETRY: COLLISION_ENERGY 10 V
MS$FOCUSED_ION: PRECURSOR_M/Z 705
MS$FOCUSED_ION: PRECURSOR_TYPE [M+H]+
PK$NUM_PEAK: 48
PK$PEAK: m/z int. rel.int.
  98.096429 0.98 10
  102.046405 0.71 7
  106.065129 5.06 51
  117.06988 1.82 18
  119.060378 43.29 432
  119.072954 3.65 36
  121.082337 0.2 2
  128.06205500000002 0.96 10
  131.049145 16.69 167
  131.072954 3.69 37
  136.075694 8.39 84
  145.064795 4.36 44
  146.096429 5.28 53
  151.013822 1.36 14
  155.08553 0.96 10
  162.09134400000002 2.81 28
  166.005421 32.85 328
  166.0685 41.95 419
  167.08553 12.5 125
  172.075694 3.5 35
  172.11207900000002 2.97 30
  174.09134400000002 15.57 156
  188.10699400000001 1.67 17
  192.101909 4.41 44
  197.059709 1.0 10
  197.063532 0.75 7
  215.09274100000002 1.97 20
  220.051884 4.44 44
  220.05391300000002 11.48 115
  220.115451 0.95 9
  234.11247300000002 10.17 102
  235.07536000000002 100.0 999
  236.10699400000001 1.5 15
  237.127395 10.96 109
  239.143045 14.39 144
  245.15361000000001 11.22 112
  252.028921 100.0 999
  254.081173 24.82 248
  305.217176 3.51 35
  337.15515999999997 3.4 34
  338.251216 0.12 1
  370.08316199999996 0.0 0
  377.177419 7.1 71
  377.221503 3.49 35
  392.20859199999995 100.0 999
  421.24001999999996 2.02 20
  480.274453 3.74 37
  705.2465870000001 81.88 818
//
