ACCESSION: CCMSLIB00000080526
RECORD_TITLE: decoy
DATE: 2015.11.20
AUTHORS: Administrator
LICENSE: CC BY-SA
CH$NAME: decoy
CH$COMPOUND_CLASS: Natural Product
CH$FORMULA: C18H16O8
CH$EXACT_MASS: 360.084517472
CH$SMILES: N/A
CH$IUPAC: decoy
CH$LINK: N/A
AC$INSTRUMENT: decoy
AC$INSTRUMENT_TYPE: decoy
AC$MASS_SPECTROMETRY: MS_TYPE MS2
AC$MASS_SPECTROMETRY: ION_MODE POSITIVE
AC$MASS_SPECTROMETRY: COLLISION_ENERGY 10 V
MS$FOCUSED_ION: PRECURSOR_M/Z 361
MS$FOCUSED_ION: PRECURSOR_TYPE [M+H]+
PK$NUM_PEAK: 39
PK$PEAK: m/z int. rel.int.
  103.05422999999999 3.25 77
  105.06988 0.75 18
  107.049145 2.83 67
  108.08077899999999 2.35 56
  109.028409 1.99 47
  117.05730399999999 8.85 209
  118.065129 3.09 73
  120.044394 0.72 17
  121.076028 3.12 74
  135.091678 9.79 231
  146.096429 31.28 740
  147.067869 1.99 47
  148.026732 0.33 8
  150.066192 7.11 168
  152.06205500000002 1.7 40
  152.07060900000002 12.91 305
  158.060044 42.25 999
  176.07060900000002 13.55 320
  185.070943 5.62 133
  189.045419 1.58 37
  203.03388900000002 1.18 28
  214.064478 1.51 36
  222.08866400000002 0.56 13
  222.09134400000002 0.69 16
  223.089964 17.69 418
  229.097158 0.64 15
  244.108057 2.4 57
  247.083913 1.31 31
  265.227444 0.23 5
  269.18999499999995 2.77 65
  273.074411 21.68 513
  275.076325 1.12 26
  293.089392 11.54 273
  299.17022599999996 0.26 6
  309.15975799999995 26.69 631
  316.05641499999996 2.13 50
  336.146847 8.61 204
  344.222024 27.79 657
  361.091797 33.1 783
//
