ACCESSION: CCMSLIB00000085678
RECORD_TITLE: decoy
DATE: 2015.11.20
AUTHORS: Administrator
LICENSE: CC BY-SA
CH$NAME: decoy
CH$COMPOUND_CLASS: Natural Product
CH$FORMULA: C26H28ClNO
CH$EXACT_MASS: 405.185942196
CH$SMILES: N/A
CH$IUPAC: decoy
CH$LINK: N/A
AC$INSTRUMENT: decoy
AC$INSTRUMENT_TYPE: decoy
AC$MASS_SPECTROMETRY: MS_TYPE MS2
AC$MASS_SPECTROMETRY: ION_MODE POSITIVE
AC$MASS_SPECTROMETRY: COLLISION_ENERGY 10 V
MS$FOCUSED_ION: PRECURSOR_M/Z 406
MS$FOCUSED_ION: PRECURSOR_TYPE [M+H]+
PK$NUM_PEAK: 50
PK$PEAK: m/z int. rel.int.
  103.05422999999999 5.45 55
  106.065129 5.42 54
  115.05422999999999 1.05 11
  117.06988 21.66 218
  125.01342799999999 18.88 190
  128.06205500000002 37.11 373
  129.06988 11.85 119
  132.05697 6.65 67
  134.047468 87.35 878
  135.080445 17.51 176
  135.11683000000002 55.57 558
  136.051884 5.52 55
  139.03538700000001 2.5 25
  143.08553 33.54 337
  145.10118 18.79 189
  147.080445 35.38 356
  149.043111 1.27 13
  151.05423000000002 0.96 10
  155.08553 21.71 218
  163.07536000000002 1.95 20
  164.11957 12.25 123
  165.06988 5.87 59
  166.04132 8.72 88
  166.09481200000002 3.14 32
  167.070274 12.47 125
  175.148131 60.9 612
  181.064795 0.44 4
  191.08553 5.28 53
  197.047133 36.69 369
  199.111745 4.7 47
  203.08553 2.21 22
  204.093355 1.44 14
  207.080445 24.93 251
  208.086927 11.51 116
  208.08827000000002 11.21 113
  208.08875700000002 1.23 12
  209.070943 5.93 60
  213.046558 1.4 14
  221.047133 14.96 150
  227.070274 75.31 757
  244.044274 0.25 3
  247.07536000000002 1.15 12
  253.10118 33.43 336
  254.109005 32.02 322
  261.06341299999997 0.42 4
  270.10391999999996 11.74 118
  277.077858 3.57 36
  305.08083899999997 88.45 889
  385.20095399999997 7.12 72
  406.193222 99.42 999
//
