ACCESSION: CCMSLIB00000079824
RECORD_TITLE: decoy
DATE: 2015.11.20
AUTHORS: Administrator
LICENSE: CC BY-SA
CH$NAME: decoy
CH$COMPOUND_CLASS: Natural Product
CH$FORMULA: C27H28N2O6
CH$EXACT_MASS: 476.194736616
CH$SMILES: N/A
CH$IUPAC: decoy
CH$LINK: N/A
AC$INSTRUMENT: decoy
AC$INSTRUMENT_TYPE: decoy
AC$MASS_SPECTROMETRY: MS_TYPE MS2
AC$MASS_SPECTROMETRY: ION_MODE POSITIVE
AC$MASS_SPECTROMETRY: COLLISION_ENERGY 10 V
MS$FOCUSED_ION: PRECURSOR_M/Z 477
MS$FOCUSED_ION: PRECURSOR_TYPE [M+H]+
PK$NUM_PEAK: 45
PK$PEAK: m/z int. rel.int.
  171.065189 0.89 9
  173.059709 4.6 46
  177.01823900000002 3.3 33
  183.044059 5.8 58
  185.047133 4.98 50
  186.054958 11.53 115
  189.05462400000002 4.4 44
  196.051884 3.36 34
  197.059709 4.43 44
  198.054958 100.0 999
  200.07060900000002 10.74 107
  203.03388900000002 4.14 41
  209.059709 3.25 32
  210.054958 9.48 95
  212.07060900000002 13.5 135
  214.04987300000002 25.31 253
  215.070274 3.96 40
  222.052278 7.28 73
  223.062783 7.28 73
  224.067928 6.62 66
  227.07882700000002 30.29 303
  229.049539 8.28 83
  229.085924 6.42 64
  235.060103 3.83 38
  236.067928 22.31 223
  238.04987300000002 26.28 263
  238.086259 26.39 264
  243.065189 15.3 153
  245.044453 10.3 103
  252.06284300000002 3.56 36
  253.094478 13.2 132
  256.060438 42.82 428
  257.11722399999996 3.57 36
  269.044453 3.23 32
  271.06010299999997 13.31 133
  281.089392 8.02 80
  285.07575299999996 99.96 999
  287.09140399999995 62.74 627
  313.107054 28.8 288
  358.128517 3.92 39
  377.138354 10.27 103
  406.164903 4.3 43
  419.13634199999996 4.21 42
  434.159817 8.28 83
  477.20201699999996 0.89 9
//
