ACCESSION: CCMSLIB00000078957
RECORD_TITLE: decoy
DATE: 2015.11.20
AUTHORS: Administrator
LICENSE: CC BY-SA
CH$NAME: decoy
CH$COMPOUND_CLASS: Natural Product
CH$FORMULA: C25H31F3O5S
CH$EXACT_MASS: 500.184429752
CH$SMILES: N/A
CH$IUPAC: decoy
CH$LINK: N/A
AC$INSTRUMENT: decoy
AC$INSTRUMENT_TYPE: decoy
AC$MASS_SPECTROMETRY: MS_TYPE MS2
AC$MASS_SPECTROMETRY: ION_MODE POSITIVE
AC$MASS_SPECTROMETRY: COLLISION_ENERGY 10 V
MS$FOCUSED_ION: PRECURSOR_M/Z 501
MS$FOCUSED_ION: PRECURSOR_TYPE [M+H]+
PK$NUM_PEAK: 45
PK$PEAK: m/z int. rel.int.
  65.039723 8.56 86
  98.989916 9.64 96
  124.030755 2.25 22
  151.021216 3.16 32
  174.013391 2.27 23
  175.057601 2.88 29
  188.029041 5.73 57
  199.057601 3.16 32
  201.10740900000002 10.73 107
  211.111745 2.26 23
  217.06816600000002 5.15 51
  219.117973 8.13 81
  237.12853800000002 3.62 36
  257.07948 5.73 57
  266.057147 2.86 29
  275.110031 3.6 36
  286.063376 3.89 39
  295.150416 3.43 34
  303.104945 5.02 50
  313.160981 7.04 70
  323.111174 3.81 38
  327.104945 3.9 39
  333.16720899999996 9.94 99
  347.111174 14.13 141
  353.08421 7.17 72
  373.090438 28.04 280
  377.121738 2.5 25
  403.137388 2.58 26
  403.15378699999997 5.02 50
  407.14870199999996 3.65 36
  407.20284599999997 6.43 64
  409.198509 9.28 93
  415.191532 3.27 33
  427.209074 7.9 79
  433.18433899999997 28.04 280
  435.19775999999996 9.0 90
  437.193424 12.49 125
  453.190567 3.75 37
  455.203989 4.07 41
  461.17925299999996 77.51 774
  463.174917 20.85 208
  481.185482 100.0 999
  483.18114499999996 6.09 61
  501.19171 9.94 99
//
