ACCESSION: CCMSLIB00000079734
RECORD_TITLE: decoy
DATE: 2015.11.20
AUTHORS: Administrator
LICENSE: CC BY-SA
CH$NAME: decoy
CH$COMPOUND_CLASS: Natural Product
CH$FORMULA: C28H30ClNO6
CH$EXACT_MASS: 511.17616535999997
CH$SMILES: N/A
CH$IUPAC: decoy
CH$LINK: N/A
AC$INSTRUMENT: decoy
AC$INSTRUMENT_TYPE: decoy
AC$MASS_SPECTROMETRY: MS_TYPE MS2
AC$MASS_SPECTROMETRY: ION_MODE POSITIVE
AC$MASS_SPECTROMETRY: COLLISION_ENERGY 10 V
MS$FOCUSED_ION: PRECURSOR_M/Z 512
MS$FOCUSED_ION: PRECURSOR_TYPE [M+H]+
PK$NUM_PEAK: 38
PK$PEAK: m/z int. rel.int.
  56.049479 25.36 253
  73.97920699999999 1.93 19
  75.994857 6.42 64
  112.112079 0.0 0
  155.03656900000001 8.63 86
  158.117559 10.73 107
  242.984352 2.96 30
  271.015652 24.47 244
  297.031302 1.36 14
  339.138447 3.59 36
  359.16466199999996 1.49 15
  359.187984 2.17 22
  367.133362 5.62 56
  367.17781299999996 2.59 26
  369.125202 38.22 382
  378.146666 10.39 104
  380.141187 3.26 33
  381.133756 1.13 11
  388.190724 1.17 12
  397.120117 1.28 13
  402.146666 1.66 17
  402.183051 2.42 24
  408.136101 3.73 37
  411.15957599999996 4.16 42
  415.154491 1.13 11
  423.15957599999996 19.32 193
  430.141581 5.59 56
  430.17796599999997 9.82 98
  434.13649499999997 9.21 92
  440.162316 7.07 71
  454.141581 1.31 13
  458.17288099999996 7.18 72
  468.15723099999997 2.27 23
  469.14124599999997 100.0 999
  484.18853099999995 46.76 467
  494.17288099999996 2.52 25
  495.15689599999996 7.34 73
  512.183445 0.0 0
//
