ACCESSION: CCMSLIB00000086103
RECORD_TITLE: decoy
DATE: 2015.11.20
AUTHORS: Administrator
LICENSE: CC BY-SA
CH$NAME: decoy
CH$COMPOUND_CLASS: Natural Product
CH$FORMULA: C23H29FO6
CH$EXACT_MASS: 420.194816868
CH$SMILES: N/A
CH$IUPAC: decoy
CH$LINK: N/A
AC$INSTRUMENT: decoy
AC$INSTRUMENT_TYPE: decoy
AC$MASS_SPECTROMETRY: MS_TYPE MS2
AC$MASS_SPECTROMETRY: ION_MODE POSITIVE
AC$MASS_SPECTROMETRY: COLLISION_ENERGY 10 V
MS$FOCUSED_ION: PRECURSOR_M/Z 421
MS$FOCUSED_ION: PRECURSOR_TYPE [M+H]+
PK$NUM_PEAK: 50
PK$PEAK: m/z int. rel.int.
  149.060852 21.69 217
  151.076502 24.11 241
  165.092152 21.65 216
  167.071417 50.6 505
  177.092152 14.73 147
  187.076502 12.64 126
  187.111745 27.58 276
  191.071417 14.6 146
  193.08706700000002 100.0 999
  204.07924200000002 13.56 135
  205.08706700000002 49.81 498
  213.092152 12.02 120
  217.08706700000002 49.31 493
  219.102717 40.22 402
  224.084327 12.1 121
  225.092152 17.48 175
  231.102717 28.91 289
  235.111745 0.0 0
  240.11562800000002 12.93 129
  242.09489200000002 13.6 136
  243.102717 33.21 332
  245.118367 16.4 164
  254.09489200000002 16.98 170
  257.118367 23.03 230
  267.102717 42.55 425
  268.11054199999995 44.76 447
  269.118367 29.24 292
  271.134017 22.7 227
  275.107803 14.73 147
  280.11054199999995 12.6 126
  283.134017 69.21 691
  293.118367 22.99 230
  294.126192 24.95 249
  295.134017 28.49 285
  297.14966699999997 13.6 136
  299.12893199999996 27.16 271
  308.141842 16.9 169
  309.14966699999997 32.96 329
  323.16531699999996 38.21 382
  351.160232 12.22 122
  354.147322 22.57 225
  369.170797 34.63 346
  395.186447 29.12 291
  406.17862199999996 11.89 119
  421.202097 0.0 0
//
