ACCESSION: CCMSLIB00000078950
RECORD_TITLE: decoy
DATE: 2015.11.20
AUTHORS: Administrator
LICENSE: CC BY-SA
CH$NAME: decoy
CH$COMPOUND_CLASS: Natural Product
CH$FORMULA: C32H45N3O4S
CH$EXACT_MASS: 567.3130779200001
CH$SMILES: N/A
CH$IUPAC: decoy
CH$LINK: N/A
AC$INSTRUMENT: decoy
AC$INSTRUMENT_TYPE: decoy
AC$MASS_SPECTROMETRY: MS_TYPE MS2
AC$MASS_SPECTROMETRY: ION_MODE POSITIVE
AC$MASS_SPECTROMETRY: COLLISION_ENERGY 10 V
MS$FOCUSED_ION: PRECURSOR_M/Z 568
MS$FOCUSED_ION: PRECURSOR_TYPE [M+H]+
PK$NUM_PEAK: 40
PK$PEAK: m/z int. rel.int.
  51.02293 4.35 41
  74.096429 0.23 2
  101.107328 0.39 4
  102.09134399999999 27.66 261
  104.09441799999999 0.21 2
  112.034126 0.26 2
  119.117893 1.03 10
  137.132481 1.69 16
  141.138629 0.31 3
  143.117893 0.31 3
  147.11683000000002 1.82 17
  154.146454 1.01 10
  163.12635 0.24 2
  165.127395 0.49 5
  169.133543 2.32 22
  170.141368 3.12 29
  187.14410800000002 0.45 4
  233.11990400000002 14.38 136
  234.118525 3.17 30
  235.115116 0.9 9
  248.12812300000002 25.83 244
  251.211793 0.93 9
  279.152564 4.28 40
  293.149587 1.36 13
  297.16312899999997 100.0 945
  305.168214 0.3 3
  305.20978199999996 0.2 2
  315.18895 0.28 3
  333.19951499999996 105.69 999
  339.210079 0.22 2
  385.24857299999996 0.35 3
  387.26422299999996 2.22 21
  416.273014 0.37 3
  429.311173 0.41 4
  430.270037 0.37 3
  434.283578 49.32 466
  474.332637 1.86 18
  500.34828699999997 0.23 2
  550.309793 1.17 11
  568.320358 105.69 999
//
