ACCESSION: CCMSLIB00000085576
RECORD_TITLE: decoy
DATE: 2015.11.20
AUTHORS: Administrator
LICENSE: CC BY-SA
CH$NAME: decoy
CH$COMPOUND_CLASS: Natural Product
CH$FORMULA: C8H8Cl3N3O4S2
CH$EXACT_MASS: 378.90218077599997
CH$SMILES: N/A
CH$IUPAC: decoy
CH$LINK: N/A
AC$INSTRUMENT: decoy
AC$INSTRUMENT_TYPE: decoy
AC$MASS_SPECTROMETRY: MS_TYPE MS2
AC$MASS_SPECTROMETRY: ION_MODE POSITIVE
AC$MASS_SPECTROMETRY: COLLISION_ENERGY 10 V
MS$FOCUSED_ION: PRECURSOR_M/Z 380
MS$FOCUSED_ION: PRECURSOR_TYPE [M+H]+
PK$NUM_PEAK: 44
PK$PEAK: m/z int. rel.int.
  53.002195 28.81 288
  79.017845 69.38 693
  80.979351 7.36 74
  81.98717599999999 7.49 75
  99.01035399999999 10.08 101
  102.99452199999999 14.6 146
  110.989916 18.35 183
  111.985165 9.17 92
  122.01847599999999 10.85 108
  128.016465 10.21 102
  131.943118 12.14 121
  134.987032 10.85 108
  141.010172 11.37 114
  147.96184200000002 10.47 105
  155.943118 34.37 343
  156.950943 7.75 77
  156.960635 0.0 0
  156.98732900000002 21.58 216
  158.952963 14.73 147
  160.95997500000001 39.15 391
  163.956757 12.4 124
  192.92762100000002 19.77 198
  198.88404200000002 15.5 155
  202.942792 11.89 119
  205.925754 13.82 138
  207.93584 8.14 81
  220.919652 32.82 328
  220.953357 100.0 999
  221.95417 19.51 195
  227.918657 20.41 204
  228.894607 7.36 74
  228.918416 7.24 72
  229.93430700000002 16.93 169
  247.944668 7.49 75
  248.96795300000002 16.67 167
  253.93430700000002 10.21 102
  261.879685 14.47 145
  279.93449699999996 7.49 75
  289.896868 13.95 139
  289.910985 29.07 290
  319.85328899999996 9.56 96
  336.879838 8.79 88
  352.89856199999997 35.4 354
  379.90946099999996 0.0 0
//
