ACCESSION: CCMSLIB00000085877
RECORD_TITLE: decoy
DATE: 2015.11.20
AUTHORS: Administrator
LICENSE: CC BY-SA
CH$NAME: decoy
CH$COMPOUND_CLASS: Natural Product
CH$FORMULA: C14H9ClF3NO2
CH$EXACT_MASS: 315.027390868
CH$SMILES: N/A
CH$IUPAC: decoy
CH$LINK: N/A
AC$INSTRUMENT: decoy
AC$INSTRUMENT_TYPE: decoy
AC$MASS_SPECTROMETRY: MS_TYPE MS2
AC$MASS_SPECTROMETRY: ION_MODE POSITIVE
AC$MASS_SPECTROMETRY: COLLISION_ENERGY 10 V
MS$FOCUSED_ION: PRECURSOR_M/Z 316
MS$FOCUSED_ION: PRECURSOR_TYPE [M+H]+
PK$NUM_PEAK: 44
PK$PEAK: m/z int. rel.int.
  61.979207 15.86 158
  64.978872 4.6 46
  65.003337 31.49 315
  83.01031499999999 100.0 999
  85.025965 9.76 98
  93.981612 16.47 165
  104.013094 7.53 75
  105.02091899999999 16.93 169
  109.00728 5.01 50
  113.974121 84.8 847
  115.005269 13.22 132
  128.013094 26.28 263
  130.021333 5.34 53
  133.04480800000002 32.47 324
  136.030755 24.91 249
  142.99326000000002 23.72 237
  150.02756200000002 10.77 108
  153.03349500000002 8.33 83
  156.03698300000002 40.43 404
  166.065129 99.36 993
  174.01050700000002 0.0 0
  176.043212 6.26 63
  180.044394 8.62 86
  188.99759600000002 21.07 210
  192.00108500000002 6.52 65
  194.03379 5.23 52
  200.050622 20.5 205
  209.003825 8.89 89
  211.012064 9.35 93
  212.007313 25.6 256
  218.016735 13.51 135
  235.060339 9.94 99
  238.022963 6.23 62
  241.002642 11.47 115
  258.02919199999997 38.46 384
  274.000297 8.06 81
  280.013542 6.45 64
  282.005382 21.97 219
  298.02410599999996 6.75 67
  300.015947 4.87 49
  316.034671 0.0 0
//
