ACCESSION: CCMSLIB00000078220
RECORD_TITLE: decoy
DATE: 2015.11.20
AUTHORS: Administrator
LICENSE: CC BY-SA
CH$NAME: decoy
CH$COMPOUND_CLASS: Natural Product
CH$FORMULA: C25H35N3O6S
CH$EXACT_MASS: 505.2246568400001
CH$SMILES: N/A
CH$IUPAC: decoy
CH$LINK: N/A
AC$INSTRUMENT: decoy
AC$INSTRUMENT_TYPE: decoy
AC$MASS_SPECTROMETRY: MS_TYPE MS2
AC$MASS_SPECTROMETRY: ION_MODE POSITIVE
AC$MASS_SPECTROMETRY: COLLISION_ENERGY 10 V
MS$FOCUSED_ION: PRECURSOR_M/Z 506
MS$FOCUSED_ION: PRECURSOR_TYPE [M+H]+
PK$NUM_PEAK: 42
PK$PEAK: m/z int. rel.int.
  74.096429 4.5 45
  97.028409 3.93 39
  115.038974 0.81 8
  129.995729 0.64 6
  156.011379 24.28 243
  172.96918000000002 6.41 64
  180.995395 0.95 9
  189.995729 0.96 10
  198.02194400000002 0.9 9
  208.006294 1.86 19
  209.02669500000002 1.55 15
  223.038974 0.71 7
  223.08659300000002 1.06 11
  226.016859 7.71 77
  235.00596000000002 1.66 17
  235.038974 2.4 24
  241.107054 1.98 20
  245.07431400000002 10.45 104
  252.032509 2.73 27
  270.043073 17.17 172
  282.11247299999997 100.0 999
  283.09648899999996 1.58 16
  288.08665299999996 6.77 68
  291.10157399999997 1.92 19
  298.14377299999995 0.57 6
  300.123038 3.44 34
  309.11213899999996 6.93 69
  314.138688 1.21 12
  326.138688 3.18 32
  344.149253 0.89 9
  352.117953 0.88 9
  359.106008 16.61 166
  369.144502 4.67 47
  377.11657299999996 1.07 11
  387.155066 0.74 7
  393.20201699999996 4.53 45
  418.179507 78.51 784
  421.142787 12.95 129
  506.23193699999996 24.28 243
//
