ACCESSION: CCMSLIB00000078637
RECORD_TITLE: decoy
DATE: 2015.11.20
AUTHORS: Administrator
LICENSE: CC BY-SA
CH$NAME: decoy
CH$COMPOUND_CLASS: Natural Product
CH$FORMULA: C18H14F3N3O4S
CH$EXACT_MASS: 425.065711588
CH$SMILES: N/A
CH$IUPAC: decoy
CH$LINK: N/A
AC$INSTRUMENT: decoy
AC$INSTRUMENT_TYPE: decoy
AC$MASS_SPECTROMETRY: MS_TYPE MS2
AC$MASS_SPECTROMETRY: ION_MODE POSITIVE
AC$MASS_SPECTROMETRY: COLLISION_ENERGY 10 V
MS$FOCUSED_ION: PRECURSOR_M/Z 426
MS$FOCUSED_ION: PRECURSOR_TYPE [M+H]+
PK$NUM_PEAK: 39
PK$PEAK: m/z int. rel.int.
  81.975743 11.97 34
  98.014905 2.52 7
  111.024073 7.67 22
  129.98831900000002 7.75 22
  130.99614400000002 11.74 34
  134.023658 10.0 29
  154.029887 4.3 12
  155.012559 3.37 10
  165.01803900000002 2.52 7
  170.012225 3.41 10
  191.030301 3.72 11
  195.044059 11.27 32
  196.99011000000002 5.81 17
  219.025216 2.48 7
  223.072915 8.56 25
  225.054424 3.18 9
  227.01613 3.14 9
  234.050936 17.67 51
  240.012974 7.75 22
  248.066586 2.13 6
  253.049339 6.01 17
  254.057164 347.35 999
  257.02649499999995 3.25 9
  257.113637 1.98 6
  257.99454699999995 2.6 7
  260.02795499999996 4.73 14
  278.049754 5.04 14
  290.115114 2.6 7
  296.01133999999996 2.56 7
  302.066153 13.95 40
  317.00785099999996 3.14 9
  317.06179499999996 12.86 37
  321.055567 2.83 8
  325.105711 11.0 32
  337.01408 25.46 73
  365.008994 100.0 288
  374.09469199999995 3.49 10
  394.10092099999997 2.17 6
  426.072992 347.35 999
//
