ACCESSION: CCMSLIB00000071749
RECORD_TITLE: decoy
DATE: 2015.11.20
AUTHORS: Administrator
LICENSE: CC BY-SA
CH$NAME: decoy
CH$COMPOUND_CLASS: Natural Product
CH$FORMULA: C48H72N10O12
CH$EXACT_MASS: 980.533117744
CH$SMILES: N/A
CH$IUPAC: decoy
CH$LINK: N/A
AC$INSTRUMENT: decoy
AC$INSTRUMENT_TYPE: decoy
AC$MASS_SPECTROMETRY: MS_TYPE MS2
AC$MASS_SPECTROMETRY: ION_MODE POSITIVE
AC$MASS_SPECTROMETRY: COLLISION_ENERGY 10 V
MS$FOCUSED_ION: PRECURSOR_M/Z 982
MS$FOCUSED_ION: PRECURSOR_TYPE [M+H]+
PK$NUM_PEAK: 41
PK$PEAK: m/z int. rel.int.
  377.16484299999996 8.77 88
  441.192121 4.81 48
  459.202685 20.32 203
  460.21319 36.83 368
  475.11091 5.34 53
  492.259192 18.27 183
  493.294849 6.14 61
  501.14315899999997 6.97 70
  503.207771 4.62 46
  520.242873 100.0 999
  521.176584 21.69 217
  589.231974 8.46 85
  604.343476 4.25 42
  607.2928380000001 4.54 45
  617.2143130000001 12.73 127
  618.2545 7.49 75
  632.1955290000001 4.01 40
  635.224877 15.74 157
  636.382775 4.82 48
  645.265399 7.16 72
  673.1830120000001 4.23 42
  674.3363800000001 4.32 43
  690.355104 8.04 80
  690.444981 23.34 233
  733.17899 4.48 45
  751.384058 20.66 206
  759.361311 5.82 58
  768.386798 19.03 190
  772.2977080000001 21.65 216
  773.292957 20.99 210
  774.3847860000001 6.2 62
  787.34365 10.57 106
  801.416815 8.11 81
  804.335156 15.73 157
  830.3984250000001 32.32 323
  831.40625 24.94 249
  845.374281 4.21 42
  857.2678050000001 13.96 139
  874.490708 4.72 47
  902.513455 0.0 0
  981.540398 0.0 0
//
