ACCESSION: CCMSLIB00000080370
RECORD_TITLE: decoy
DATE: 2015.11.20
AUTHORS: Administrator
LICENSE: CC BY-SA
CH$NAME: decoy
CH$COMPOUND_CLASS: Natural Product
CH$FORMULA: C22H28N2O5
CH$EXACT_MASS: 400.19982199599997
CH$SMILES: N/A
CH$IUPAC: decoy
CH$LINK: N/A
AC$INSTRUMENT: decoy
AC$INSTRUMENT_TYPE: decoy
AC$MASS_SPECTROMETRY: MS_TYPE MS2
AC$MASS_SPECTROMETRY: ION_MODE POSITIVE
AC$MASS_SPECTROMETRY: COLLISION_ENERGY 10 V
MS$FOCUSED_ION: PRECURSOR_M/Z 401
MS$FOCUSED_ION: PRECURSOR_TYPE [M+H]+
PK$NUM_PEAK: 47
PK$PEAK: m/z int. rel.int.
  58.004934 52.21 522
  59.012759 3.28 33
  65.02332399999999 3.96 40
  79.05422999999999 2.25 22
  105.06988 3.77 38
  107.04512199999999 13.56 135
  122.096429 6.05 60
  165.138629 2.71 27
  176.14338 11.54 115
  177.10224300000002 2.42 24
  193.133543 2.91 29
  201.114819 7.6 76
  203.154279 16.75 167
  204.125718 4.54 45
  205.097158 4.48 45
  205.169929 7.35 73
  217.133543 11.77 118
  218.141368 4.81 48
  219.149193 28.9 289
  223.107722 6.58 66
  233.16484300000002 27.05 270
  245.128458 11.14 111
  247.107722 4.58 46
  247.14410800000002 3.44 34
  249.12337200000002 7.63 76
  261.15975799999995 100.0 999
  262.131197 8.37 84
  273.12337199999996 3.19 32
  275.13902199999995 4.45 44
  288.146847 8.64 86
  293.185973 25.68 257
  303.170323 2.76 28
  304.190724 9.06 91
  321.180887 2.7 27
  330.169988 10.81 108
  347.196537 4.95 49
  375.19145199999997 7.27 73
  401.20710199999996 3.77 38
//
