ACCESSION: CCMSLIB00000079451
RECORD_TITLE: decoy
DATE: 2015.11.20
AUTHORS: Administrator
LICENSE: CC BY-SA
CH$NAME: decoy
CH$COMPOUND_CLASS: Natural Product
CH$FORMULA: C27H31NO6
CH$EXACT_MASS: 465.215137712
CH$SMILES: N/A
CH$IUPAC: decoy
CH$LINK: N/A
AC$INSTRUMENT: decoy
AC$INSTRUMENT_TYPE: decoy
AC$MASS_SPECTROMETRY: MS_TYPE MS2
AC$MASS_SPECTROMETRY: ION_MODE POSITIVE
AC$MASS_SPECTROMETRY: COLLISION_ENERGY 10 V
MS$FOCUSED_ION: PRECURSOR_M/Z 466
MS$FOCUSED_ION: PRECURSOR_TYPE [M+H]+
PK$NUM_PEAK: 44
PK$PEAK: m/z int. rel.int.
  56.013094 1.93 19
  61.028409 23.95 239
  197.132481 16.6 166
  199.148131 11.94 119
  212.14338 5.73 57
  214.15903 20.67 206
  216.138294 2.83 28
  224.14338 6.19 62
  228.17468 1.35 13
  230.153944 1.41 14
  240.138294 1.62 16
  242.153944 2.89 29
  244.13320900000002 1.49 15
  244.16959400000002 1.44 14
  245.15361000000001 0.58 6
  250.15903 100.0 999
  254.153944 5.48 55
  254.19033000000002 3.13 31
  256.169594 5.85 58
  258.14885899999996 1.94 19
  268.16959399999996 4.45 44
  270.14885899999996 10.53 105
  271.156684 3.38 34
  272.16450899999995 2.07 21
  281.213805 13.5 135
  282.14885899999996 3.18 32
  284.16450899999995 5.47 55
  286.14377299999995 2.84 28
  296.23728 47.1 471
  298.14377299999995 10.85 108
  299.151599 6.26 63
  300.159424 2.28 23
  306.22163 1.33 13
  312.159424 5.39 54
  314.175074 3.16 32
  323.20056 3.22 32
  324.232195 16.11 161
  352.227109 7.28 73
  380.222024 1.72 17
  410.23258799999996 2.32 23
  438.22750299999996 30.22 302
  466.222418 0.58 6
//
