ACCESSION: CCMSLIB00000085093
RECORD_TITLE: decoy
DATE: 2015.11.20
AUTHORS: Administrator
LICENSE: CC BY-SA
CH$NAME: decoy
CH$COMPOUND_CLASS: Natural Product
CH$FORMULA: C26H29N3O6
CH$EXACT_MASS: 479.205635648
CH$SMILES: N/A
CH$IUPAC: decoy
CH$LINK: N/A
AC$INSTRUMENT: decoy
AC$INSTRUMENT_TYPE: decoy
AC$MASS_SPECTROMETRY: MS_TYPE MS2
AC$MASS_SPECTROMETRY: ION_MODE POSITIVE
AC$MASS_SPECTROMETRY: COLLISION_ENERGY 10 V
MS$FOCUSED_ION: PRECURSOR_M/Z 480
MS$FOCUSED_ION: PRECURSOR_TYPE [M+H]+
PK$NUM_PEAK: 43
PK$PEAK: m/z int. rel.int.
  171.13796000000002 1.92 19
  186.140306 1.25 12
  199.156684 0.92 9
  209.14103400000002 1.73 17
  211.09648900000002 0.0 0
  211.135555 1.21 12
  212.14338 1.11 11
  212.155956 3.24 32
  214.180159 3.52 35
  220.154338 23.21 232
  227.151599 13.35 133
  230.153944 1.2 12
  237.135948 1.93 19
  242.175074 1.28 13
  244.154338 2.56 26
  251.211793 4.55 45
  255.146513 9.46 95
  256.133209 9.33 93
  258.125049 0.95 9
  259.216879 23.22 232
  260.16450899999995 0.85 8
  270.14885899999996 0.95 9
  271.156684 10.77 108
  272.140699 4.23 42
  274.15635 10.7 107
  282.181222 3.76 38
  288.159424 100.0 999
  294.181222 1.05 10
  297.20469699999995 1.88 19
  299.18396099999995 1.34 13
  310.176136 1.08 11
  325.199611 15.29 153
  332.185638 30.32 303
  339.23051799999996 1.11 11
  360.123038 6.6 66
  360.170657 9.87 99
  367.22543199999996 9.86 99
  374.207436 2.17 22
  398.207436 1.76 18
  424.22308599999997 3.45 34
  452.21800099999996 0.8 8
  480.212916 0.0 0
//
