ACCESSION: CCMSLIB00000079078
RECORD_TITLE: decoy
DATE: 2015.11.20
AUTHORS: Administrator
LICENSE: CC BY-SA
CH$NAME: decoy
CH$COMPOUND_CLASS: Natural Product
CH$FORMULA: C20H21N5O3S
CH$EXACT_MASS: 411.136510532
CH$SMILES: N/A
CH$IUPAC: decoy
CH$LINK: N/A
AC$INSTRUMENT: decoy
AC$INSTRUMENT_TYPE: decoy
AC$MASS_SPECTROMETRY: MS_TYPE MS2
AC$MASS_SPECTROMETRY: ION_MODE POSITIVE
AC$MASS_SPECTROMETRY: COLLISION_ENERGY 10 V
MS$FOCUSED_ION: PRECURSOR_M/Z 412
MS$FOCUSED_ION: PRECURSOR_TYPE [M+H]+
PK$NUM_PEAK: 44
PK$PEAK: m/z int. rel.int.
  53.013428000000005 2.69 24
  57.987176 0.72 6
  62.047468 59.43 522
  68.979351 7.21 63
  69.05730399999999 0.29 3
  71.02399299999999 1.06 9
  78.013391 0.85 7
  84.002826 0.31 3
  106.008305 7.17 63
  111.013725 2.65 23
  129.06988 0.35 3
  136.018179 57.85 508
  138.013391 1.31 11
  138.021253 0.57 5
  139.04165400000002 7.53 66
  142.064478 0.38 3
  145.982091 0.56 5
  148.063118 0.75 7
  153.04472800000002 5.24 46
  160.030103 21.2 186
  168.068203 113.8 999
  169.076028 0.33 3
  178.0685 5.88 52
  185.094752 100.0 878
  213.048099 9.99 88
  219.079102 1.51 13
  221.07431400000002 0.49 4
  234.06956300000002 0.36 3
  248.081842 0.3 3
  264.080128 10.06 88
  267.05866399999996 0.28 2
  306.045754 0.52 5
  310.064478 1.53 13
  311.121264 3.6 32
  321.04407599999996 4.77 42
  347.05972699999995 0.7 6
  350.08320199999997 0.31 3
  355.134903 0.75 7
  365.070291 0.47 4
  369.137977 1.7 15
  381.101591 1.6 14
  382.145802 1.33 12
  412.14379099999996 113.8 999
//
