ACCESSION: CCMSLIB00000080467
RECORD_TITLE: decoy
DATE: 2015.11.20
AUTHORS: Administrator
LICENSE: CC BY-SA
CH$NAME: decoy
CH$COMPOUND_CLASS: Natural Product
CH$FORMULA: C33H33N5O5
CH$EXACT_MASS: 579.248169156
CH$SMILES: N/A
CH$IUPAC: decoy
CH$LINK: N/A
AC$INSTRUMENT: decoy
AC$INSTRUMENT_TYPE: decoy
AC$MASS_SPECTROMETRY: MS_TYPE MS2
AC$MASS_SPECTROMETRY: ION_MODE POSITIVE
AC$MASS_SPECTROMETRY: COLLISION_ENERGY 10 V
MS$FOCUSED_ION: PRECURSOR_M/Z 580
MS$FOCUSED_ION: PRECURSOR_TYPE [M+H]+
PK$NUM_PEAK: 46
PK$PEAK: m/z int. rel.int.
  55.041654 26.0 260
  57.057304 2.19 22
  57.069880000000005 2.81 28
  61.088604000000004 33.98 339
  72.08077899999999 5.26 53
  82.065129 2.09 21
  88.099503 6.47 65
  100.075694 7.43 74
  101.070943 1.77 18
  142.110068 8.04 80
  145.088604 91.25 912
  178.146454 3.12 31
  193.157353 2.21 22
  195.125384 2.14 21
  200.14338 4.72 47
  202.110068 37.37 373
  217.088604 10.67 107
  221.152267 16.71 167
  239.141703 2.34 23
  242.128792 18.76 187
  245.152267 2.71 27
  249.14718200000002 50.72 507
  257.152267 100.0 999
  260.13080299999996 1.97 20
  263.117893 3.38 34
  273.147182 13.21 132
  275.162832 3.92 39
  277.146119 3.27 33
  278.141368 2.87 29
  299.162832 32.63 326
  304.157018 41.9 419
  319.204303 4.33 43
  327.157747 43.67 436
  343.204303 3.42 34
  347.199217 74.2 741
  375.181556 1.8 18
  390.20503099999996 35.11 351
  395.199217 1.96 20
  418.19994599999995 3.26 33
  424.201957 2.39 24
  439.22543199999996 70.74 707
  440.233257 76.32 762
  482.24382199999997 41.56 415
  494.231246 6.33 63
  550.2448840000001 5.43 54
  580.255449 10.67 107
//
