ACCESSION: CCMSLIB00000085926
RECORD_TITLE: decoy
DATE: 2015.11.20
AUTHORS: Administrator
LICENSE: CC BY-SA
CH$NAME: decoy
CH$COMPOUND_CLASS: Natural Product
CH$FORMULA: C21H27NO4
CH$EXACT_MASS: 357.19400834400005
CH$SMILES: N/A
CH$IUPAC: decoy
CH$LINK: N/A
AC$INSTRUMENT: decoy
AC$INSTRUMENT_TYPE: decoy
AC$MASS_SPECTROMETRY: MS_TYPE MS2
AC$MASS_SPECTROMETRY: ION_MODE POSITIVE
AC$MASS_SPECTROMETRY: COLLISION_ENERGY 10 V
MS$FOCUSED_ION: PRECURSOR_M/Z 358
MS$FOCUSED_ION: PRECURSOR_TYPE [M+H]+
PK$NUM_PEAK: 40
PK$PEAK: m/z int. rel.int.
  152.04679900000002 1.89 19
  162.06753500000002 3.85 38
  166.06244900000002 11.53 115
  170.07262 2.3 23
  174.06753500000002 1.44 14
  178.06244900000002 2.37 24
  186.06753500000002 1.25 12
  188.08318500000001 4.23 42
  190.06244900000002 19.45 194
  192.078099 2.11 21
  203.094084 1.12 11
  204.078099 5.85 58
  205.146119 5.95 59
  216.078099 9.44 94
  219.088998 3.11 31
  220.096823 1.58 16
  221.104648 1.18 12
  230.081173 2.6 26
  230.093749 1.28 13
  231.088998 5.34 53
  235.12029800000002 2.34 23
  235.156684 1.42 14
  242.093749 2.06 21
  245.104648 15.7 157
  247.12029800000002 2.11 21
  257.104648 1.1 11
  259.120298 14.4 144
  271.120298 7.02 70
  273.135948 2.46 25
  277.130863 15.63 156
  287.187984 2.51 25
  289.130863 100.0 999
  297.172334 1.87 19
  299.151599 1.21 12
  315.18289899999996 18.5 185
  317.16216299999996 5.99 60
  340.190724 1.11 11
  343.17781299999996 1.55 15
  358.201288 7.02 70
//
