ACCESSION: CCMSLIB00000080269
RECORD_TITLE: decoy
DATE: 2015.11.20
AUTHORS: Administrator
LICENSE: CC BY-SA
CH$NAME: decoy
CH$COMPOUND_CLASS: Natural Product
CH$FORMULA: C25H24N2O7
CH$EXACT_MASS: 464.158351108
CH$SMILES: N/A
CH$IUPAC: decoy
CH$LINK: N/A
AC$INSTRUMENT: decoy
AC$INSTRUMENT_TYPE: decoy
AC$MASS_SPECTROMETRY: MS_TYPE MS2
AC$MASS_SPECTROMETRY: ION_MODE POSITIVE
AC$MASS_SPECTROMETRY: COLLISION_ENERGY 10 V
MS$FOCUSED_ION: PRECURSOR_M/Z 465
MS$FOCUSED_ION: PRECURSOR_TYPE [M+H]+
PK$NUM_PEAK: 42
PK$PEAK: m/z int. rel.int.
  59.012759 7.57 76
  61.028409 9.89 99
  62.023658000000005 7.4 74
  63.031483 35.22 352
  64.002923 6.58 66
  65.02332399999999 24.05 240
  75.007674 27.98 280
  76.03930799999999 23.66 236
  77.04713299999999 7.63 76
  77.99476399999999 5.27 53
  78.031149 37.16 371
  88.01549899999999 2.93 29
  88.03930799999999 10.49 105
  90.01857299999999 7.71 77
  93.018239 22.47 224
  104.034223 8.59 86
  105.042048 17.07 171
  122.044788 1.74 17
  262.10738799999996 0.0 0
  275.127789 3.47 35
  290.102303 6.54 65
  293.089392 2.26 23
  308.112867 16.04 160
  308.12812299999996 100.0 999
  318.133603 5.33 53
  329.101968 4.03 40
  334.14377299999995 3.97 40
  337.143439 2.91 29
  346.128517 2.24 22
  352.154338 3.21 32
  355.128852 3.01 30
  364.154338 3.33 33
  374.123432 3.97 40
  383.123766 5.93 59
  392.149253 5.08 51
  401.134331 8.47 85
  408.144167 15.51 155
  420.144167 23.28 233
  448.139082 2.9 29
  465.16563099999996 0.0 0
//
