ACCESSION: CCMSLIB00000080610
RECORD_TITLE: decoy
DATE: 2015.11.20
AUTHORS: Administrator
LICENSE: CC BY-SA
CH$NAME: decoy
CH$COMPOUND_CLASS: Natural Product
CH$FORMULA: C29H30N4O6
CH$EXACT_MASS: 530.21653468
CH$SMILES: N/A
CH$IUPAC: decoy
CH$LINK: N/A
AC$INSTRUMENT: decoy
AC$INSTRUMENT_TYPE: decoy
AC$MASS_SPECTROMETRY: MS_TYPE MS2
AC$MASS_SPECTROMETRY: ION_MODE POSITIVE
AC$MASS_SPECTROMETRY: COLLISION_ENERGY 10 V
MS$FOCUSED_ION: PRECURSOR_M/Z 531
MS$FOCUSED_ION: PRECURSOR_TYPE [M+H]+
PK$NUM_PEAK: 45
PK$PEAK: m/z int. rel.int.
  106.077705 4.06 41
  176.013094 42.11 421
  203.032546 12.93 129
  233.034557 3.27 33
  234.042382 1.9 19
  246.078768 1.82 18
  252.068203 2.49 25
  262.03729699999997 17.17 172
  262.07368299999996 37.99 380
  274.07368299999996 5.89 59
  277.060772 13.97 140
  285.065857 2.43 24
  288.05294699999996 3.33 33
  290.06859699999995 28.44 284
  292.084247 19.65 196
  302.06859699999995 28.95 289
  303.076422 15.84 158
  318.099897 43.8 438
  325.08458199999995 1.86 19
  329.079496 3.97 40
  331.07133699999997 3.97 40
  343.095146 6.87 69
  345.110796 4.77 48
  346.094812 12.85 128
  355.095146 2.71 27
  360.13427099999996 2.23 22
  371.126446 2.8 28
  381.207377 17.53 175
  386.149921 2.13 21
  389.137011 100.0 999
  400.165572 4.14 41
  404.160486 13.22 132
  413.197206 3.54 35
  426.16864599999997 2.36 24
  434.171051 3.72 37
  441.192121 3.47 35
  444.17920999999996 6.2 62
  459.202685 12.69 127
  472.174125 12.27 123
  487.19759999999997 24.5 245
  505.208165 3.9 39
  531.2238150000001 28.95 289
//
