ACCESSION: CCMSLIB00000078643
RECORD_TITLE: decoy
DATE: 2015.11.20
AUTHORS: Administrator
LICENSE: CC BY-SA
CH$NAME: decoy
CH$COMPOUND_CLASS: Natural Product
CH$FORMULA: C30H47NO4S
CH$EXACT_MASS: 517.3225799840001
CH$SMILES: N/A
CH$IUPAC: decoy
CH$LINK: N/A
AC$INSTRUMENT: decoy
AC$INSTRUMENT_TYPE: decoy
AC$MASS_SPECTROMETRY: MS_TYPE MS2
AC$MASS_SPECTROMETRY: ION_MODE POSITIVE
AC$MASS_SPECTROMETRY: COLLISION_ENERGY 10 V
MS$FOCUSED_ION: PRECURSOR_M/Z 518
MS$FOCUSED_ION: PRECURSOR_TYPE [M+H]+
PK$NUM_PEAK: 54
PK$PEAK: m/z int. rel.int.
  71.08552999999999 1.67 17
  131.10666 100.0 999
  173.132481 86.43 863
  194.09980000000002 1.9 19
  204.08415000000002 2.08 21
  220.115451 1.09 11
  230.09980000000002 2.06 21
  246.131101 2.22 22
  248.110365 10.61 106
  256.115451 1.72 17
  266.19032999999996 9.97 100
  268.115451 1.24 12
  272.146751 3.36 34
  274.126015 1.55 15
  274.162401 1.07 11
  282.131101 1.29 13
  284.146751 1.02 10
  286.162401 1.95 19
  290.157315 0.86 9
  296.146751 1.54 15
  298.162401 0.89 9
  300.141665 1.39 14
  300.178051 1.61 16
  312.178051 2.35 23
  314.157315 1.22 12
  314.193701 1.49 15
  318.15223 0.89 9
  330.18861499999997 3.65 36
  342.22500099999996 1.36 14
  352.20935099999997 2.3 23
  356.24065099999996 0.93 9
  370.21991599999996 4.83 48
  382.256301 3.49 35
  384.235566 1.41 14
  388.23048 3.0 30
  392.24065099999996 1.09 11
  398.287601 1.38 14
  408.271951 2.8 28
  410.251216 1.09 11
  414.24613 1.02 10
  424.303251 2.73 27
  426.282516 2.72 27
  430.27743 1.63 16
  434.287601 1.95 19
  440.26178 1.13 11
  452.298166 2.58 26
  456.293081 2.86 29
  458.272345 2.52 25
  466.27743 1.04 10
  470.30873099999997 2.04 20
  474.30364499999996 0.94 9
  484.28799499999997 2.86 29
  500.31929499999995 1.44 14
  518.32986 86.43 863
//
