ACCESSION: CCMSLIB00000085662
RECORD_TITLE: decoy
DATE: 2015.11.20
AUTHORS: Administrator
LICENSE: CC BY-SA
CH$NAME: decoy
CH$COMPOUND_CLASS: Natural Product
CH$FORMULA: C16H15N5O7S2
CH$EXACT_MASS: 453.04128982
CH$SMILES: N/A
CH$IUPAC: decoy
CH$LINK: N/A
AC$INSTRUMENT: decoy
AC$INSTRUMENT_TYPE: decoy
AC$MASS_SPECTROMETRY: MS_TYPE MS2
AC$MASS_SPECTROMETRY: ION_MODE POSITIVE
AC$MASS_SPECTROMETRY: COLLISION_ENERGY 10 V
MS$FOCUSED_ION: PRECURSOR_M/Z 454
MS$FOCUSED_ION: PRECURSOR_TYPE [M+H]+
PK$NUM_PEAK: 1640
PK$PEAK: m/z int. rel.int.
  30.907464 120.0 0
  44.916431 120.0 0
  44.960285 168.0 1
  45.183811 48.0 0
  45.218082 184.0 1
  45.291504 200.0 1
  45.342091 32.0 0
  45.54734 116.0 0
  45.705799 172.0 1
  45.707508000000004 192.0 1
  45.809479 296.0 1
  45.893227 144.0 0
  46.093632 148.0 0
  46.106434 140.0 0
  46.184776 176.0 1
  46.258137000000005 56.0 0
  46.33297 216.0 1
  46.384693 52.0 0
  46.390442 184.0 1
  46.496056 112.0 0
  46.681084 168.0 1
  46.908169 196.0 1
  47.225582 84.0 0
  47.568424 192.0 1
  47.726601 136.0 0
  47.950325 324.0 1
  48.114311 192.0 1
  48.29385 136.0 0
  48.296425 64.0 0
  48.434875 180.0 1
  48.435326 180.0 1
  48.479431 152.0 0
  48.679817 104.0 0
  48.736137 164.0 1
  48.815289 104.0 0
  48.930485000000004 140.0 0
  48.997082 104.0 0
  49.006935 100.0 0
  49.038639 152.0 0
  49.205643 116.0 0
  49.314823000000004 108.0 0
  49.398449 128.0 0
  49.501862 184.0 1
  49.662975 204.0 1
  49.844406 188.0 1
  49.873867000000004 184.0 1
  50.118896 184.0 1
  50.148556 224.0 1
  50.848057000000004 156.0 0
  50.881031 164.0 1
  50.993073 136.0 0
  51.153214 176.0 1
  51.221378 160.0 0
  51.705147000000004 180.0 1
  51.877773000000005 140.0 0
  51.941277 128.0 0
  51.981983 192.0 1
  51.996796 104.0 0
  52.15477 228.0 1
  52.214718000000005 164.0 1
  52.337219000000005 180.0 1
  52.359184 68.0 0
  52.405666000000004 128.0 0
  52.563957 232.0 1
  52.606934 196.0 1
  53.155205 156.0 0
  53.227737000000005 144.0 0
  53.342415 136.0 0
  53.436932 148.0 0
  53.541431 216.0 1
  53.573017 296.0 1
  53.575539 216.0 1
  53.595501 144.0 0
  53.619492 156.0 0
  53.922844000000005 156.0 0
  54.093613000000005 196.0 1
  54.441769 116.0 0
  54.466114000000005 128.0 0
  54.516285 160.0 0
  54.648369 216.0 1
  54.658405 176.0 1
  54.778667 160.0 0
  54.781467 80.0 0
  54.796997000000005 180.0 1
  55.120087 148.0 0
  55.24419 172.0 1
  55.432285 132.0 0
  55.5289 204.0 1
  55.563156 212.0 1
  55.653912 140.0 0
  55.839138 168.0 1
  55.916607 160.0 0
  56.289299 56.0 0
  56.415058 160.0 0
  56.425312 164.0 1
  56.779018 52.0 0
  56.857159 148.0 0
  57.158581 184.0 1
  57.193089 228.0 1
  57.3046 200.0 1
  57.61665 120.0 0
  57.753761000000004 176.0 1
  58.154716 248.0 1
  58.178467000000005 176.0 1
  58.413624 84.0 0
  58.566307 160.0 0
  58.631767 116.0 0
  58.684013 200.0 1
  58.692043 40.0 0
  58.834843 156.0 0
  58.838978000000004 124.0 0
  59.037815 140.0 0
  59.279869000000005 128.0 0
  59.489143 224.0 1
  59.491322000000004 212.0 1
  59.655491000000005 236.0 1
  59.731838 160.0 0
  60.13731 244.0 1
  60.275322 192.0 1
  60.306206 160.0 0
  60.882183000000005 208.0 1
  61.069702 104.0 0
  61.078861 256.0 1
  61.172066 128.0 0
  61.473724000000004 116.0 0
  61.795246 132.0 0
  61.830105 184.0 1
  61.977325 120.0 0
  62.219395 160.0 0
  62.570518 148.0 0
  62.594402 84.0 0
  62.64035 204.0 1
  62.861378 188.0 1
  62.916607 356.0 1
  63.084419000000004 128.0 0
  63.131889 144.0 0
  63.375862000000005 240.0 1
  63.48592 176.0 1
  63.847637 52.0 0
  64.128181 100.0 0
  64.130875 108.0 0
  64.556488 160.0 0
  64.792969 80.0 0
  64.798286 200.0 1
  64.872253 140.0 0
  64.944626 212.0 1
  65.163422 112.0 0
  65.484459 160.0 0
  65.543892 80.0 0
  65.739594 128.0 0
  65.808189 172.0 1
  66.141213 156.0 0
  66.267181 52.0 0
  66.301643 132.0 0
  66.46359299999999 172.0 1
  66.817955 108.0 0
  67.217705 148.0 0
  67.273277 172.0 1
  67.63010399999999 160.0 0
  68.04330399999999 228.0 1
  68.24814599999999 104.0 0
  68.34957899999999 160.0 0
  68.877518 104.0 0
  69.029793 172.0 1
  69.06450699999999 208.0 1
  69.128609 188.0 1
  69.16143799999999 164.0 1
  69.468719 236.0 1
  69.699638 224.0 1
  69.764343 380.0 1
  69.774315 116.0 0
  69.785736 160.0 0
  69.853394 132.0 0
  70.13001299999999 244.0 1
  70.16191099999999 172.0 1
  70.181602 188.0 1
  70.621887 184.0 1
  70.68528699999999 128.0 0
  70.859535 136.0 0
  70.96882599999999 156.0 0
  70.983162 100.0 0
  71.293472 152.0 0
  71.45962499999999 152.0 0
  71.585533 36.0 0
  71.780464 32.0 0
  72.145302 116.0 0
  72.265869 340.0 1
  72.505066 88.0 0
  72.87351199999999 40.0 0
  73.034317 104.0 0
  73.048904 176.0 1
  73.185417 144.0 0
  73.638199 164.0 1
  74.016075 196.0 1
  74.135139 188.0 1
  74.18637799999999 148.0 0
  74.359276 116.0 0
  74.531303 128.0 0
  74.73029299999999 172.0 1
  74.93931599999999 120.0 0
  75.18528699999999 84.0 0
  75.478028 168.0 1
  75.586365 156.0 0
  75.619293 200.0 1
  76.182587 120.0 0
  76.258438 220.0 1
  76.311256 108.0 0
  76.457726 172.0 1
  76.78843699999999 184.0 1
  77.222771 228.0 1
  77.429642 92.0 0
  77.500839 196.0 1
  77.641869 200.0 1
  77.68463899999999 152.0 0
  77.94251999999999 152.0 0
  77.965942 136.0 0
  78.31734499999999 208.0 1
  78.347252 172.0 1
  78.71788 136.0 0
  78.734955 156.0 0
  78.944572 176.0 1
  79.041969 144.0 0
  79.11930799999999 120.0 0
  79.394684 156.0 0
  79.46517899999999 148.0 0
  80.06188999999999 136.0 0
  80.20661899999999 64.0 0
  80.276237 152.0 0
  80.288315 228.0 1
  80.464355 196.0 1
  80.95226299999999 204.0 1
  81.31919099999999 120.0 0
  81.45536799999999 56.0 0
  81.471329 180.0 1
  81.644188 172.0 1
  81.839333 104.0 0
  82.249619 68.0 0
  82.35033399999999 120.0 0
  82.510246 236.0 1
  82.576698 140.0 0
  82.796768 168.0 1
  83.35556799999999 220.0 1
  83.704788 156.0 0
  83.794693 176.0 1
  83.965263 168.0 1
  84.68318199999999 100.0 0
  84.828423 132.0 0
  85.11134299999999 156.0 0
  85.127251 116.0 0
  85.19865399999999 176.0 1
  85.310234 148.0 0
  85.42678099999999 120.0 0
  85.765442 168.0 1
  85.77729 156.0 0
  85.813057 40.0 0
  85.931236 96.0 0
  86.04819499999999 144.0 0
  86.41362 96.0 0
  86.820557 156.0 0
  86.979553 104.0 0
  87.50842999999999 204.0 1
  87.59899899999999 184.0 1
  87.79916399999999 168.0 1
  87.902817 220.0 1
  87.97771499999999 188.0 1
  88.137093 160.0 0
  88.862946 172.0 1
  88.914986 140.0 0
  89.064522 64.0 0
  89.17875699999999 204.0 1
  89.32043499999999 188.0 1
  89.50779 136.0 0
  89.860962 152.0 0
  90.15613599999999 188.0 1
  90.43454 172.0 1
  90.983368 184.0 1
  91.376953 92.0 0
  91.470039 120.0 0
  91.58573899999999 188.0 1
  91.608604 204.0 1
  91.836922 192.0 1
  92.043922 156.0 0
  92.261223 172.0 1
  92.47050499999999 420.0 1
  92.63422399999999 184.0 1
  92.75338699999999 172.0 1
  92.893013 160.0 0
  93.21891 128.0 0
  93.269089 168.0 1
  93.773186 140.0 0
  94.03648399999999 288.0 1
  94.13147 180.0 1
  94.239204 168.0 1
  94.267067 176.0 1
  94.643135 156.0 0
  94.859741 200.0 1
  95.04723399999999 96.0 0
  95.05086499999999 128.0 0
  95.31320199999999 248.0 1
  95.31715399999999 92.0 0
  95.400543 244.0 1
  95.57074 72.0 0
  95.864227 180.0 1
  96.052757 260.0 1
  96.096306 228.0 1
  96.183273 120.0 0
  96.60723899999999 164.0 1
  96.739662 160.0 0
  96.751137 204.0 1
  96.93051899999999 108.0 0
  97.31311 108.0 0
  97.399063 192.0 1
  97.466034 80.0 0
  97.69884499999999 96.0 0
  97.70696299999999 136.0 0
  97.735474 132.0 0
  97.81536899999999 64.0 0
  97.924492 108.0 0
  98.288483 124.0 0
  98.400185 112.0 0
  98.531921 208.0 1
  98.909233 208.0 1
  98.939156 156.0 0
  99.05027 152.0 0
  99.20993 148.0 0
  99.213211 196.0 1
  99.435699 176.0 1
  99.651871 148.0 0
  99.66465 152.0 0
  99.767281 180.0 1
  99.8181 200.0 1
  99.907112 120.0 0
  99.934677 84.0 0
  99.963371 92.0 0
  99.99520899999999 164.0 1
  100.077316 1024.0 3
  100.239021 20.75 0
  100.25134999999999 152.0 0
  100.53156299999999 248.0 1
  100.536743 68.0 0
  100.611542 120.0 0
  100.634125 292.0 1
  100.69873 52.0 0
  100.76424399999999 104.0 0
  100.887108 164.0 1
  101.09285 140.0 0
  101.10182999999999 156.0 0
  101.337616 140.0 0
  101.355774 132.0 0
  101.55982999999999 60.0 0
  101.652901 152.0 0
  101.69459499999999 152.0 0
  101.745728 172.0 1
  101.77117899999999 144.0 0
  101.78881799999999 132.0 0
  101.84436799999999 192.0 1
  101.85870399999999 144.0 0
  102.04429599999999 80.0 0
  102.09455899999999 128.0 0
  102.096291 224.0 1
  102.167023 180.0 1
  102.24370599999999 36.0 0
  102.33268699999999 168.0 1
  102.53448499999999 208.0 1
  102.68453199999999 344.0 1
  102.70506999999999 184.0 1
  103.05401599999999 1568.0 5
  103.279938 56.0 0
  103.567207 192.0 1
  103.670456 184.0 1
  103.69595299999999 148.0 0
  103.826653 220.0 1
  104.16240699999999 152.0 0
  104.23728899999999 200.0 1
  104.421577 216.0 1
  104.73958599999999 304.0 1
  104.861115 144.0 0
  105.02557399999999 184.0 1
  105.137856 72.0 0
  105.16467999999999 176.0 1
  105.24428599999999 216.0 1
  105.376442 29.93902 0
  105.393394 140.0 0
  105.47605899999999 140.0 0
  105.583717 56.0 0
  105.68817899999999 196.0 1
  105.827202 112.0 0
  105.833717 164.0 1
  105.914566 276.0 1
  106.066925 4300.0 13
  106.135086 144.0 0
  106.300575 132.0 0
  106.34097299999999 200.0 1
  106.46468399999999 152.0 0
  106.471313 124.0 0
  106.53991699999999 96.0 0
  106.701836 152.0 0
  107.04862999999999 1264.0 4
  107.20614599999999 160.0 0
  107.289902 160.0 0
  107.36177099999999 180.0 1
  107.634491 232.0 1
  107.781723 104.0 0
  108.266205 124.0 0
  108.283401 132.0 0
  108.44979099999999 240.0 1
  108.659683 88.0 0
  108.727364 120.0 0
  108.776642 140.0 0
  108.81008899999999 184.0 1
  108.84002699999999 120.0 0
  108.868225 116.0 0
  108.931862 156.0 0
  109.026062 152.0 0
  109.02902999999999 68.0 0
  109.083305 204.0 1
  109.37630499999999 124.0 0
  109.466713 144.0 0
  109.60116599999999 152.0 0
  110.266548 92.0 0
  110.352142 188.0 1
  110.44918799999999 192.0 1
  110.45683299999999 152.0 0
  110.899345 144.0 0
  110.933365 59.405411 0
  110.941766 168.0 1
  110.944954 248.0 1
  111.00074 13676.0 43
  111.13323199999999 160.0 0
  111.22634099999999 40.0 0
  111.266724 172.0 1
  111.482903 76.0 0
  111.65779099999999 104.0 0
  111.94335199999999 244.0 1
  111.94899 184.0 1
  112.083565 328.0 1
  112.10674999999999 260.0 1
  112.14737699999999 180.0 1
  112.265633 144.0 0
  112.27866399999999 160.0 0
  112.278763 160.0 0
  112.35279799999999 120.0 0
  112.54759999999999 96.0 0
  112.805061 176.0 1
  113.003113 56.0 0
  113.015892 156.0 0
  113.054031 27.08333 0
  113.065018 128.0 0
  113.12181899999999 44.0 0
  113.15254999999999 268.0 1
  113.17167699999999 176.0 1
  113.186684 84.0 0
  113.42783399999999 188.0 1
  113.55590799999999 112.0 0
  113.64465299999999 148.0 0
  113.660873 116.0 0
  113.746529 60.0 0
  113.77819799999999 276.0 1
  114.064568 156.0 0
  114.27919 140.0 0
  114.400307 188.0 1
  114.46624 156.0 0
  114.512543 180.0 1
  114.603928 244.0 1
  114.754234 128.0 0
  115.042496 180.0 1
  115.054161 1748.0 5
  115.46599599999999 188.0 1
  115.536514 152.0 0
  115.748154 140.0 0
  115.867249 140.0 0
  116.007736 168.0 1
  116.007751 108.0 0
  116.031517 168.0 1
  116.12010199999999 220.0 1
  116.18949099999999 72.0 0
  116.44886 124.0 0
  116.557503 184.0 1
  116.64385999999999 164.0 1
  116.659454 136.0 0
  116.731743 192.0 1
  116.73975399999999 76.0 0
  116.78536199999999 128.0 0
  117.069496 872.0 3
  117.18880499999999 184.0 1
  117.29886599999999 176.0 1
  117.386635 212.0 1
  117.40718799999999 152.0 0
  117.541962 328.0 1
  117.582802 120.0 0
  117.685509 172.0 1
  117.848244 272.0 1
  117.923553 216.0 1
  118.064651 247.9702 1
  118.21123499999999 508.0 2
  118.289856 204.0 1
  118.34923599999999 152.0 0
  118.40785199999999 88.0 0
  118.637558 136.0 0
  118.75825499999999 248.0 1
  118.819328 136.0 0
  118.891235 180.0 1
  118.94323 64.0 0
  119.04000099999999 29084.0 91
  119.08294699999999 144.0 0
  119.10484299999999 100.0 0
  119.17237899999999 144.0 0
  119.21869699999999 5.041667 0
  119.321861 200.0 1
  119.47844699999999 268.0 1
  119.59833499999999 168.0 1
  119.68697399999999 72.0 0
  119.70082099999999 232.0 1
  119.776421 96.0 0
  120.03373699999999 104.0 0
  120.08174899999999 220.0 1
  120.170189 212.0 1
  120.30992099999999 200.0 1
  120.39916199999999 196.0 1
  120.40859999999999 140.0 0
  120.737251 72.0 0
  120.812889 112.0 0
  121.064415 724.0 2
  121.16575599999999 180.0 1
  121.19330599999999 164.0 1
  121.31547499999999 208.0 1
  121.32947499999999 52.0 0
  121.34436799999999 116.0 0
  121.506599 152.0 0
  121.582016 84.0 0
  121.87185699999999 164.0 1
  122.057037 120.0 0
  122.059219 520.0 2
  122.519623 272.0 1
  122.548492 164.0 1
  122.62874599999999 180.0 1
  122.706306 92.0 0
  122.728203 28.0 0
  122.928131 228.0 1
  122.952866 148.0 0
  123.019897 152.0 0
  123.11389199999999 276.0 1
  123.118034 540.0 2
  123.19502999999999 288.0 1
  123.364159 384.0 1
  123.364639 156.0 0
  123.44564799999999 212.0 1
  123.65767699999999 184.0 1
  123.694893 156.0 0
  123.853096 60.0 0
  123.888245 152.0 0
  123.99295799999999 132.0 0
  124.28179899999999 148.0 0
  124.288795 156.0 0
  124.33492299999999 136.0 0
  124.681389 208.0 1
  124.833244 28.44907 0
  125.030006 1764.0 5
  125.14182299999999 188.0 1
  125.396484 236.0 1
  125.64171599999999 160.0 0
  125.65814999999999 128.0 0
  125.662437 100.0 0
  125.671295 180.0 1
  125.718452 196.0 1
  125.79302999999999 72.0 0
  125.87263499999999 52.0 0
  126.04575299999999 232.0 1
  126.25800299999999 156.0 0
  126.721886 104.0 0
  126.974205 180.0 1
  127.052246 156.0 0
  127.05281799999999 1268.0 4
  127.05337499999999 480.0 1
  127.15308499999999 228.0 1
  127.326607 92.0 0
  127.38274399999999 80.0 0
  127.45123299999999 152.0 0
  127.58151199999999 108.0 0
  127.79045099999999 92.0 0
  127.94577799999999 128.0 0
  127.95206499999999 144.0 0
  128.054092 216.0 1
  128.10214200000001 108.0 0
  128.162827 188.0 1
  128.182434 128.0 0
  128.197647 188.0 1
  128.360504 196.0 1
  128.360901 160.0 0
  128.608093 152.0 0
  128.634118 192.0 1
  128.716263 10.06618 0
  128.778046 108.0 0
  128.791794 152.0 0
  128.95813 144.0 0
  129.031876 172.0 1
  129.104431 168.0 1
  129.32350200000002 180.0 1
  129.44064300000002 172.0 1
  129.498917 80.0 0
  129.673965 152.0 0
  130.00851400000002 196.0 1
  130.11715700000002 148.0 0
  130.244278 108.0 0
  130.327316 164.0 1
  130.394531 128.0 0
  130.42132600000002 64.0 0
  130.7621 40.058819 0
  130.81568900000002 164.0 1
  131.04791300000002 324.0 1
  131.050003 304.0 1
  131.051117 112.0 0
  131.06590300000002 2697.118896 8
  131.081284 164.0 1
  131.139496 164.0 1
  131.476761 148.0 0
  131.49731400000002 180.0 1
  131.509644 92.0 0
  131.56916800000002 76.0 0
  131.601517 268.0 1
  131.70639 160.0 0
  131.806992 112.0 0
  131.95462 124.0 0
  132.117996 124.0 0
  132.13166800000002 104.0 0
  132.131989 144.0 0
  132.700317 220.0 1
  132.777557 280.0 1
  132.855148 148.0 0
  133.070694 136.0 0
  133.570145 144.0 0
  133.622986 100.0 0
  133.66824300000002 136.0 0
  133.783508 136.0 0
  133.83230600000002 148.0 0
  133.906189 124.0 0
  133.922241 108.0 0
  134.03057900000002 148.0 0
  134.035538 108.0 0
  134.06990100000002 1220.0 4
  134.301712 160.0 0
  134.38339200000001 116.0 0
  134.468323 148.0 0
  134.603531 172.0 1
  134.63028 132.0 0
  134.649719 120.0 0
  134.941925 192.0 1
  135.116669 60.0 0
  135.11999500000002 192.0 1
  135.24731400000002 64.0 0
  135.353149 184.0 1
  135.387665 88.0 0
  136.08393900000002 236.0 1
  136.121902 192.0 1
  136.30020100000002 164.0 1
  136.344315 168.0 1
  136.346924 112.0 0
  136.41883900000002 164.0 1
  136.602509 180.0 1
  136.84903 76.0 0
  136.946503 128.0 0
  137.046814 223.969193 1
  137.05577100000002 2627.0 8
  137.23735000000002 220.0 1
  137.300049 128.0 0
  137.795975 112.0 0
  137.89746100000002 184.0 1
  137.90119900000002 160.0 0
  137.99885600000002 116.0 0
  138.00174 62.479481 0
  138.05152900000002 184.0 1
  138.547424 176.0 1
  138.583298 216.0 1
  138.83470200000002 100.0 0
  138.894562 44.0 0
  138.929153 64.0 0
  138.990173 208.0 1
  139.040085 420.0 1
  139.21859700000002 180.0 1
  139.372116 184.0 1
  139.37300100000002 144.0 0
  139.65332 160.0 0
  139.91587800000002 224.0 1
  140.050171 400.0 1
  140.085449 88.0 0
  140.272781 112.0 0
  140.332504 136.0 0
  140.386124 72.0 0
  140.430237 56.0 0
  140.57264700000002 300.0 1
  140.574524 212.0 1
  140.65799 56.0 0
  140.67009000000002 180.0 1
  140.762268 152.0 0
  140.794846 168.0 1
  140.85243200000002 152.0 0
  141.233887 180.0 1
  141.269135 108.0 0
  141.414474 132.0 0
  141.42643700000002 168.0 1
  141.65176400000001 100.0 0
  141.73114 104.0 0
  141.955643 96.0 0
  142.01670800000002 2508.0 8
  142.041199 36.0 0
  142.078003 112.0 0
  142.12063600000002 56.0 0
  142.168076 164.0 1
  142.34797700000001 156.0 0
  142.494598 28.0 0
  142.54624900000002 108.0 0
  142.734161 200.0 1
  142.871353 148.0 0
  142.898788 60.0 0
  142.967972 176.0 1
  143.004501 172.0 1
  143.13942 184.0 1
  143.197266 180.0 1
  143.52121 148.0 0
  143.60813900000002 148.0 0
  143.66124000000002 164.0 1
  143.73812900000001 176.0 1
  143.948959 136.0 0
  143.95477300000002 40.0 0
  144.074524 204.0 1
  144.102921 44.0 0
  144.1698 108.0 0
  144.753983 64.0 0
  144.96743800000002 196.0 1
  144.977539 196.0 1
  145.006866 176.0 1
  145.063339 352.0 1
  145.064987 208.0 1
  145.381699 68.0 0
  145.450577 164.0 1
  145.456512 196.0 1
  145.533554 72.0 0
  145.657501 108.0 0
  146.034286 184.0 1
  146.120071 232.0 1
  146.193207 128.0 0
  146.272003 68.0 0
  146.282883 84.0 0
  146.311844 80.0 0
  146.317871 140.0 0
  146.460938 220.0 1
  146.697449 352.0 1
  146.776642 180.0 1
  146.939072 80.0 0
  146.99430800000002 88.0 0
  147.024689 116.0 0
  147.043945 184.0 1
  147.12629700000002 180.0 1
  147.214478 52.0 0
  147.22967500000001 172.0 1
  147.24795500000002 152.0 0
  147.302155 15.00089 0
  147.469345 160.0 0
  147.606308 112.0 0
  147.670288 144.0 0
  147.914001 56.0 0
  148.000168 68.0 0
  148.111115 336.0 1
  148.489075 172.0 1
  148.52272000000002 152.0 0
  148.58578500000002 44.0 0
  148.65896600000002 128.0 0
  148.666061 112.0 0
  148.68956 72.0 0
  148.79924 100.0 0
  149.053894 472.0 1
  149.059143 416.0 1
  149.280914 104.0 0
  149.388763 132.0 0
  149.50903300000002 180.0 1
  149.75322 208.0 1
  149.801971 160.0 0
  149.915558 60.0 0
  149.96365400000002 228.0 1
  150.030899 1132.0 4
  150.058517 208.0 1
  150.095459 116.0 0
  150.100754 288.0 1
  150.152451 144.0 0
  150.201233 204.0 1
  150.20713800000001 132.0 0
  150.23027000000002 136.0 0
  150.289749 116.0 0
  150.314423 176.0 1
  150.414795 100.0 0
  150.419708 144.0 0
  150.979935 136.0 0
  151.08294700000002 196.0 1
  151.56462100000002 164.0 1
  152.080002 164.0 1
  152.106155 1204.0 4
  152.798111 188.0 1
  152.972748 136.0 0
  152.990585 140.0 0
  153.01580800000002 144.0 0
  153.33621200000002 176.0 1
  153.423508 156.0 0
  153.47937000000002 156.0 0
  153.602386 300.0 1
  153.844315 152.0 0
  153.860306 136.0 0
  153.875 152.0 0
  153.898331 100.0 0
  153.906113 124.0 0
  154.068558 164.0 1
  154.24057000000002 288.0 1
  154.273346 160.0 0
  154.27534500000002 160.0 0
  154.744751 164.0 1
  154.874207 3.185957 0
  155.067566 160.0 0
  155.289307 40.0 0
  155.46923800000002 264.0 1
  156.301086 212.0 1
  156.418747 240.0 1
  156.43858300000002 124.0 0
  156.563705 316.0 1
  156.732895 144.0 0
  157.022903 168.0 1
  157.028625 136.0 0
  157.086884 108.0 0
  157.148163 128.0 0
  157.48365800000002 124.0 0
  157.735519 188.0 1
  158.32260100000002 96.0 0
  158.32981900000001 144.0 0
  158.53924600000002 148.0 0
  158.651093 8.519681 0
  158.699265 164.0 1
  158.87153600000002 144.0 0
  158.920883 160.0 0
  159.073563 160.0 0
  159.080917 3904.0 12
  159.36299100000002 192.0 1
  159.411682 164.0 1
  159.78093 60.0 0
  159.83728000000002 36.0 0
  159.889664 160.0 0
  160.25868200000002 192.0 1
  160.30096400000002 248.0 1
  160.333191 148.0 0
  160.42970300000002 168.0 1
  160.616394 44.0 0
  160.78886400000002 124.0 0
  161.555847 160.0 0
  161.640274 84.0 0
  161.67775 80.0 0
  162.166672 148.0 0
  162.210922 28.0 0
  162.25122100000002 124.0 0
  162.421478 192.0 1
  162.55365 128.0 0
  162.610184 140.0 0
  162.669846 176.0 1
  162.67794800000001 84.0 0
  162.710358 164.0 1
  162.77439900000002 160.0 0
  162.989487 204.0 1
  163.026566 28.0 0
  163.67884800000002 148.0 0
  163.820389 88.0 0
  163.895691 160.0 0
  163.972473 136.0 0
  164.081467 107.560997 0
  164.181366 156.0 0
  164.214966 148.0 0
  164.337982 92.0 0
  164.40145900000002 176.0 1
  164.553482 80.0 0
  164.96817000000001 136.0 0
  165.00621 328.0 1
  165.056 148.0 0
  165.231461 48.0 0
  165.74984700000002 112.0 0
  165.982986 192.0 1
  166.139175 152.0 0
  166.326324 112.0 0
  166.81424 48.0 0
  166.83702100000002 148.0 0
  167.01924100000002 2372.0 7
  167.05304 200.0 1
  167.05375700000002 136.0 0
  167.106827 2900.0 9
  167.14381400000002 620.0 2
  167.26362600000002 160.0 0
  167.31102 76.0 0
  167.355392 92.0 0
  167.422775 80.0 0
  167.48602300000002 128.0 0
  167.58371 220.0 1
  167.757172 84.0 0
  167.87106300000002 132.0 0
  168.075958 148.0 0
  168.12402300000002 164.0 1
  168.196121 172.0 1
  168.45962500000002 72.0 0
  168.60986300000002 104.0 0
  168.705338 140.0 0
  168.78616300000002 136.0 0
  168.85441600000001 144.0 0
  168.899933 152.0 0
  168.946564 116.0 0
  169.063522 172.0 1
  169.24095200000002 132.0 0
  169.317093 168.0 1
  169.32887300000002 136.0 0
  169.501495 156.0 0
  169.520172 60.0 0
  169.65419 212.0 1
  170.25439500000002 184.0 1
  170.58633400000002 72.0 0
  170.644653 112.0 0
  170.728775 184.0 1
  170.983673 104.0 0
  171.118851 104.0 0
  171.134094 156.0 0
  171.134354 156.0 0
  171.149857 128.0 0
  171.15707400000002 40.0 0
  171.202484 124.0 0
  171.331024 196.0 1
  171.366867 48.411911 0
  171.562241 116.0 0
  171.611313 120.0 0
  171.74658200000002 152.0 0
  171.940872 204.0 1
  172.01173400000002 144.0 0
  172.07603500000002 272.0 1
  172.653183 116.0 0
  172.717377 41.852909 0
  172.820602 132.0 0
  173.012345 124.0 0
  173.054031 136.0 0
  173.089493 116.0 0
  173.202606 124.0 0
  173.243988 60.0 0
  173.259811 172.0 1
  173.301086 164.0 1
  173.558899 132.0 0
  173.65287800000002 168.0 1
  173.974533 400.0 1
  173.992859 136.0 0
  174.259811 80.0 0
  174.263443 196.0 1
  174.39956700000002 184.0 1
  174.662003 44.0 0
  174.848114 176.0 1
  175.023056 60.0 0
  175.051422 920.0 3
  175.095856 188.0 1
  175.159195 116.0 0
  175.278412 152.0 0
  175.310791 52.0 0
  175.34393300000002 96.0 0
  175.388947 52.0 0
  175.69253500000002 204.0 1
  175.74537700000002 76.0 0
  176.20224000000002 124.0 0
  176.266144 100.0 0
  176.584397 152.0 0
  177.09037800000002 292.0 1
  177.39669800000001 64.0 0
  177.427353 228.0 1
  177.531815 40.0 0
  177.558807 52.0 0
  177.64527900000002 124.0 0
  178.072037 200.0 1
  178.115295 168.0 1
  178.18467700000002 68.0 0
  178.68666100000002 156.0 0
  178.974503 88.0 0
  179.032562 620.0 2
  179.279449 7.340278 0
  179.364853 136.0 0
  179.887177 36.0 0
  180.087418 44.0 0
  180.09080500000002 7156.0 22
  180.10659800000002 176.0 1
  180.458969 76.0 0
  180.582062 76.0 0
  180.732925 220.0 1
  180.95820600000002 132.0 0
  181.08197 2348.0 7
  181.44986 224.0 1
  181.59440600000002 144.0 0
  181.736435 156.0 0
  181.74173000000002 184.0 1
  181.88034100000002 164.0 1
  182.102295 220.0 1
  182.65046700000002 76.0 0
  182.685486 128.0 0
  182.687408 108.0 0
  182.762695 164.0 1
  182.88339200000001 200.0 1
  182.896545 148.0 0
  182.949585 368.0 1
  182.974548 156.0 0
  183.06332400000002 176.0 1
  183.246979 160.0 0
  183.47293100000002 176.0 1
  183.88974000000002 152.0 0
  184.07399 3236.0 10
  184.44790600000002 164.0 1
  184.67338600000002 192.0 1
  184.805801 200.0 1
  184.89518700000002 72.0 0
  185.255356 136.0 0
  185.37750200000002 168.0 1
  185.537674 60.0 0
  185.74821500000002 72.0 0
  185.843521 72.0 0
  186.085129 848.0 3
  186.135544 472.0 1
  186.184845 116.0 0
  186.23834200000002 132.0 0
  186.29821800000002 72.0 0
  186.902115 248.0 1
  187.03924600000002 316.0 1
  187.07338000000001 184.0 1
  187.34019500000002 128.0 0
  187.69781500000002 124.0 0
  187.889404 172.0 1
  188.00280800000002 148.0 0
  188.029999 320944.0 999
  188.14381400000002 112.0 0
  188.5242 172.0 1
  188.867188 172.0 1
  188.96168500000002 88.0 0
  189.148849 752.0 2
  189.319275 168.0 1
  189.427826 148.0 0
  189.727234 92.0 0
  189.968262 140.0 0
  190.055573 144.0 0
  190.06062300000002 324.0 1
  190.166626 108.0 0
  190.19094800000002 52.0 0
  190.312653 9.707108 0
  190.36128200000002 96.0 0
  190.383286 208.0 1
  190.40335100000001 228.0 1
  190.44781500000002 40.0 0
  190.579803 180.0 1
  190.735825 284.0 1
  191.015198 144.0 0
  191.045197 13456.0 42
  191.22747800000002 176.0 1
  191.327774 36.0 0
  191.710846 172.0 1
  191.91175800000002 172.0 1
  191.96064800000002 28.0 0
  191.990585 108.0 0
  192.04747 252.0 1
  192.14119 132.0 0
  192.19043000000002 176.0 1
  192.38118 156.0 0
  192.772568 176.0 1
  192.84118700000002 104.0 0
  192.885727 220.0 1
  193.035828 128.0 0
  193.48429900000002 128.0 0
  193.49411 148.0 0
  193.496307 232.0 1
  193.614914 124.0 0
  193.640305 120.0 0
  193.886581 60.0 0
  194.07048 440.0 1
  194.08796700000002 84.0 0
  194.317184 88.0 0
  194.407013 100.0 0
  194.441284 152.0 0
  194.592499 200.0 1
  194.68071 64.0 0
  195.036896 316.0 1
  195.104172 152.0 0
  195.57518000000002 152.0 0
  195.61599700000002 148.0 0
  195.67875700000002 76.0 0
  195.696609 184.0 1
  196.100235 148.0 0
  196.173889 180.0 1
  196.196457 112.0 0
  196.27195700000001 104.0 0
  196.409622 128.0 0
  196.91033900000002 184.0 1
  197.0242 140.0 0
  197.32174700000002 132.0 0
  197.389877 128.0 0
  197.564346 228.0 1
  197.724792 132.0 0
  197.746384 156.0 0
  198.071121 540.0 2
  198.08754000000002 980.0 3
  198.11428800000002 40.0 0
  198.130569 176.0 1
  198.35749800000002 164.0 1
  198.42330900000002 216.0 1
  198.840515 132.0 0
  199.055573 1876.0 6
  199.069992 45.315319 0
  199.11064100000002 10808.0 34
  199.27645900000002 168.0 1
  199.322662 17.480021 0
  199.449646 172.0 1
  199.574249 228.0 1
  199.64454700000002 100.0 0
  199.86348 136.0 0
  200.069992 52.0 0
  200.12553400000002 748.0 2
  200.44274900000002 220.0 1
  200.766769 44.0 0
  201.118607 304.0 1
  201.45932000000002 156.0 0
  201.625946 192.0 1
  201.65309100000002 208.0 1
  202.69648700000002 36.0 0
  202.872086 188.0 1
  203.135864 392.0 1
  203.169388 188.0 1
  203.505539 180.0 1
  203.826874 68.0 0
  204.21296700000002 116.0 0
  204.29014600000002 196.0 1
  204.478439 160.0 0
  204.873154 9.338384 0
  204.94129900000001 172.0 1
  205.08351100000002 388.0 1
  205.13858000000002 196.0 1
  205.189301 244.0 1
  205.328369 184.0 1
  205.53985600000001 116.0 0
  205.92468300000002 216.0 1
  206.000519 212.0 1
  206.433075 112.0 0
  206.529312 272.0 1
  206.772003 68.0 0
  207.05482500000002 156.0 0
  207.082581 336.0 1
  207.329147 56.0 0
  207.46611000000001 124.0 0
  207.70735200000001 92.0 0
  207.92536900000002 132.0 0
  208.130692 96.0 0
  208.283463 304.358795 1
  208.37115500000002 80.0 0
  208.50074800000002 33.1861 0
  208.55011000000002 116.0 0
  208.865845 68.0 0
  209.09599300000002 1152.0 4
  209.285706 152.0 0
  209.332504 132.0 0
  209.430038 52.0 0
  209.537811 172.0 1
  209.791245 84.0 0
  209.86784400000002 156.0 0
  210.059906 164.0 1
  210.103714 664.0 2
  210.17205800000002 100.0 0
  210.46637 216.0 1
  211.103287 144.0 0
  211.355331 120.0 0
  211.672653 68.0 0
  211.809784 204.0 1
  211.95340000000002 228.0 1
  212.03770400000002 152.0 0
  212.11926300000002 29924.0 93
  212.26123 228.0 1
  212.756058 240.0 1
  212.934692 136.0 0
  213.292191 124.0 0
  213.81066900000002 72.0 0
  213.89570600000002 136.0 0
  213.958832 188.0 1
  214.10737600000002 132.0 0
  214.11840800000002 18.15556 0
  214.18386800000002 172.0 1
  214.204071 208.0 1
  214.517029 196.0 1
  215.112 76.0 0
  215.171478 176.0 1
  215.363358 184.0 1
  215.69278 72.0 0
  215.70723 148.0 0
  215.83429 108.0 0
  215.84393300000002 88.0 0
  216.28839100000002 140.0 0
  216.81239300000001 160.0 0
  217.21408100000002 88.0 0
  217.41862500000002 144.0 0
  217.570663 148.0 0
  217.741028 68.0 0
  218.065018 56.0 0
  218.562958 100.0 0
  218.571289 180.0 1
  218.592056 160.0 0
  218.749405 104.0 0
  219.094818 60.0 0
  219.248108 44.0 0
  219.580444 104.0 0
  219.905182 576.0 2
  219.92025800000002 92.0 0
  220.054565 7252.0 23
  220.457611 156.0 0
  220.591827 204.0 1
  220.730972 60.0 0
  221.63793900000002 136.0 0
  221.76770000000002 8.039474 0
  221.835068 24.06897 0
  221.99855 112.0 0
  222.16464200000001 132.0 0
  222.215363 2.208333 0
  222.32650800000002 36.0 0
  222.478653 100.0 0
  222.482636 152.0 0
  222.57174700000002 200.0 1
  222.943375 72.0 0
  223.474548 164.0 1
  223.737686 72.0 0
  223.896423 88.0 0
  223.89711 284.0 1
  224.24464400000002 152.0 0
  224.42894 72.0 0
  225.05114700000001 744.0 2
  225.127563 11224.0 35
  225.59689300000002 208.0 1
  225.60968 196.0 1
  225.675476 6.001543 0
  225.70207200000002 204.0 1
  225.756485 116.0 0
  225.787048 112.0 0
  226.451218 188.0 1
  226.65759300000002 152.0 0
  226.675354 1600.250488 5
  226.99115 132.0 0
  227.07217400000002 352.0 1
  227.08168 360.0 1
  227.20446800000002 116.0 0
  227.277374 39.00367 0
  227.55032300000002 172.0 1
  228.01765400000002 128.0 0
  228.189301 132.0 0
  228.31358300000002 156.0 0
  228.433929 224.0 1
  228.655441 152.0 0
  228.803253 160.0 0
  228.823303 188.0 1
  229.298553 180.0 1
  229.54225200000002 196.0 1
  229.550507 148.0 0
  229.584244 196.0 1
  229.63758900000002 108.0 0
  229.637772 160.0 0
  230.134003 196.0 1
  231.113907 8308.0 26
  231.206802 136.0 0
  231.279358 280.0 1
  231.62702900000002 28.0 0
  231.696671 284.0 1
  231.833786 212.0 1
  231.907303 176.0 1
  232.10881 2320.0 7
  232.11518900000002 140.0 0
  232.374054 56.0 0
  232.545914 184.0 1
  232.811981 188.0 1
  233.35591100000002 76.0 0
  233.445312 136.0 0
  233.461563 156.0 0
  233.475922 1280.646118 4
  233.869629 128.0 0
  234.003036 100.0 0
  234.047638 180.0 1
  234.093353 172.0 1
  234.135712 340.0 1
  234.182953 160.0 0
  234.34381100000002 216.0 1
  234.379593 32.0 0
  235.21691900000002 156.0 0
  235.38703900000002 108.0 0
  235.39360000000002 60.0 0
  235.822571 48.0 0
  235.942352 88.0 0
  236.94154400000002 136.0 0
  237.01821900000002 68.0 0
  237.060181 65280.0 203
  237.102982 376.0 1
  237.10612500000002 296.0 1
  237.12669400000001 708.0 2
  237.143585 260.0 1
  237.30538900000002 112.0 0
  237.6987 180.0 1
  238.19764700000002 31.489161 0
  238.57714800000002 136.0 0
  238.812851 148.0 0
  239.024811 92.0 0
  239.082703 200.0 1
  239.124054 52.0 0
  239.131119 162.109802 1
  239.666641 132.0 0
  239.824158 218.140701 1
  239.968628 200.0 1
  241.196075 232.0 1
  241.202087 148.0 0
  241.337418 56.0 0
  241.374435 176.0 1
  241.89570600000002 188.0 1
  241.993668 56.0 0
  242.80697600000002 160.0 0
  243.17115800000002 812.0 3
  243.650864 136.0 0
  243.745224 52.0 0
  243.81289700000002 144.0 0
  244.047943 176.0 1
  244.108246 188.0 1
  244.119507 164.0 1
  244.34660300000002 60.0 0
  244.367523 140.0 0
  244.503433 240.0 1
  245.058762 44.0 0
  245.154663 188.0 1
  245.266571 92.0 0
  245.31272900000002 148.0 0
  245.35733000000002 84.0 0
  246.093399 360.0 1
  246.105667 772.0 2
  246.549561 216.0 1
  246.551682 92.0 0
  246.69133000000002 56.0 0
  246.779236 168.0 1
  246.84620700000002 68.0 0
  247.07598900000002 588.0 2
  247.130524 144.0 0
  247.160461 144.0 0
  247.72949200000002 108.0 0
  247.813751 160.0 0
  247.887436 96.0 0
  248.571335 148.0 0
  248.738693 132.0 0
  249.110062 184.0 1
  249.42013500000002 40.0 0
  249.501373 88.0 0
  249.53981000000002 188.0 1
  249.90614300000001 232.0 1
  250.204544 280.0 1
  250.42553700000002 120.0 0
  250.61917100000002 220.0 1
  250.80470300000002 196.0 1
  250.829117 220.0 1
  251.61041300000002 32.0 0
  251.805847 200.0 1
  251.985489 208.0 1
  252.084381 144.0 0
  252.255157 108.0 0
  252.537094 184.0 1
  253.100998 20090.0 63
  253.22377 11.09399 0
  254.052301 164.0 1
  254.11450200000002 3420.0 11
  254.25560000000002 60.0 0
  254.31279 32.0 0
  254.471527 44.0 0
  254.84909100000002 156.0 0
  254.981445 116.0 0
  256.057159 120.0 0
  256.440704 260.0 1
  256.80963099999997 152.0 0
  257.020966 136.0 0
  257.157837 180.0 1
  257.219177 7.4 0
  259.049469 688.0 2
  259.145294 724.0 2
  259.173706 92.0 0
  259.624176 148.0 0
  259.81692499999997 88.0 0
  260.041809 124.0 0
  261.00125099999997 196.0 1
  261.05602999999996 244.0 1
  261.113617 9964.0 31
  261.131805 832.0 3
  261.403717 156.0 0
  261.46023599999995 176.0 1
  261.499512 104.0 0
  261.703033 108.0 0
  262.97027599999996 236.0 1
  263.049561 144.0 0
  263.76180999999997 92.0 0
  263.85058599999996 200.0 1
  264.90081799999996 176.0 1
  264.98959399999995 164.0 1
  265.8284 144.0 0
  266.07183799999996 120.0 0
  266.16204799999997 3716.0 12
  266.709229 80.0 0
  266.817078 96.0 0
  266.82428 112.0 0
  268.3284 88.0 0
  268.496643 68.0 0
  268.897858 160.0 0
  269.49447599999996 68.0 0
  269.701447 96.0 0
  269.76061999999996 156.0 0
  269.99707 72.0 0
  270.055206 348.0 1
  270.158325 172.0 1
  270.785919 108.0 0
  271.11663799999997 244.0 1
  271.674805 32.0 0
  271.720337 75.568237 0
  272.134094 12.7002 0
  273.317932 36.0 0
  273.39660599999996 48.0 0
  273.46756 112.0 0
  273.516327 48.0 0
  273.781525 68.0 0
  273.973663 164.0 1
  274.37530499999997 140.0 0
  274.66616799999997 60.0 0
  274.934509 72.0 0
  275.02410899999995 108.0 0
  275.173248 248.0 1
  275.85488899999996 136.0 0
  276.316559 108.0 0
  276.92629999999997 184.0 1
  277.02700799999997 292.0 1
  277.09011899999996 156.0 0
  277.59210199999995 188.0 1
  278.110962 300.0 1
  278.218658 22.263941 0
  279.594696 100.0 0
  279.98141499999997 26.297569 0
  280.11801099999997 88.0 0
  280.429535 88.0 0
  281.17810099999997 348.0 1
  281.181915 136.0 0
  281.865845 80.0 0
  282.188446 52.0 0
  283.054688 96.0 0
  283.062622 40.0 0
  283.12298599999997 132.0 0
  283.630157 144.0 0
  284.09729 268.0 1
  284.902466 120.0 0
  285.066284 383.0 1
  285.918121 96.0 0
  286.032806 268.227783 1
  286.856384 172.0 1
  287.044647 2107.0 7
  287.177551 116.0 0
  287.396118 192.0 1
  287.432281 88.0 0
  289.368927 72.0 0
  289.82174699999996 180.0 1
  292.07784999999996 45.125 0
  292.869781 48.0 0
  293.32818599999996 212.0 1
  293.35024999999996 136.0 0
  294.072021 148.0 0
  294.160919 452.0 1
  294.551453 52.0 0
  295.35787999999997 156.0 0
  295.448669 144.0 0
  295.85617099999996 48.0 0
  296.00659199999996 224.0 1
  296.10308799999996 68.0 0
  296.212738 52.0 0
  298.114471 144.0 0
  298.201874 292.0 1
  298.513947 128.0 0
  298.642761 64.0 0
  298.89547699999997 64.0 0
  298.997162 68.0 0
  299.12179599999996 152.0 0
  299.540802 116.0 0
  300.55294799999996 236.0 1
  300.754028 116.0 0
  301.190704 112.0 0
  301.21520999999996 200.0 1
  301.933655 52.0 0
  302.417236 20.0 0
  303.017 1.0 0
  303.024048 60.0 0
  303.52633699999996 156.0 0
  304.33432 56.0 0
  305.75598099999996 56.0 0
  306.090332 968.0 3
  308.20782499999996 60.0 0
  308.751587 112.0 0
  308.80371099999996 160.0 0
  309.670959 128.0 0
  309.75015299999995 156.0 0
  310.53466799999995 132.0 0
  311.18386799999996 348.0 1
  311.462677 72.0 0
  311.48245199999997 156.0 0
  311.768646 72.0 0
  312.184052 56.0 0
  313.02041599999995 172.0 1
  313.60022 116.0 0
  314.10635399999995 140.0 0
  314.148895 196.0 1
  315.661835 144.0 0
  315.811066 72.0 0
  316.63629199999997 180.0 1
  318.28054799999995 13.29688 0
  318.30447399999997 128.0 0
  318.42028799999997 184.0 1
  319.078918 136.0 0
  319.24636799999996 88.0 0
  319.79153399999996 248.0 1
  322.21578999999997 15224.0 47
  322.223999 120.0 0
  322.37899799999997 144.0 0
  323.262817 372.0 1
  323.76885999999996 168.0 1
  323.89617899999996 140.0 0
  324.204926 120.0 0
  324.960876 304.0 1
  326.452606 136.0 0
  327.425812 188.0 1
  327.54305999999997 3.755556 0
  327.55307 140.0 0
  328.017609 72.0 0
  329.23291 1360.0 4
  329.479065 120.0 0
  331.641327 100.0 0
  331.66961699999996 40.0 0
  333.240204 148.0 0
  333.688721 88.0 0
  334.061829 172.0 1
  336.139282 180.0 1
  337.61193799999995 112.0 0
  338.091644 52.0 0
  338.273712 64.0 0
  338.894653 148.0 0
  339.461884 144.0 0
  339.780396 140.0 0
  339.823914 96.0 0
  340.04031399999997 152.0 0
  340.207092 100.0 0
  341.03439299999997 5868.0 18
  341.043274 44.0 0
  341.592041 168.0 1
  341.857147 100.0 0
  342.23605299999997 68.0 0
  342.59579499999995 108.0 0
  342.830811 10.3912 0
  343.027588 92.0 0
  343.245056 44.0 0
  343.403351 104.0 0
  347.81814599999996 116.0 0
  347.861511 88.0 0
  350.19830299999995 88.0 0
  351.113861 144.0 0
  353.261627 176.0 1
  355.477356 148.0 0
  355.568695 124.0 0
  356.57836899999995 56.0 0
  359.23742699999997 0.6287 0
  361.593231 528.0 2
  361.7005 156.0 0
  362.022827 124.0 0
  362.050171 120.0 0
  362.457855 84.0 0
  367.117706 40.0 0
  367.467621 144.0 0
  368.359894 128.0 0
  368.986969 260.0 1
  370.66796899999997 100.0 0
  370.908081 184.0 1
  371.129028 260.0 1
  371.12960799999996 4.69697 0
  371.214722 172.0 1
  372.760376 44.0 0
  374.49929799999995 156.0 0
  374.739716 176.0 1
  375.119873 12177.900391 38
  375.246826 80.0 0
  377.128815 404.0 1
  377.251221 124.0 0
  377.92657499999996 56.0 0
  378.70550499999996 76.0 0
  381.07962 244.0 1
  382.192383 20348.0 63
  383.820251 184.0 1
  384.248138 84.0 0
  384.74731399999996 12.71011 0
  388.29083299999996 196.0 1
  388.418304 40.0 0
  388.938263 93.452171 0
  389.402222 308.0 1
  391.522491 152.0 0
  391.696618 40.0 0
  393.53652999999997 108.0 0
  393.815796 148.0 0
  394.25759899999997 80.0 0
  394.303925 144.0 0
  395.151367 148.0 0
  397.273285 9428.0 29
  397.75494399999997 76.0 0
  399.98229999999995 36.0 0
  404.451447 52.0 0
  406.56317099999995 60.0 0
  406.887695 104.0 0
  412.80127 255.486938 1
  413.314667 140.0 0
  417.71463 168.0 1
  418.535126 172.0 1
  419.36749299999997 148.0 0
  420.389435 156.0 0
  420.475739 84.0 0
  422.784332 140.0 0
  423.650085 72.0 0
  424.154358 168.0 1
  424.29891999999995 72.0 0
  425.73855599999996 76.0 0
  427.977112 1898.0 6
  428.904541 116.0 0
  430.032623 64.0 0
  432.47122199999995 104.0 0
  432.60900899999996 116.0 0
  433.326782 148.0 0
  433.419312 120.0 0
  433.615387 144.0 0
  436.11064999999996 176.0 1
  437.316711 68.0 0
  440.239044 268.0 1
  444.169464 30.766769 0
  445.008362 120.0 0
  446.488342 56.0 0
  448.97576899999996 88.0 0
  449.095581 112.0 0
  450.099762 120.0 0
  450.560608 120.0 0
  452.46005199999996 220.0 1
  454.048566 1.0 0
//
