ACCESSION: CCMSLIB00000078935
RECORD_TITLE: decoy
DATE: 2015.11.20
AUTHORS: Administrator
LICENSE: CC BY-SA
CH$NAME: decoy
CH$COMPOUND_CLASS: Natural Product
CH$FORMULA: C15H14N4O
CH$EXACT_MASS: 266.11676106799996
CH$SMILES: N/A
CH$IUPAC: decoy
CH$LINK: N/A
AC$INSTRUMENT: decoy
AC$INSTRUMENT_TYPE: decoy
AC$MASS_SPECTROMETRY: MS_TYPE MS2
AC$MASS_SPECTROMETRY: ION_MODE POSITIVE
AC$MASS_SPECTROMETRY: COLLISION_ENERGY 10 V
MS$FOCUSED_ION: PRECURSOR_M/Z 267
MS$FOCUSED_ION: PRECURSOR_TYPE [M+H]+
PK$NUM_PEAK: 1301
PK$PEAK: m/z int. rel.int.
  44.950005000000004 116.0 0
  45.287125 120.0 0
  45.56374 164.0 1
  45.923473 120.0 0
  45.959682 136.0 0
  46.195824 216.0 1
  46.240555 196.0 1
  46.543423000000004 192.0 1
  46.640331 144.0 0
  47.852085 152.0 1
  47.883057 168.0 1
  48.061451 140.0 0
  48.067589 100.0 0
  48.118698 128.0 0
  48.306335000000004 148.0 0
  48.449608000000005 144.0 0
  48.51577 180.0 1
  48.670044000000004 156.0 1
  48.744099 108.0 0
  48.822048 52.0 0
  49.045303000000004 172.0 1
  49.41066 152.0 1
  49.550884 120.0 0
  49.78981 120.0 0
  50.491665000000005 92.0 0
  50.521854000000005 324.0 1
  50.590607 188.0 1
  50.676228 192.0 1
  50.723541000000004 192.0 1
  50.726063 156.0 1
  50.793602 144.0 0
  50.879677 164.0 1
  50.899689 268.0 1
  51.011597 120.0 0
  51.203053000000004 156.0 1
  51.496006 168.0 1
  51.731918 172.0 1
  51.849113 164.0 1
  52.098591 144.0 0
  52.172047 140.0 0
  52.175274 236.0 1
  52.254688 164.0 1
  52.255337000000004 128.0 0
  52.386108 276.0 1
  52.593071 108.0 0
  52.759747000000004 192.0 1
  52.950253000000004 152.0 1
  52.982708 208.0 1
  53.317299 148.0 0
  53.334278000000005 156.0 1
  53.779919 220.0 1
  53.877132 336.0 1
  54.692333000000005 88.0 0
  54.697922 172.0 1
  54.780930000000005 176.0 1
  54.852299 224.0 1
  54.864971000000004 160.0 1
  55.136833 168.0 1
  55.546768 152.0 1
  55.672512000000005 304.0 1
  55.788582 128.0 0
  55.867622000000004 60.0 0
  56.375961000000004 116.0 0
  56.458267 184.0 1
  56.52132 176.0 1
  56.881134 156.0 1
  57.007801 172.0 1
  57.013649 156.0 1
  57.123642000000004 48.0 0
  57.152802 80.0 0
  57.252029 220.0 1
  57.278187 236.0 1
  57.280491000000005 104.0 0
  57.404716 128.0 0
  57.405781000000005 172.0 1
  57.621880000000004 136.0 0
  58.276405000000004 232.0 1
  58.448948 112.0 0
  58.656155 140.0 0
  58.805363 196.0 1
  58.925121000000004 60.0 0
  59.65287 112.0 0
  59.977753 148.0 0
  60.438507 52.0 0
  61.153812 188.0 1
  61.256634 152.0 1
  61.487545000000004 148.0 0
  61.538605000000004 184.0 1
  61.711433 228.0 1
  61.730938 188.0 1
  61.741589000000005 196.0 1
  61.908115 180.0 1
  61.944283 172.0 1
  61.963749 184.0 1
  62.1591 156.0 1
  62.758778 100.0 0
  62.869568 76.0 0
  63.020088 128.0 0
  63.023384 176.0 1
  63.053761 168.0 1
  63.082657000000005 140.0 0
  63.146633 48.0 0
  63.151016 152.0 1
  63.729889 136.0 0
  63.747284 136.0 0
  63.798332 168.0 1
  63.867424 200.0 1
  63.939167000000005 140.0 0
  63.977478000000005 168.0 1
  64.095215 180.0 1
  64.159126 168.0 1
  64.30326099999999 148.0 0
  64.399506 84.0 0
  64.45665 160.0 1
  64.705574 164.0 1
  64.734055 164.0 1
  65.195602 240.0 1
  65.439674 148.0 0
  65.71788 164.0 1
  65.960411 160.0 1
  66.18205999999999 128.0 0
  66.33225999999999 132.0 0
  66.37256599999999 300.0 1
  66.37458 140.0 0
  66.51727299999999 196.0 1
  66.53598799999999 128.0 0
  66.724655 192.0 1
  66.77302599999999 236.0 1
  66.824524 124.0 0
  67.02602399999999 140.0 0
  67.099785 340.0 1
  67.235519 128.0 0
  67.337021 228.0 1
  67.635498 156.0 1
  67.81249199999999 100.0 0
  67.814201 176.0 1
  68.018272 156.0 1
  68.07695799999999 140.0 0
  68.207657 36.0 0
  68.813271 152.0 1
  69.15956899999999 160.0 1
  69.349342 188.0 1
  69.549278 76.0 0
  70.373047 92.0 0
  70.457466 120.0 0
  70.58281699999999 160.0 1
  70.643013 164.0 1
  70.75769 188.0 1
  70.85336299999999 168.0 1
  70.99548399999999 160.0 1
  71.141487 168.0 1
  71.164299 196.0 1
  71.215424 188.0 1
  71.637535 184.0 1
  71.691628 220.0 1
  71.721863 164.0 1
  71.93268599999999 168.0 1
  72.033699 132.0 0
  72.12913499999999 120.0 0
  72.20118699999999 80.0 0
  72.47913399999999 316.0 1
  72.48775499999999 188.0 1
  72.596817 132.0 0
  72.65516699999999 56.0 0
  72.821587 240.0 1
  72.946648 140.0 0
  73.065056 176.0 1
  73.32095299999999 216.0 1
  73.35069299999999 204.0 1
  73.35303499999999 132.0 0
  73.599739 220.0 1
  73.824905 236.0 1
  73.932327 324.0 1
  74.27319299999999 88.0 0
  74.65068799999999 184.0 1
  74.695511 160.0 1
  74.70296499999999 304.0 1
  74.929604 176.0 1
  74.9562 148.0 0
  75.11537899999999 192.0 1
  75.829758 100.0 0
  76.349632 84.0 0
  76.81051599999999 160.0 1
  77.36585199999999 144.0 0
  77.39128099999999 332.0 1
  77.420975 240.0 1
  77.570442 212.0 1
  77.62988999999999 296.0 1
  78.08373999999999 152.0 1
  78.585854 76.0 0
  78.58921099999999 140.0 0
  78.780014 48.0 0
  78.826042 112.0 0
  78.949692 168.0 1
  79.018349 60.0 0
  79.09034 140.0 0
  79.286842 152.0 1
  79.442223 220.0 1
  79.84288799999999 112.0 0
  79.960403 180.0 1
  80.008415 324.0 1
  81.158096 108.0 0
  81.289322 156.0 1
  81.695084 132.0 0
  82.00782799999999 108.0 0
  82.029518 196.0 1
  82.128166 184.0 1
  82.904778 72.0 0
  83.230362 220.0 1
  83.52198 116.0 0
  83.71524 48.0 0
  83.789406 160.0 1
  84.33097799999999 212.0 1
  84.51995099999999 128.0 0
  84.526978 180.0 1
  84.753723 156.0 1
  85.10672799999999 180.0 1
  85.40428899999999 160.0 1
  85.666733 120.0 0
  85.71662099999999 104.0 0
  85.78156299999999 208.0 1
  85.95606199999999 156.0 1
  86.03635399999999 96.0 0
  86.909714 204.0 1
  87.112122 108.0 0
  87.282021 168.0 1
  87.330269 132.0 0
  87.743866 188.0 1
  87.74623899999999 184.0 1
  88.402779 116.0 0
  88.633606 192.0 1
  88.680802 236.0 1
  89.479141 192.0 1
  89.917091 48.0 0
  90.072014 72.0 0
  90.075317 240.0 1
  90.086945 204.0 1
  90.69436599999999 136.0 0
  91.047714 204.0 1
  91.054222 188.0 1
  91.33676899999999 452.0 2
  91.54766799999999 188.0 1
  91.74472 168.0 1
  91.83616599999999 92.0 0
  92.06156899999999 268.0 1
  92.212814 64.0 0
  92.460518 124.0 0
  92.563492 188.0 1
  92.582138 44.0 0
  92.755997 160.0 1
  92.85987899999999 164.0 1
  92.92127199999999 148.0 0
  93.06748999999999 332.0 1
  93.119621 136.0 0
  93.30886799999999 148.0 0
  94.062393 184.0 1
  94.787773 160.0 1
  94.95011099999999 144.0 0
  95.022995 216.0 1
  95.02973899999999 152.0 1
  95.04691299999999 444.0 1
  95.104897 156.0 1
  95.213928 120.0 0
  95.226547 180.0 1
  95.289108 128.0 0
  95.445915 196.0 1
  95.492149 176.0 1
  95.55998199999999 152.0 1
  95.653465 120.0 0
  95.680466 56.0 0
  95.724571 232.0 1
  95.773102 176.0 1
  95.790779 160.0 1
  95.808037 120.0 0
  96.078606 152.0 1
  96.158577 316.0 1
  96.517426 64.0 0
  96.790123 144.0 0
  96.88726 124.0 0
  97.121269 196.0 1
  97.16870899999999 204.0 1
  97.176018 128.0 0
  97.24239299999999 168.0 1
  97.33483899999999 144.0 0
  97.41538299999999 176.0 1
  97.68068699999999 168.0 1
  97.848305 168.0 1
  98.03131099999999 204.0 1
  98.266594 220.0 1
  98.329926 224.0 1
  98.39598799999999 160.0 1
  98.508499 164.0 1
  98.672432 176.0 1
  98.713425 180.0 1
  98.87245899999999 144.0 0
  99.05966199999999 120.0 0
  99.274307 156.0 1
  99.36885099999999 76.0 0
  99.42564399999999 72.0 0
  99.517342 148.0 0
  100.034309 168.0 1
  100.295761 76.0 0
  100.45607799999999 176.0 1
  100.71168499999999 176.0 1
  100.723541 212.0 1
  100.858398 176.0 1
  100.971115 160.0 1
  101.06964099999999 184.0 1
  101.24436999999999 164.0 1
  101.44419099999999 324.0 1
  101.689774 192.0 1
  101.827866 180.0 1
  102.00604999999999 220.0 1
  102.011292 232.0 1
  102.047157 188.0 1
  102.21979499999999 124.0 0
  102.349892 104.0 0
  102.497231 128.0 0
  102.518616 120.0 0
  102.591759 192.0 1
  102.60447699999999 184.0 1
  102.648552 116.0 0
  102.658051 52.0 0
  102.725304 148.0 0
  102.781059 244.0 1
  102.82797199999999 156.0 1
  102.853951 120.0 0
  103.053551 1908.0 6
  103.05426 28104.0 94
  103.32127399999999 148.0 0
  103.48329199999999 204.0 1
  103.798058 200.0 1
  103.85434699999999 88.0 0
  103.89209 148.0 0
  104.70350599999999 11.79167 0
  104.757515 176.0 1
  105.06760399999999 120.0 0
  105.06867199999999 4696.0 16
  105.07002999999999 1156.0 4
  105.07032799999999 464.0 2
  105.16639699999999 100.0 0
  105.17918399999999 168.0 1
  105.414108 164.0 1
  105.49374399999999 56.0 0
  105.67281299999999 148.0 0
  105.72119099999999 112.0 0
  105.955818 132.0 0
  106.03749099999999 504.0 2
  106.04783599999999 132.0 0
  106.08837899999999 148.0 0
  106.142128 160.0 1
  106.325882 124.129204 0
  106.377235 264.0 1
  106.52023299999999 97.472809 0
  106.542099 84.0 0
  106.565193 156.0 1
  106.69099399999999 156.0 1
  106.702377 180.0 1
  106.78066299999999 320.0 1
  107.06127199999999 364.719513 1
  107.40684499999999 140.0 0
  107.447136 44.0 0
  107.492905 140.0 0
  107.610092 39.352539 0
  107.628006 156.0 1
  107.769196 92.0 0
  107.81150099999999 116.0 0
  108.06012 160.0 1
  108.36966699999999 172.0 1
  108.480751 172.0 1
  108.59497999999999 112.0 0
  108.68204499999999 148.0 0
  108.69942499999999 180.0 1
  108.72602099999999 164.0 1
  108.727364 120.0 0
  108.759338 176.0 1
  108.98885299999999 148.0 0
  109.02935799999999 876.0 3
  109.038704 73.547897 0
  109.061066 53.474861 0
  109.063599 396.0 1
  109.088112 1348.0 5
  109.14904 64.0 0
  109.16259799999999 60.0 0
  109.18023699999999 96.0 0
  109.237488 8.23742 0
  109.323387 48.0 0
  109.34880799999999 204.0 1
  109.41935 208.0 1
  109.64862099999999 140.0 0
  109.798592 212.0 1
  109.879639 140.0 0
  109.99274399999999 164.0 1
  110.03253199999999 192.0 1
  110.077911 868.0 3
  110.31292699999999 140.0 0
  110.349701 48.0 0
  110.450226 100.0 0
  110.502647 156.0 1
  110.525566 180.0 1
  110.57002999999999 152.0 1
  110.614685 180.0 1
  110.754196 140.0 0
  110.957703 140.0 0
  111.10105899999999 148.0 0
  111.24440799999999 136.0 0
  111.346588 120.0 0
  111.52304799999999 272.0 1
  111.616524 132.0 0
  111.902954 136.0 0
  111.984985 220.0 1
  112.107903 116.0 0
  112.291489 80.0 0
  112.490967 36.0 0
  112.565102 152.0 1
  113.060295 6296.0 21
  113.35198199999999 208.0 1
  113.449829 76.0 0
  113.46144899999999 160.0 1
  113.53241 116.0 0
  113.554504 24.06612 0
  113.754387 148.0 0
  113.94202399999999 168.0 1
  113.946648 216.0 1
  113.960152 188.0 1
  113.97803499999999 176.0 1
  114.056557 140.0 0
  114.354462 52.0 0
  114.41064499999999 140.0 0
  114.44539599999999 132.0 0
  114.46054099999999 9.065909 0
  114.968498 192.0 1
  115.34133899999999 40.0 0
  115.69084199999999 168.0 1
  115.778061 56.0 0
  115.85842099999999 192.0 1
  115.863113 184.0 1
  115.92523999999999 184.0 1
  116.15890499999999 332.0 1
  116.21388999999999 116.0 0
  116.330086 160.0 1
  116.445747 176.0 1
  116.647049 176.0 1
  116.679268 44.0 0
  116.813194 140.0 0
  116.877838 136.0 0
  116.898125 184.0 1
  117.00476099999999 56.0 0
  117.01373299999999 144.0 0
  117.067162 98.856857 0
  117.17633099999999 148.0 0
  117.44865399999999 164.0 1
  117.48039999999999 124.0 0
  117.637154 172.0 1
  117.712921 192.0 1
  117.85556 188.0 1
  117.862549 160.0 1
  117.90576899999999 156.0 1
  118.18847699999999 9.342054 0
  118.34127799999999 44.0 0
  118.35582699999999 160.0 1
  118.40450999999999 144.0 0
  118.476997 172.0 1
  118.621445 268.0 1
  118.64802599999999 152.0 1
  118.658226 64.0 0
  118.93924 148.0 0
  118.962334 144.0 0
  118.987686 144.0 0
  119.06060799999999 4907.682129 16
  119.145073 156.0 1
  119.30805199999999 208.0 1
  119.59532899999999 76.0 0
  119.854614 204.0 1
  119.92680399999999 192.0 1
  120.156685 96.0 0
  120.21077 216.0 1
  120.24027299999999 124.0 0
  120.503952 132.0 0
  120.613625 88.0 0
  120.747368 148.0 0
  120.929733 72.0 0
  120.953728 132.0 0
  121.02819799999999 144.0 0
  121.05941 148.0 0
  121.065826 42864.0 144
  121.11284599999999 1.778257 0
  121.20511599999999 148.0 0
  121.336693 108.0 0
  121.36355599999999 200.0 1
  121.414406 164.0 1
  121.460022 116.0 0
  121.525368 104.0 0
  121.535339 192.0 1
  121.587654 52.0 0
  121.74827599999999 192.0 1
  121.757858 188.0 1
  122.15615799999999 104.0 0
  122.33629599999999 192.0 1
  122.344269 252.0 1
  122.556114 252.0 1
  122.56637599999999 212.0 1
  122.862991 52.0 0
  123.044556 160.0 1
  123.071671 172.0 1
  123.079956 23732.0 80
  123.13355999999999 164.0 1
  123.22902699999999 200.0 1
  123.299782 196.0 1
  123.421318 188.0 1
  123.890923 244.0 1
  124.10112799999999 192.0 1
  124.28344 136.0 0
  124.311188 132.0 0
  124.43122899999999 104.0 0
  124.525162 204.0 1
  124.534348 104.0 0
  124.540909 196.0 1
  124.635612 44.0 0
  124.69436599999999 184.0 1
  124.781555 164.0 1
  124.832878 128.0 0
  124.83337399999999 200.0 1
  124.870995 52.0 0
  125.03476699999999 184.0 1
  125.05940199999999 188.0 1
  125.20779399999999 212.0 1
  125.387024 236.0 1
  125.411583 108.0 0
  125.43712599999999 168.0 1
  125.482841 156.0 1
  125.61353299999999 136.0 0
  125.620255 180.0 1
  125.912216 208.0 1
  126.066086 10482.070312 35
  126.13076 60.0 0
  126.227806 184.0 1
  126.39145699999999 204.0 1
  126.452934 160.0 1
  126.50806399999999 156.0 1
  126.53508799999999 172.0 1
  126.54422 168.0 1
  126.625648 80.0 0
  126.820168 212.0 1
  127.044991 156.0 1
  127.08219899999999 4.815476 0
  127.12574799999999 176.0 1
  127.204971 10.2 0
  127.36215999999999 180.0 1
  128.011612 156.0 1
  128.011932 204.0 1
  128.061775 172.0 1
  128.06424 172.0 1
  128.09198 196.0 1
  128.289322 112.0 0
  128.520645 72.0 0
  128.591721 200.0 1
  128.962509 128.0 0
  129.028854 2372.0 8
  129.302536 272.0 1
  129.40231300000002 128.0 0
  129.529068 152.0 1
  129.55448900000002 148.0 0
  129.566101 140.0 0
  129.801422 100.0 0
  130.041458 286439.0 960
  130.203812 128.0 0
  130.389374 208.0 1
  130.48713700000002 132.0 0
  130.61746200000002 208.0 1
  130.805191 184.0 1
  130.854767 168.0 1
  130.93158 184.0 1
  131.013702 132.0 0
  131.021927 248.0 1
  131.18481400000002 68.0 0
  131.22932400000002 192.0 1
  131.768326 184.0 1
  131.97879 244.0 1
  132.05697600000002 176.0 1
  132.057053 508.0 2
  132.076645 172.0 1
  132.18270900000002 216.0 1
  132.34433 100.0 0
  132.53036500000002 36.0 0
  132.750732 232.0 1
  133.00366200000002 172.0 1
  133.026321 176.0 1
  133.058243 156.0 1
  133.089981 168.0 1
  133.159988 148.0 0
  133.19871500000002 144.0 0
  133.242493 216.0 1
  133.25636300000002 180.0 1
  133.32238800000002 128.0 0
  133.392899 76.0 0
  133.416245 168.0 1
  133.430893 188.0 1
  133.44970700000002 36.0 0
  133.541321 92.0 0
  133.586105 156.0 1
  133.848007 136.0 0
  134.283478 244.0 1
  134.321152 176.0 1
  134.54487600000002 144.0 0
  134.57942200000002 120.0 0
  134.655655 60.0 0
  134.73526 156.0 1
  134.744659 144.0 0
  134.744843 148.0 0
  134.82659900000002 236.0 1
  134.838715 180.0 1
  134.888641 156.0 1
  135.010727 152.0 1
  135.07118200000002 168.0 1
  135.08775300000002 172.0 1
  135.21971100000002 112.0 0
  135.67295800000002 156.0 1
  136.038513 30848.0 103
  136.05110200000001 57.90535 0
  136.059998 40.0 0
  136.463196 224.0 1
  136.501999 52.0 0
  136.684174 196.0 1
  136.78302000000002 144.0 0
  136.796356 156.0 1
  137.16322300000002 80.0 0
  137.181824 268.0 1
  137.321777 208.0 1
  137.688263 136.0 0
  137.786301 132.0 0
  137.86926300000002 96.0 0
  137.928818 168.0 1
  138.39343300000002 216.0 1
  138.54350300000002 216.0 1
  138.69940200000002 48.0 0
  138.74911500000002 192.0 1
  138.79776 104.0 0
  138.866959 124.0 0
  138.940292 140.0 0
  138.97023000000002 156.0 1
  139.015015 164.0 1
  139.090622 160.0 1
  139.912888 212.0 1
  140.028534 220.0 1
  140.082703 84.0 0
  140.140991 244.0 1
  140.413635 176.0 1
  140.48687700000002 172.0 1
  140.607361 116.0 0
  140.69674700000002 124.0 0
  140.90425100000002 144.0 0
  141.062454 64.0 0
  141.116241 92.0 0
  141.276382 96.0 0
  141.278076 168.0 1
  141.355515 200.0 1
  141.69168100000002 344.0 1
  141.700882 112.0 0
  141.77327 72.0 0
  141.871735 164.0 1
  142.078964 312.0 1
  142.46086100000002 180.0 1
  142.821854 180.0 1
  143.018677 1.667892 0
  143.084732 564.0 2
  143.09518500000001 220.0 1
  143.15657000000002 200.0 1
  143.263702 240.0 1
  143.45159900000002 132.0 0
  143.47456400000002 132.0 0
  143.60131800000002 164.0 1
  143.73732 60.0 0
  143.80406200000002 52.0 0
  143.903976 108.0 0
  143.98851000000002 196.0 1
  144.05371100000002 344.0 1
  144.23204 204.0 1
  144.273209 156.0 1
  144.467163 13.60368 0
  144.608887 132.0 0
  144.609482 100.0 0
  144.682571 156.0 1
  144.975876 164.0 1
  145.01298500000001 208.0 1
  145.39016700000002 60.0 0
  145.399216 152.0 1
  145.471542 268.0 1
  145.68214400000002 60.0 0
  145.81938200000002 60.0 0
  145.90515100000002 200.0 1
  146.060959 1292.0 4
  146.142838 44.0 0
  146.190491 104.0 0
  146.237061 128.0 0
  146.292572 176.0 1
  146.477676 244.0 1
  147.04814100000002 144.0 0
  147.068466 188.0 1
  147.13798500000001 188.0 1
  147.29423500000001 40.0 0
  147.339676 96.0 0
  147.53833 324.0 1
  147.640442 112.0 0
  147.71185300000002 292.0 1
  147.757004 220.0 1
  147.939896 88.0 0
  148.34549 160.0 1
  148.62617500000002 236.0 1
  148.65463300000002 140.0 0
  148.709442 112.0 0
  148.82423400000002 168.0 1
  148.987213 144.0 0
  149.053131 216.0 1
  149.06097400000002 300.0 1
  149.113861 204.0 1
  149.530136 68.0 0
  149.765411 44.0 0
  149.77037 104.0 0
  149.92598 144.0 0
  150.05925000000002 53.67062 0
  150.113266 244.0 1
  150.219894 28.0 0
  150.24321 192.0 1
  150.323273 208.0 1
  150.39840700000002 172.0 1
  150.742569 152.0 1
  150.870834 148.0 0
  150.897141 192.0 1
  150.932953 188.0 1
  150.967926 112.0 0
  151.085342 3088.0 10
  151.18446400000002 48.0 0
  151.370407 132.0 0
  151.66703800000002 128.0 0
  151.744232 188.0 1
  151.75572200000002 160.0 1
  151.786514 148.0 0
  152.03533900000002 132.0 0
  152.04293800000002 148.0 0
  152.10295100000002 132.0 0
  152.107925 308.0 1
  152.111557 136.0 0
  152.19842500000001 100.0 0
  152.639633 112.0 0
  152.74395800000002 184.0 1
  153.069839 188.0 1
  153.187439 132.0 0
  153.290848 76.0 0
  153.411606 104.0 0
  153.645676 284.0 1
  153.683502 200.0 1
  154.215057 372.0 1
  154.417374 160.0 1
  154.44310000000002 116.0 0
  154.47721900000002 84.0 0
  154.639084 144.0 0
  155.01765400000002 516.0 2
  155.07122800000002 1180.0 4
  155.133743 180.0 1
  155.523529 188.0 1
  155.569138 136.0 0
  155.82174700000002 104.0 0
  155.849106 144.0 0
  156.010422 160.0 1
  156.054245 196.0 1
  156.20764200000002 128.0 0
  156.21850600000002 208.0 1
  156.235352 156.0 1
  156.29715000000002 9.782474 0
  156.581589 188.0 1
  156.667358 112.0 0
  157.065811 67700.0 227
  157.09523000000002 124.0 0
  157.205856 164.0 1
  157.301834 240.0 1
  157.577179 116.0 0
  157.80246 212.0 1
  157.822632 196.0 1
  157.83621200000002 156.0 1
  158.405045 160.0 1
  158.473938 48.0 0
  158.599289 176.0 1
  158.656845 92.0 0
  158.75061 84.0 0
  159.374054 164.0 1
  159.57354700000002 108.0 0
  159.979385 64.0 0
  160.088638 152.0 1
  160.50531 172.0 1
  160.754456 52.0 0
  160.80976900000002 204.0 1
  161.082916 320.0 1
  161.107559 1772.0 6
  161.27676400000001 112.0 0
  161.897964 184.0 1
  161.96537800000002 164.0 1
  161.988586 136.0 0
  162.055054 152.0 1
  162.098511 124.0 0
  162.187851 308.0 1
  162.371643 172.0 1
  162.761017 204.0 1
  162.83204700000002 192.0 1
  162.869278 88.0 0
  163.05555700000002 2412.0 8
  163.127136 48.0 0
  163.198608 164.0 1
  163.316193 176.0 1
  163.59603900000002 184.0 1
  163.960449 108.0 0
  163.99469000000002 236.0 1
  164.037415 164.0 1
  164.28315700000002 152.0 1
  164.487015 144.0 0
  164.627197 144.0 0
  164.81677200000001 220.0 1
  164.895416 184.0 1
  164.961578 168.0 1
  165.069351 1888.0 6
  165.11084 176.0 1
  165.150971 120.0 0
  165.17219500000002 88.0 0
  165.18197600000002 152.0 1
  165.270828 120.0 0
  165.41381800000002 164.0 1
  166.01919600000002 212.0 1
  166.63436900000002 164.0 1
  167.13566600000001 228.0 1
  167.185425 136.0 0
  167.21481300000002 184.0 1
  167.392929 148.0 0
  167.47842400000002 164.0 1
  167.767761 152.0 1
  167.778763 44.0 0
  168.207458 160.0 1
  168.230499 184.0 1
  168.384735 124.0 0
  168.475052 88.0 0
  168.68318200000002 80.0 0
  168.770325 92.0 0
  168.821945 60.0 0
  168.938477 408.0 1
  169.065872 248.0 1
  169.23143000000002 56.0 0
  169.351425 272.0 1
  169.48005700000002 132.0 0
  169.63716100000002 140.0 0
  169.64750700000002 172.0 1
  169.727982 188.0 1
  169.774536 72.0 0
  170.120438 184.0 1
  170.163025 120.0 0
  170.27919 100.0 0
  170.29795800000002 208.0 1
  170.45510900000002 176.0 1
  170.470108 200.0 1
  170.852798 104.0 0
  170.956909 88.0 0
  171.044647 900.0 3
  171.065796 176.0 1
  171.08071900000002 3088.0 10
  171.127533 152.0 1
  171.18618800000002 228.0 1
  171.31568900000002 180.0 1
  171.328797 180.0 1
  171.356415 160.0 1
  171.409424 164.0 1
  171.662262 132.0 0
  171.733551 80.0 0
  171.889832 80.0 0
  171.976593 40.0 0
  172.060165 84.0 0
  172.070862 116.0 0
  172.410629 68.0 0
  172.562592 60.0 0
  172.564255 168.0 1
  173.13237 296.0 1
  173.468002 184.0 1
  173.792267 144.0 0
  173.793915 4.741667 0
  173.846954 128.0 0
  174.0569 184.0 1
  174.14059400000002 120.0 0
  174.260712 136.0 0
  174.39956700000002 228.0 1
  174.505447 92.0 0
  174.524902 252.0 1
  174.634216 88.0 0
  174.77449000000001 100.0 0
  174.90261800000002 160.0 1
  175.040512 160.0 1
  175.067871 684.0 2
  175.23024 36.0 0
  175.407242 140.0 0
  175.496475 56.0 0
  175.506592 176.0 1
  175.656372 104.0 0
  176.003586 256.0 1
  176.226822 224.0 1
  176.391205 156.0 1
  176.49292 72.0 0
  176.609253 68.0 0
  176.6297 372.0 1
  176.727402 64.0 0
  176.850021 180.0 1
  177.085281 152.0 1
  177.17797900000002 100.0 0
  177.410538 196.0 1
  177.99563600000002 484.0 2
  178.07165500000002 328.0 1
  178.07359300000002 172.0 1
  178.387192 204.0 1
  178.43910200000002 160.0 1
  179.08462500000002 1244.0 4
  179.13273600000002 196.0 1
  179.33770800000002 156.0 1
  179.480087 68.0 0
  179.674622 96.0 0
  180.063431 112.0 0
  180.167053 52.0 0
  180.251282 132.0 0
  180.32608000000002 180.0 1
  180.36355600000002 192.0 1
  180.47236600000002 168.0 1
  180.47818 100.0 0
  180.513657 108.0 0
  180.566483 132.0 0
  180.997375 180.0 1
  181.204803 252.0 1
  181.339355 72.0 0
  181.92520100000002 144.0 0
  182.36840800000002 56.0 0
  182.588242 296.0 1
  182.920395 140.0 0
  182.953171 48.0 0
  183.48202500000002 40.0 0
  183.627411 52.0 0
  183.71850600000002 60.0 0
  183.808167 188.0 1
  183.898422 88.0 0
  183.91597000000002 80.0 0
  184.075623 4452.0 15
  184.159088 160.0 1
  184.46228000000002 136.0 0
  184.578751 156.0 1
  184.812622 200.0 1
  185.03924600000002 180.0 1
  185.38742100000002 116.0 0
  185.42532300000002 152.0 1
  185.45784 176.0 1
  185.724716 148.0 0
  185.75058 120.0 0
  185.823349 60.0 0
  186.137711 528.0 2
  186.207443 128.0 0
  186.34866300000002 116.0 0
  186.524506 148.0 0
  186.535233 148.0 0
  186.733475 160.0 1
  187.04878200000002 200.0 1
  187.087952 9700.0 33
  187.224152 220.0 1
  187.35711700000002 68.0 0
  187.54130600000002 148.0 0
  187.608246 104.0 0
  188.10437000000002 176.0 1
  188.42030300000002 68.0 0
  188.42926 140.0 0
  188.47267200000002 60.0 0
  188.79710400000002 52.0 0
  188.811508 132.0 0
  188.982224 152.0 1
  189.069061 1328.0 4
  189.22493 156.0 1
  189.25804100000002 92.0 0
  189.523529 88.0 0
  189.754959 232.0 1
  189.946564 92.0 0
  190.036896 60.0 0
  190.117355 176.0 1
  190.328491 164.0 1
  190.341415 224.0 1
  190.500931 308.0 1
  191.00624100000002 148.0 0
  191.04620400000002 152.0 1
  191.39328 176.0 1
  191.728363 164.0 1
  192.079834 160.0 1
  192.082443 524.0 2
  192.092255 164.0 1
  192.230423 172.0 1
  192.354385 140.0 0
  192.413834 200.0 1
  192.463287 196.0 1
  192.49211100000002 184.0 1
  192.558975 192.0 1
  192.71402 140.0 0
  193.124146 1356.0 5
  193.227036 216.0 1
  193.26396200000002 132.0 0
  193.30384800000002 172.0 1
  194.08398400000002 568.0 2
  194.76731900000001 84.0 0
  195.062836 173.669601 1
  195.08905000000001 260.0 1
  195.535782 104.0 0
  195.651138 120.0 0
  195.77577200000002 200.0 1
  195.857178 64.0 0
  196.048706 508.0 2
  196.344345 88.0 0
  196.394089 148.0 0
  196.404648 72.0 0
  196.43185400000002 72.0 0
  196.485916 32.0 0
  196.52594000000002 204.0 1
  196.678635 152.0 1
  196.946777 156.0 1
  197.062592 2064.0 7
  197.07792700000002 3196.0 11
  197.1297 504.0 2
  198.08024600000002 192.0 1
  198.089493 176.0 1
  198.096359 196.0 1
  198.104355 192.0 1
  198.179367 164.0 1
  198.447678 80.0 0
  198.985046 72.0 0
  199.013351 96.0 0
  199.060272 152.0 1
  199.10205100000002 200.0 1
  199.54336500000002 140.0 0
  199.560898 192.0 1
  199.564987 156.0 1
  199.58204700000002 160.0 1
  199.71249400000002 132.0 0
  199.82994100000002 124.0 0
  200.00117500000002 72.0 0
  200.192032 164.0 1
  200.620499 132.0 0
  200.719849 136.0 0
  200.99263000000002 188.0 1
  201.034286 68.0 0
  201.056305 556.0 2
  201.653748 152.0 1
  201.960083 156.0 1
  202.119141 156.0 1
  202.332886 152.0 1
  202.518936 76.0 0
  202.713943 60.0 0
  203.03157000000002 108.0 0
  203.088348 68.0 0
  203.458099 44.0 0
  203.923981 44.0 0
  203.95945700000001 76.0 0
  204.255737 52.0 0
  205.327896 128.0 0
  205.48812900000001 188.0 1
  205.493073 184.0 1
  205.553055 148.0 0
  205.98114 80.0 0
  206.902939 96.0 0
  207.268631 36.0 0
  207.475098 3.5 0
  207.96670500000002 100.0 0
  208.001328 164.0 1
  208.018295 140.0 0
  208.332291 36.0 0
  208.52006500000002 64.0 0
  208.64518700000002 44.0 0
  208.812744 100.0 0
  209.01358000000002 168.0 1
  209.58145100000002 152.0 1
  209.61294600000002 212.0 1
  209.828751 156.0 1
  209.86523400000002 208.0 1
  210.111099 152.0 1
  210.192764 160.0 1
  210.28331 120.0 0
  211.26692200000002 208.0 1
  211.924271 124.0 0
  212.049286 208.0 1
  212.416931 56.0 0
  212.70816000000002 80.0 0
  212.967285 120.0 0
  213.001892 104.0 0
  213.05242900000002 28.0 0
  213.075745 84.0 0
  213.26478600000002 100.0 0
  213.897049 188.0 1
  214.155731 416.0 1
  214.188614 84.0 0
  214.27513100000002 132.0 0
  214.360046 52.0 0
  214.55264300000002 104.0 0
  214.57960500000002 76.0 0
  214.663971 200.0 1
  215.228989 132.0 0
  215.231613 64.0 0
  215.776917 196.0 1
  216.07688900000002 144.0 0
  216.459991 320.0 1
  216.518524 96.0 0
  216.808487 164.0 1
  216.987 100.0 0
  217.19133000000002 164.0 1
  217.455597 84.0 0
  217.91424600000002 116.0 0
  217.983841 196.0 1
  218.06947300000002 672.0 2
  218.92569 64.0 0
  219.009598 168.0 1
  219.051193 156.0 1
  219.60458400000002 140.0 0
  219.67189000000002 160.0 1
  219.778915 40.0 0
  219.82724000000002 84.0 0
  219.84079 144.0 0
  220.26438900000002 208.0 1
  220.385468 204.0 1
  220.88003500000002 168.0 1
  220.919174 68.0 0
  221.26254300000002 152.0 1
  221.43287700000002 208.0 1
  221.99710100000001 176.0 1
  222.090912 1168.0 4
  222.127731 140.0 0
  222.437363 124.0 0
  222.498657 164.0 1
  223.337219 124.0 0
  223.361588 136.0 0
  224.08531200000002 132.0 0
  224.19201700000002 200.0 1
  224.26705900000002 132.0 0
  224.380371 96.0 0
  224.70249900000002 240.0 1
  224.964706 80.0 0
  224.97503700000001 68.0 0
  225.08938600000002 157360.0 528
  225.099365 64.0 0
  225.15210000000002 240.0 1
  225.51289400000002 164.0 1
  225.533676 136.0 0
  225.64946 56.0 0
  226.11798100000001 468.0 2
  226.31921400000002 128.0 0
  226.32316600000001 148.0 0
  226.50834700000001 124.0 0
  226.790802 68.0 0
  227.06869500000002 332.0 1
  227.780136 136.0 0
  228.095886 144.0 0
  228.293686 76.0 0
  228.860016 260.0 1
  229.100388 25848.0 87
  229.24447600000002 56.0 0
  229.50245700000002 96.0 0
  230.079437 108.0 0
  230.157394 108.0 0
  230.215958 152.0 1
  230.26362600000002 136.0 0
  231.013046 148.0 0
  231.190414 164.0 1
  231.231354 176.0 1
  231.45510900000002 152.0 1
  231.50254800000002 140.0 0
  231.736374 164.0 1
  231.766083 172.0 1
  231.81980900000002 148.0 0
  232.183258 136.0 0
  232.252655 208.0 1
  232.342285 88.0 0
  232.58519 220.0 1
  232.64006 196.0 1
  232.791412 168.0 1
  232.994766 104.0 0
  233.001251 124.0 0
  233.079437 312.0 1
  233.087769 140.0 0
  233.958008 240.0 1
  233.98593100000002 128.0 0
  234.911316 64.0 0
  235.094162 228.0 1
  235.25993300000002 80.0 0
  235.374008 208.0 1
  235.559921 672.0 2
  235.945938 132.0 0
  236.090103 176.0 1
  236.22995 140.0 0
  236.739746 4.355392 0
  236.852859 132.0 0
  237.061249 120.0 0
  237.073486 464.0 2
  237.09239200000002 42.57476 0
  237.287384 216.0 1
  237.40827900000002 124.0 0
  237.45030200000002 112.0 0
  237.47262600000002 92.0 0
  237.485794 280.0 1
  237.685684 48.0 0
  238.070786 72.0 0
  238.54895000000002 180.0 1
  238.8004 180.0 1
  238.968613 208.0 1
  239.25730900000002 56.0 0
  239.25915500000002 288.0 1
  239.264359 44.0 0
  239.537247 112.0 0
  239.575851 124.0 0
  239.576859 180.0 1
  240.009857 132.0 0
  240.047073 196.0 1
  240.112427 1144.0 4
  240.75254800000002 112.0 0
  240.800659 248.0 1
  240.95192 160.0 1
  241.22473100000002 72.0 0
  241.551071 60.0 0
  241.773788 112.0 0
  242.020905 168.0 1
  242.081772 1592.0 5
  242.084305 176.0 1
  242.29158 120.0 0
  242.654922 108.0 0
  243.08879100000001 1804.0 6
  244.06701700000002 164.0 1
  244.308243 64.0 0
  244.46571400000002 108.0 0
  244.691818 48.0 0
  244.957245 72.0 0
  245.018463 140.0 0
  245.069321 240.0 1
  245.189331 304.0 1
  245.553055 200.0 1
  245.579453 124.0 0
  245.75401300000001 152.0 1
  245.78547700000001 72.0 0
  246.113159 204.0 1
  246.176163 176.0 1
  246.29577600000002 148.0 0
  246.60495 96.0 0
  247.52357500000002 160.0 1
  247.600952 116.0 0
  247.802063 96.0 0
  247.908905 68.0 0
  248.157227 184.0 1
  248.271591 40.0 0
  248.88209500000002 152.0 1
  249.146896 348.0 1
  249.173752 144.0 0
  249.27629100000001 140.0 0
  249.62883000000002 48.0 0
  249.832443 172.0 1
  249.839737 268.0 1
  249.91192600000002 48.0 0
  249.97537200000002 92.0 0
  250.366226 100.0 0
  250.556137 92.0 0
  250.80482500000002 140.0 0
  250.891861 96.0 0
  251.106583 160.0 1
  252.05342100000001 164.0 1
  252.140244 156.0 1
  252.187546 136.0 0
  252.30687 272.0 1
  252.935486 40.0 0
  253.100021 184.0 1
  253.377319 108.0 0
  254.112839 156.0 1
  254.314499 92.0 0
  254.408615 172.0 1
  254.943253 344.0 1
  255.966934 200.0 1
  256.896393 92.0 0
  257.132751 52.0 0
  258.00726299999997 56.0 0
  258.133423 228.0 1
  258.27084399999995 164.0 1
  258.646576 56.0 0
  259.13327 420.0 1
  259.17605599999996 200.0 1
  261.009186 152.0 1
  261.809754 172.0 1
  261.994171 176.0 1
  262.87771599999996 236.0 1
  263.141663 262.6203 1
  263.64187599999997 80.0 0
  263.85195899999997 232.0 1
  264.60736099999997 224.0 1
  264.61166399999996 60.0 0
  264.881775 184.0 1
  265.83401499999997 72.0 0
  265.84844999999996 124.0 0
  266.05816699999997 28.0 0
  266.256134 68.0 0
  266.26928699999996 112.0 0
  266.461304 192.0 1
  266.94750999999997 120.0 0
  267.092072 5288.0 18
  267.126648 298012.0 999
//
