ACCESSION: CCMSLIB00000081583
RECORD_TITLE: decoy
DATE: 2015.11.20
AUTHORS: Administrator
LICENSE: CC BY-SA
CH$NAME: decoy
CH$COMPOUND_CLASS: Natural Product
CH$FORMULA: C20H26O3
CH$EXACT_MASS: 314.18819469199997
CH$SMILES: N/A
CH$IUPAC: decoy
CH$LINK: N/A
AC$INSTRUMENT: decoy
AC$INSTRUMENT_TYPE: decoy
AC$MASS_SPECTROMETRY: MS_TYPE MS2
AC$MASS_SPECTROMETRY: ION_MODE POSITIVE
AC$MASS_SPECTROMETRY: COLLISION_ENERGY 10 V
MS$FOCUSED_ION: PRECURSOR_M/Z 315
MS$FOCUSED_ION: PRECURSOR_TYPE [M+H]+
PK$NUM_PEAK: 50
PK$PEAK: m/z int. rel.int.
  46.519936 80.0 7
  51.579823000000005 232.0 19
  52.509998 140.0 12
  61.901543000000004 160.0 13
  81.562637 124.0 10
  89.628441 44.0 4
  96.209053 144.0 12
  98.37825799999999 108.0 9
  98.947037 168.0 14
  102.109985 116.0 10
  128.849487 176.0 15
  129.118805 232.0 19
  131.004684 204.0 17
  131.06526200000002 216.0 18
  137.705688 156.0 13
  139.395996 168.0 14
  140.521759 144.0 12
  142.06268300000002 80.728569 7
  145.049911 27.1087 2
  146.402222 156.0 13
  152.00967400000002 208.0 17
  152.536301 104.0 9
  152.816269 152.0 13
  153.913879 152.0 13
  154.71971100000002 148.0 12
  155.571762 288.0 24
  158.312378 192.0 16
  162.044159 156.0 13
  168.113235 204.0 17
  177.957077 156.0 13
  184.093277 136.0 11
  189.881805 65.408783 5
  202.39238 152.0 13
  207.004196 152.0 13
  218.179779 164.0 14
  228.088257 292.0 25
  235.785797 288.0 24
  238.32359300000002 152.0 13
  238.666718 112.0 9
  249.11282300000002 11904.0 999
  250.97219800000002 128.0 11
  263.143829 4344.0 365
  269.20815999999996 128.0 11
  274.72283899999996 208.0 17
  276.12859499999996 164.0 14
  276.87439 9.074405 1
  288.10791 87.061272 7
  288.34268199999997 9.382974 1
  294.91781599999996 96.0 8
  315.187317 9072.0 761
//
