ACCESSION: CCMSLIB00000078879
RECORD_TITLE: decoy
DATE: 2015.11.20
AUTHORS: Administrator
LICENSE: CC BY-SA
CH$NAME: decoy
CH$COMPOUND_CLASS: Natural Product
CH$FORMULA: C15H10O7
CH$EXACT_MASS: 302.04265266
CH$SMILES: N/A
CH$IUPAC: decoy
CH$LINK: N/A
AC$INSTRUMENT: decoy
AC$INSTRUMENT_TYPE: decoy
AC$MASS_SPECTROMETRY: MS_TYPE MS2
AC$MASS_SPECTROMETRY: ION_MODE POSITIVE
AC$MASS_SPECTROMETRY: COLLISION_ENERGY 10 V
MS$FOCUSED_ION: PRECURSOR_M/Z 303
MS$FOCUSED_ION: PRECURSOR_TYPE [M+H]+
PK$NUM_PEAK: 50
PK$PEAK: m/z int. rel.int.
  45.253578000000005 208.0 11
  54.524799 160.0 8
  58.457771 100.0 5
  59.240837 184.0 10
  62.539139 168.0 9
  66.091629 212.0 11
  72.31500199999999 124.0 6
  76.316238 160.0 8
  78.069244 136.0 7
  83.69735 168.0 9
  86.49292 168.0 9
  88.275864 84.0 4
  95.71043399999999 172.0 9
  98.79697399999999 196.0 10
  102.699356 192.0 10
  106.006073 148.0 8
  106.347038 52.0 3
  113.13832099999999 388.0 20
  114.67789499999999 152.0 8
  116.00334199999999 200.0 10
  116.47728699999999 112.0 6
  116.789345 188.0 10
  120.33640299999999 164.0 9
  121.52919 196.0 10
  122.69545 172.0 9
  124.99001299999999 200.0 10
  128.016098 144.0 8
  128.065247 84.0 4
  133.362122 200.0 10
  136.874878 208.0 11
  145.645508 108.0 6
  149.063263 504.0 26
  153.92099000000002 172.0 9
  159.850189 100.0 5
  170.677109 132.0 7
  174.02864100000002 172.0 9
  174.836441 172.0 9
  176.67205800000002 76.0 4
  207.933319 152.0 8
  218.62458800000002 132.0 7
  221.608215 148.0 8
  221.625107 116.0 6
  222.10008200000001 252.0 13
  227.886841 180.0 9
  238.443558 108.0 6
  240.764145 280.0 15
  255.963501 252.0 13
  278.538574 312.0 16
  280.78851299999997 220.0 11
  303.043213 19160.0 999
//
