ACCESSION: CCMSLIB00000080550
RECORD_TITLE: decoy
DATE: 2015.11.20
AUTHORS: Administrator
LICENSE: CC BY-SA
CH$NAME: decoy
CH$COMPOUND_CLASS: Natural Product
CH$FORMULA: C25H26N4O3
CH$EXACT_MASS: 430.20049069199996
CH$SMILES: N/A
CH$IUPAC: decoy
CH$LINK: N/A
AC$INSTRUMENT: decoy
AC$INSTRUMENT_TYPE: decoy
AC$MASS_SPECTROMETRY: MS_TYPE MS2
AC$MASS_SPECTROMETRY: ION_MODE POSITIVE
AC$MASS_SPECTROMETRY: COLLISION_ENERGY 10 V
MS$FOCUSED_ION: PRECURSOR_M/Z 431
MS$FOCUSED_ION: PRECURSOR_TYPE [M+H]+
PK$NUM_PEAK: 1425
PK$PEAK: m/z int. rel.int.
  44.899334 116.0 0
  45.222458 124.0 0
  45.240643 120.0 0
  45.259514 204.0 0
  45.272598 180.0 0
  45.340969 180.0 0
  45.609287 112.0 0
  45.643959 212.0 0
  45.972015 200.0 0
  46.169724 160.0 0
  46.322243 140.0 0
  46.356804000000004 184.0 0
  46.357624 232.0 0
  46.436275 152.0 0
  46.52763 164.0 0
  46.877636 148.0 0
  47.018543 112.0 0
  47.075211 160.0 0
  47.245625000000004 168.0 0
  47.267628 172.0 0
  47.585121 184.0 0
  47.832352 136.0 0
  48.016987 92.0 0
  48.117897 172.0 0
  48.242027 36.0 0
  48.298988 96.0 0
  48.334747 264.0 0
  48.424866 196.0 0
  48.785969 132.0 0
  48.929012 180.0 0
  49.101318 188.0 0
  49.264977 188.0 0
  49.376179 208.0 0
  49.469612000000005 136.0 0
  49.797028000000005 136.0 0
  49.846081 128.0 0
  49.973568 156.0 0
  50.21069 156.0 0
  50.230953 152.0 0
  50.30381 244.0 0
  50.450382000000005 160.0 0
  50.50671 184.0 0
  50.551952 152.0 0
  50.71307 44.0 0
  50.780621000000004 120.0 0
  50.915039 112.0 0
  51.216747 56.0 0
  51.452209 232.0 0
  51.477509000000005 76.0 0
  51.677254000000005 112.0 0
  51.75164 208.0 0
  52.004784 164.0 0
  52.265003 92.0 0
  52.675167 176.0 0
  52.744808 168.0 0
  53.179081000000004 144.0 0
  53.321537 88.0 0
  53.392452 192.0 0
  53.498978 176.0 0
  53.58392 120.0 0
  53.778606 152.0 0
  54.370399 152.0 0
  54.392662 156.0 0
  54.625256 336.0 0
  54.638580000000005 156.0 0
  54.640816 164.0 0
  54.704079 188.0 0
  54.747498 180.0 0
  54.75399 140.0 0
  55.052372 144.0 0
  55.192955000000005 256.0 0
  55.230179 108.0 0
  55.547482 168.0 0
  55.581802 128.0 0
  55.594635000000004 196.0 0
  56.734898 176.0 0
  56.792721 168.0 0
  57.585407000000004 144.0 0
  57.64463 212.0 0
  57.672623 176.0 0
  57.8591 104.0 0
  57.874825 160.0 0
  57.954044 136.0 0
  58.215927 172.0 0
  58.337143000000005 180.0 0
  59.008587 184.0 0
  59.124382000000004 128.0 0
  60.025646 172.0 0
  60.914505 140.0 0
  61.21505 52.0 0
  61.248238 224.0 0
  61.250916000000004 76.0 0
  61.260616 76.0 0
  61.623196 192.0 0
  61.793785 200.0 0
  61.979874 116.0 0
  62.034653 184.0 0
  62.071514 184.0 0
  62.194878 160.0 0
  62.257008 192.0 0
  62.401459 156.0 0
  62.413944 148.0 0
  62.506066000000004 208.0 0
  62.516479000000004 468.0 0
  62.567623000000005 156.0 0
  62.661728000000004 180.0 0
  62.716545 140.0 0
  62.802917 176.0 0
  62.820087 176.0 0
  62.921165 128.0 0
  62.98954 196.0 0
  63.023602000000004 100.0 0
  63.52742 128.0 0
  63.728718 48.0 0
  63.741146 184.0 0
  64.218513 172.0 0
  64.243073 108.0 0
  64.334442 172.0 0
  64.500603 160.0 0
  64.662659 168.0 0
  64.686371 148.0 0
  65.073326 108.0 0
  65.083862 164.0 0
  65.174965 216.0 0
  65.429886 228.0 0
  65.49778699999999 188.0 0
  65.55557999999999 188.0 0
  65.69554099999999 48.0 0
  65.752113 220.0 0
  65.92995499999999 176.0 0
  66.014961 176.0 0
  66.105774 156.0 0
  66.174133 148.0 0
  66.47075699999999 136.0 0
  66.626167 220.0 0
  66.749077 144.0 0
  66.83002499999999 152.0 0
  66.984398 192.0 0
  67.064285 204.0 0
  67.56021899999999 84.0 0
  67.624718 148.0 0
  68.057594 132.0 0
  68.303017 144.0 0
  68.795891 176.0 0
  69.228043 140.0 0
  69.313065 180.0 0
  69.701218 192.0 0
  70.64218899999999 400.0 0
  70.69052099999999 140.0 0
  70.89021299999999 112.0 0
  71.281639 152.0 0
  71.93305199999999 172.0 0
  72.291862 212.0 0
  72.303123 112.0 0
  72.508186 152.0 0
  72.778252 140.0 0
  72.85172999999999 148.0 0
  72.86164099999999 172.0 0
  73.167206 228.0 0
  73.262413 44.0 0
  73.302864 128.0 0
  73.308701 132.0 0
  73.60681899999999 188.0 0
  73.961563 160.0 0
  74.28738399999999 200.0 0
  74.298897 192.0 0
  74.398567 128.0 0
  74.485558 180.0 0
  74.50348699999999 128.0 0
  74.514297 196.0 0
  74.55384099999999 92.0 0
  74.82105999999999 80.0 0
  74.85973399999999 160.0 0
  74.89208199999999 200.0 0
  75.867531 168.0 0
  75.98687699999999 204.0 0
  76.213104 156.0 0
  76.342163 172.0 0
  76.36831699999999 172.0 0
  76.39961199999999 152.0 0
  76.47906499999999 124.0 0
  76.98612999999999 164.0 0
  77.05085 96.0 0
  77.32508899999999 240.0 0
  77.33455699999999 176.0 0
  77.35057099999999 132.0 0
  78.31935899999999 132.0 0
  78.66529799999999 356.0 0
  78.806625 96.0 0
  78.873611 176.0 0
  78.901077 136.0 0
  78.990196 212.0 0
  78.99127999999999 188.0 0
  78.996353 140.0 0
  79.70522299999999 244.0 0
  79.83788299999999 152.0 0
  80.624825 192.0 0
  80.94020099999999 31.2663 0
  81.148552 140.0 0
  81.26023099999999 164.0 0
  81.28491199999999 372.0 0
  81.34622999999999 168.0 0
  81.42276799999999 180.0 0
  81.452232 120.0 0
  81.45404099999999 188.0 0
  81.50394399999999 136.0 0
  81.86157999999999 136.0 0
  81.961456 140.0 0
  82.04682899999999 84.0 0
  82.05392499999999 156.0 0
  82.13448299999999 204.0 0
  82.20672599999999 152.0 0
  82.265785 172.0 0
  82.31433899999999 200.0 0
  82.316391 108.0 0
  82.376251 176.0 0
  82.397621 228.0 0
  82.61490599999999 172.0 0
  83.06462099999999 164.0 0
  83.30730399999999 184.0 0
  83.83337399999999 144.0 0
  83.884537 184.0 0
  84.613457 84.0 0
  85.00804099999999 196.0 0
  85.291557 200.0 0
  85.484642 180.0 0
  85.62854 180.0 0
  85.83345 148.0 0
  85.947357 172.0 0
  86.25070199999999 216.0 0
  86.35971099999999 188.0 0
  87.099594 188.0 0
  87.263527 204.0 0
  87.313873 168.0 0
  87.62252 140.0 0
  87.730537 100.0 0
  88.42330199999999 775.0 1
  88.579117 224.0 0
  88.67667399999999 216.0 0
  88.73679399999999 124.0 0
  88.806885 164.0 0
  88.94376399999999 256.0 0
  89.45712999999999 220.0 0
  89.81369799999999 168.0 0
  89.877151 188.0 0
  89.886208 176.0 0
  89.96475199999999 92.0 0
  90.53978 176.0 0
  90.81039399999999 80.0 0
  90.90555599999999 172.0 0
  90.98303999999999 384.0 0
  91.05416899999999 944.0 1
  91.067307 180.0 0
  91.09325399999999 160.0 0
  91.23307 56.0 0
  91.544022 84.0 0
  91.595345 296.0 0
  91.740906 100.0 0
  91.755859 140.0 0
  91.88529199999999 144.0 0
  92.15824099999999 80.0 0
  92.98417699999999 192.0 0
  93.010628 220.0 0
  93.411125 296.0 0
  93.48185 196.0 0
  94.00447799999999 216.0 0
  94.168312 44.0 0
  94.196541 212.0 0
  94.238159 148.0 0
  94.284821 152.0 0
  94.57314299999999 208.0 0
  94.878159 192.0 0
  95.128311 80.0 0
  95.18242599999999 248.0 0
  95.25495099999999 156.0 0
  95.33049799999999 32.0 0
  95.38703199999999 144.0 0
  95.59878499999999 140.0 0
  95.604202 96.0 0
  95.679543 164.0 0
  95.69472499999999 72.0 0
  95.715599 268.0 0
  95.758209 128.0 0
  96.44107799999999 160.0 0
  96.851547 172.0 0
  96.869019 208.0 0
  96.912415 148.0 0
  96.93190799999999 172.0 0
  97.09305599999999 124.0 0
  97.140366 132.0 0
  97.16937999999999 184.0 0
  97.229126 136.0 0
  97.335495 212.0 0
  97.34262799999999 248.0 0
  97.41583999999999 168.0 0
  97.624527 188.0 0
  97.716263 72.0 0
  97.72963 144.0 0
  97.82753799999999 132.0 0
  97.859337 184.0 0
  97.866524 172.0 0
  97.936989 168.0 0
  97.93745399999999 192.0 0
  97.968025 48.0 0
  98.07127399999999 172.0 0
  98.07204399999999 148.0 0
  98.14461499999999 204.0 0
  98.32206699999999 132.0 0
  98.361206 140.0 0
  98.47316 188.0 0
  98.53469799999999 168.0 0
  98.77744299999999 60.0 0
  99.03241 148.0 0
  99.073135 224.0 0
  99.363129 120.0 0
  99.628204 200.0 0
  99.734276 176.0 0
  99.76995799999999 124.0 0
  100.01050599999999 108.0 0
  100.05470299999999 140.0 0
  100.077057 144.0 0
  100.447403 15.016 0
  100.47872199999999 136.0 0
  100.60453799999999 80.0 0
  101.07970399999999 1500.0 1
  101.18499 160.0 0
  101.254646 64.0 0
  101.68285399999999 192.0 0
  101.86153399999999 176.0 0
  102.04178599999999 56.0 0
  102.15778399999999 180.0 0
  102.424599 100.0 0
  102.581932 40.0 0
  102.679153 188.0 0
  103.05188799999999 184.0 0
  103.054344 184.0 0
  103.055717 772.0 1
  103.056648 160.0 0
  103.29332 52.0 0
  103.412582 180.0 0
  103.646706 48.0 0
  103.907158 192.0 0
  104.14357 188.0 0
  104.1819 40.0 0
  104.35848999999999 180.0 0
  104.39138 160.0 0
  104.781944 188.0 0
  104.88269799999999 184.0 0
  104.88458999999999 148.0 0
  104.976608 204.0 0
  105.013466 144.0 0
  105.339569 188.0 0
  105.393784 236.0 0
  105.629936 132.0 0
  105.673508 132.0 0
  105.75671399999999 56.0 0
  105.838257 120.0 0
  105.930229 188.0 0
  106.038643 172.0 0
  106.04337299999999 152.0 0
  106.07486 240.0 0
  106.22822599999999 176.0 0
  106.30214699999999 132.0 0
  106.334091 224.0 0
  106.36084 176.0 0
  106.558815 116.0 0
  106.625328 136.0 0
  106.99376699999999 180.0 0
  107.049049 372.0 0
  107.100037 124.0 0
  107.483521 236.0 0
  107.74029499999999 196.0 0
  107.74983999999999 100.0 0
  108.04155 232.0 0
  108.04948399999999 172.0 0
  108.081047 772.0 1
  108.228127 4.504573 0
  108.232452 116.0 0
  108.24031799999999 140.0 0
  108.305717 192.0 0
  108.357872 224.0 0
  108.491547 176.0 0
  108.63587199999999 176.0 0
  109.119187 224.0 0
  109.168663 124.0 0
  109.246613 132.0 0
  109.28971899999999 64.0 0
  109.292351 192.0 0
  109.38400299999999 124.0 0
  109.42553699999999 212.0 0
  109.646835 76.0 0
  109.68815599999999 144.0 0
  109.91667899999999 128.0 0
  109.991417 152.0 0
  110.032372 220.0 0
  110.30071299999999 136.0 0
  110.356163 52.0 0
  110.839012 136.0 0
  110.92571299999999 416.0 0
  111.093758 220.0 0
  111.24227099999999 112.0 0
  111.64561499999999 180.0 0
  111.74593399999999 40.0 0
  112.014839 168.0 0
  112.05377999999999 152.0 0
  112.15895099999999 184.0 0
  112.308922 132.0 0
  112.41553499999999 164.0 0
  112.452637 5.120098 0
  112.49320999999999 168.0 0
  112.648674 172.0 0
  112.748245 156.0 0
  112.748543 140.0 0
  112.78523999999999 160.0 0
  112.835381 164.0 0
  112.87540399999999 136.0 0
  112.91360499999999 144.0 0
  112.942078 144.0 0
  112.98281899999999 176.0 0
  113.09712999999999 60.0 0
  113.257256 21.592091 0
  113.357773 144.0 0
  113.50473799999999 156.0 0
  114.01606799999999 56.0 0
  114.045334 332.0 0
  114.254593 176.0 0
  114.676338 136.0 0
  114.709969 260.0 0
  114.757858 192.0 0
  114.934822 128.0 0
  115.017151 108.0 0
  115.126328 164.0 0
  115.28437799999999 112.0 0
  115.314781 47.489861 0
  115.483223 100.0 0
  115.514732 144.0 0
  115.53167699999999 68.0 0
  115.663719 116.0 0
  115.93579899999999 292.0 0
  116.35767399999999 296.0 0
  116.500862 156.0 0
  116.51664699999999 200.0 0
  116.73245999999999 104.0 0
  116.749939 212.0 0
  117.031059 152.0 0
  117.163406 284.0 0
  117.42031899999999 144.0 0
  117.47106199999999 312.0 0
  117.48164399999999 148.0 0
  117.63572699999999 4.935096 0
  117.81295 104.0 0
  117.93347899999999 260.0 0
  117.955063 112.0 0
  118.1604 112.0 0
  118.290421 68.0 0
  118.299385 84.0 0
  118.304817 172.0 0
  118.38523099999999 244.0 0
  118.39244099999999 156.0 0
  118.52263599999999 4.695513 0
  118.57281499999999 176.0 0
  118.755096 172.0 0
  118.804054 68.0 0
  118.821373 156.0 0
  118.92098999999999 156.0 0
  119.06996199999999 176.0 0
  119.540123 104.0 0
  119.607788 232.0 0
  119.61421999999999 148.0 0
  119.746887 152.0 0
  119.79819499999999 64.0 0
  119.87026999999999 100.0 0
  120.055191 428.0 0
  120.056793 180.0 0
  120.223824 168.0 0
  120.43023699999999 204.0 0
  120.44223799999999 264.0 0
  120.506355 324.0 0
  120.668228 84.0 0
  120.787971 116.0 0
  120.79628 132.0 0
  121.105972 152.0 0
  121.115242 228.0 0
  121.303658 84.0 0
  121.33050499999999 4.053571 0
  121.389862 212.0 0
  121.50632499999999 168.0 0
  121.541275 112.0 0
  121.56056199999999 9.889079 0
  121.593521 156.0 0
  121.613686 108.0 0
  121.89194499999999 124.0 0
  122.282799 124.0 0
  122.332245 212.0 0
  122.465424 52.0 0
  122.505371 168.0 0
  122.532074 168.0 0
  122.708755 236.0 0
  122.740067 76.0 0
  122.89306599999999 224.0 0
  122.971176 228.0 0
  123.069267 136.0 0
  123.18835399999999 19.654909 0
  123.33288599999999 52.0 0
  123.649529 160.0 0
  123.66935699999999 152.0 0
  123.74256899999999 220.0 0
  123.934601 196.0 0
  123.98223899999999 156.0 0
  124.00267799999999 204.0 0
  124.10954299999999 236.0 0
  124.12232999999999 112.0 0
  124.21812399999999 132.0 0
  124.33462499999999 84.0 0
  124.489182 156.0 0
  124.542313 172.0 0
  124.605133 176.0 0
  124.94588499999999 160.0 0
  125.055611 160.0 0
  125.363243 176.0 0
  125.373421 152.0 0
  125.69863099999999 256.0 0
  125.930855 108.0 0
  126.03403499999999 72.0 0
  126.27204099999999 184.0 0
  126.283722 260.0 0
  126.328392 36.0 0
  126.335915 228.0 0
  126.382683 40.0 0
  126.39774299999999 192.0 0
  126.46466799999999 160.0 0
  126.52712199999999 156.0 0
  126.541016 180.0 0
  126.59770999999999 56.0 0
  126.79869799999999 148.0 0
  126.862518 108.0 0
  127.03446199999999 120.0 0
  127.056473 168.0 0
  127.155891 96.0 0
  128.001648 156.0 0
  128.09935000000002 188.0 0
  128.156967 112.0 0
  128.172195 164.0 0
  128.222198 148.0 0
  128.308441 268.0 0
  128.549438 192.0 0
  128.620621 64.0 0
  128.900513 180.0 0
  129.056168 432.0 0
  129.069412 1036.0 1
  129.30098 116.0 0
  129.348465 148.0 0
  129.47854600000002 152.0 0
  129.763687 144.0 0
  129.83886700000002 148.0 0
  130.032455 200.0 0
  130.129074 176.0 0
  130.16583300000002 320.0 0
  130.968887 60.0 0
  131.04873700000002 172.0 0
  131.21254000000002 64.0 0
  131.623779 160.0 0
  131.665771 196.0 0
  131.79324300000002 140.0 0
  132.015457 184.0 0
  132.087646 12831.0 10
  132.29049700000002 284.0 0
  132.396103 172.0 0
  132.456909 156.0 0
  132.766312 44.0 0
  132.786789 208.0 0
  132.98793 152.0 0
  133.02610800000002 160.0 0
  133.083832 3396.0 3
  133.216797 160.0 0
  133.345673 60.0 0
  133.46864300000001 176.0 0
  133.587906 48.0 0
  133.779007 108.0 0
  133.798492 104.0 0
  134.034683 192.0 0
  134.086578 196.0 0
  134.126846 140.0 0
  134.24018900000002 140.0 0
  134.862335 212.0 0
  134.883286 172.0 0
  135.07939100000002 180.0 0
  135.228607 196.0 0
  135.60318 144.0 0
  135.693924 236.0 0
  135.858582 168.0 0
  135.870361 180.0 0
  135.936905 224.0 0
  136.077591 140.0 0
  136.103836 120.0 0
  136.117126 72.0 0
  136.23056 112.0 0
  137.008591 184.0 0
  137.01310700000002 248.0 0
  137.057846 1312.0 1
  137.358002 216.0 0
  137.837601 68.0 0
  137.973953 128.0 0
  138.023911 168.0 0
  138.064728 204.0 0
  138.276947 252.0 0
  138.34947200000002 204.0 0
  138.433487 152.0 0
  138.479553 168.0 0
  138.513214 56.0 0
  138.531815 56.0 0
  139.057312 184.0 0
  139.089661 212.0 0
  139.137527 180.0 0
  139.157135 272.0 0
  139.199509 224.0 0
  139.29499800000002 148.0 0
  139.35083 80.0 0
  139.400116 168.0 0
  139.474976 88.0 0
  139.73249800000002 180.0 0
  140.048874 276.0 0
  140.067032 88.0 0
  140.313049 172.0 0
  140.361099 184.0 0
  140.459045 120.0 0
  140.48306300000002 140.0 0
  140.562866 68.0 0
  140.59719800000002 148.0 0
  140.60827600000002 240.0 0
  140.706909 144.0 0
  140.713806 212.0 0
  140.78813200000002 144.0 0
  141.03154 168.0 0
  141.439026 352.0 0
  141.55070500000002 188.0 0
  141.729187 176.0 0
  141.781082 164.0 0
  141.807632 180.0 0
  141.848373 48.0 0
  142.119888 112.0 0
  142.568985 128.0 0
  143.211502 180.0 0
  143.231918 184.0 0
  143.234711 168.0 0
  143.30735800000002 128.0 0
  143.37115500000002 168.0 0
  143.457108 72.0 0
  143.465256 188.0 0
  143.77919 120.0 0
  144.030426 128.0 0
  144.08067300000002 1852.0 1
  144.12681600000002 168.0 0
  144.189469 248.0 0
  144.70202600000002 164.0 0
  144.763763 152.0 0
  144.95910600000002 100.0 0
  145.004471 120.0 0
  145.26628100000002 172.0 0
  145.48558 160.0 0
  145.81958 128.0 0
  146.08779900000002 112.0 0
  146.102707 336.0 0
  146.581772 140.0 0
  146.683701 148.0 0
  146.735657 192.0 0
  147.031982 144.0 0
  147.045624 208.0 0
  147.05719000000002 176.0 0
  147.170624 184.0 0
  147.239471 68.0 0
  147.352203 32.0 0
  147.39944500000001 124.0 0
  147.81599400000002 120.0 0
  147.905518 136.0 0
  148.045929 172.0 0
  148.22171 176.0 0
  148.39372300000002 136.0 0
  148.50824 124.0 0
  148.586151 64.0 0
  148.58934000000002 140.0 0
  148.754547 140.0 0
  148.789688 168.0 0
  148.885605 68.0 0
  148.984634 212.0 0
  149.025375 140.0 0
  149.04599000000002 100.0 0
  149.482147 116.0 0
  149.54916400000002 188.0 0
  149.664062 208.0 0
  149.772491 220.0 0
  149.864105 184.0 0
  149.974701 96.0 0
  149.981705 204.0 0
  150.00441 152.0 0
  150.026733 160.0 0
  150.23606900000001 196.0 0
  150.326675 136.0 0
  150.50607300000001 164.0 0
  150.54487600000002 56.0 0
  151.130112 40.0 0
  151.27710000000002 136.0 0
  151.365372 236.0 0
  151.488617 160.0 0
  151.653534 140.0 0
  151.672806 280.0 0
  151.80465700000002 316.0 0
  151.84433 148.0 0
  151.98249800000002 192.0 0
  152.31279 96.0 0
  152.533249 120.0 0
  152.582855 152.0 0
  152.826447 184.0 0
  152.854813 60.0 0
  153.010635 172.0 0
  153.265915 180.0 0
  153.522736 80.0 0
  153.916061 116.0 0
  153.969559 160.0 0
  153.981827 164.0 0
  154.03157000000002 104.0 0
  154.06594800000002 44.0 0
  154.23817400000001 2.381944 0
  154.497406 112.0 0
  154.541168 112.0 0
  154.59317000000001 144.0 0
  154.63531500000002 80.0 0
  155.18924 200.0 0
  155.348724 148.0 0
  155.45636000000002 108.0 0
  155.671997 116.0 0
  155.813232 128.0 0
  156.100861 176.0 0
  156.236313 168.0 0
  156.394516 192.0 0
  156.454178 164.0 0
  156.743774 172.0 0
  156.75997900000002 104.0 0
  156.86499 136.0 0
  156.88183600000002 60.0 0
  157.068039 136.0 0
  157.14355500000002 140.0 0
  158.073883 284.0 0
  158.093063 19096.0 15
  158.106705 148.0 0
  158.709167 152.0 0
  158.878738 164.0 0
  159.043732 30208.279297 24
  159.17652900000002 196.0 0
  159.232956 228.0 0
  159.255951 88.0 0
  159.339493 120.0 0
  159.918381 144.0 0
  160.06367500000002 216.0 0
  160.08654800000002 108.0 0
  160.18866 6.00119 0
  160.30972300000002 116.0 0
  160.31195100000002 6.680059 0
  160.400742 108.0 0
  160.452316 160.0 0
  160.614517 144.0 0
  160.636871 92.0 0
  160.846222 160.0 0
  160.896271 156.0 0
  160.922455 84.0 0
  160.952591 168.0 0
  161.03566 208.0 0
  161.04444900000001 152.0 0
  161.050003 164.0 0
  161.059433 664.0 1
  161.09492500000002 1256930.0 999
  161.428528 60.0 0
  161.463715 88.0 0
  162.036575 188.0 0
  162.125214 1520.0 1
  162.13291900000002 172.0 0
  162.618912 144.0 0
  163.131989 8.418064 0
  163.341293 304.0 0
  163.368973 28.0 0
  163.625336 152.0 0
  163.63652000000002 188.0 0
  163.70936600000002 44.0 0
  163.881088 116.0 0
  164.105301 92.0 0
  164.476135 272.0 0
  164.529266 132.0 0
  164.613022 120.0 0
  164.660583 108.0 0
  164.87184100000002 152.0 0
  164.99061600000002 156.0 0
  164.99447600000002 44.0 0
  165.043015 160.0 0
  165.055954 1712.0 1
  165.497971 260.0 0
  165.649338 144.0 0
  165.845337 116.0 0
  166.139252 80.0 0
  166.15068100000002 160.0 0
  166.435684 144.0 0
  166.703339 168.0 0
  167.252899 144.0 0
  167.468628 48.0 0
  167.625931 80.0 0
  167.910461 18.53064 0
  167.94992100000002 44.0 0
  167.988098 488.0 0
  167.993134 128.0 0
  168.065811 184.0 0
  168.076584 144.0 0
  168.247818 208.0 0
  168.291794 64.0 0
  169.62660200000002 204.0 0
  169.88050800000002 192.0 0
  170.995712 68.0 0
  171.09033200000002 136.0 0
  171.280914 140.0 0
  171.28418000000002 76.0 0
  171.51438900000002 152.0 0
  172.069748 216.0 0
  172.195343 120.0 0
  172.412811 196.0 0
  172.84492500000002 192.0 0
  173.059143 272.0 0
  173.55513000000002 108.0 0
  173.64149500000002 144.0 0
  173.756866 176.0 0
  173.846954 128.0 0
  173.928894 184.0 0
  174.19596900000002 120.0 0
  174.262405 52.0 0
  174.51924100000002 112.0 0
  174.88038600000002 148.0 0
  174.97065700000002 96.0 0
  174.98190300000002 152.0 0
  174.99205 156.0 0
  175.11183200000002 956.0 1
  175.34848 220.0 0
  175.492004 128.0 0
  175.714584 184.0 0
  175.748581 88.0 0
  176.025864 124.0 0
  176.346542 188.0 0
  176.752136 116.0 0
  176.90536500000002 188.0 0
  176.990067 152.0 0
  177.204376 200.0 0
  177.457855 168.0 0
  177.556992 7.280303 0
  177.598694 40.0 0
  177.771637 140.0 0
  177.78195200000002 196.0 0
  177.841934 156.0 0
  178.02191200000001 12436.0 10
  178.342941 152.0 0
  178.57251000000002 124.0 0
  178.933899 176.0 0
  179.06187400000002 156.0 0
  179.398376 48.0 0
  179.43573 260.0 0
  179.511185 96.0 0
  180.196198 96.0 0
  180.233948 52.0 0
  180.309906 152.0 0
  180.370956 188.0 0
  180.688232 32.0 0
  180.759995 144.0 0
  180.973633 168.0 0
  181.029083 264.0 0
  181.327469 196.0 0
  181.382477 148.0 0
  181.78334 36.0 0
  181.891464 232.0 0
  181.948303 120.0 0
  182.024261 128.0 0
  182.046448 192.0 0
  182.09465 144.0 0
  182.289917 13.04741 0
  182.415863 124.0 0
  182.417191 176.0 0
  182.708389 204.0 0
  182.791931 168.0 0
  183.03680400000002 112.0 0
  183.05444300000002 440.0 0
  183.232895 152.0 0
  183.500031 176.0 0
  183.632248 112.0 0
  183.80564900000002 44.0 0
  183.830048 76.0 0
  184.026321 312.0 0
  184.212646 88.0 0
  184.293961 172.0 0
  184.364105 168.0 0
  184.40107700000002 124.0 0
  184.78907800000002 160.0 0
  184.82359300000002 84.0 0
  185.203842 184.0 0
  185.31958 172.0 0
  185.90725700000002 156.0 0
  186.040634 148.0 0
  186.090652 3200.0 3
  186.10434 376.0 0
  186.1064 168.0 0
  186.29834 64.0 0
  186.299225 56.0 0
  186.414093 132.0 0
  186.613876 52.0 0
  187.294296 220.0 0
  187.348801 84.0 0
  187.88118 188.0 0
  187.96492 136.0 0
  188.009491 204.0 0
  188.171051 176.0 0
  188.223434 212.0 0
  188.53717 180.0 0
  189.085831 144.0 0
  189.26142900000002 128.0 0
  189.43103000000002 180.0 0
  189.445038 108.0 0
  189.804001 172.0 0
  190.06633000000002 208.0 0
  190.13424700000002 144.0 0
  190.151642 52.0 0
  190.21402 56.0 0
  190.947037 192.0 0
  191.06204200000002 172.0 0
  191.124817 176.0 0
  191.29637100000002 48.0 0
  191.47894300000002 196.0 0
  191.757751 192.0 0
  191.778961 220.0 0
  191.889496 144.0 0
  191.98460400000002 104.0 0
  192.466248 180.0 0
  192.47992000000002 384.0 0
  192.82440200000002 36.0 0
  193.045792 144.0 0
  193.109741 216.0 0
  193.675247 88.0 0
  194.000031 116.0 0
  194.76748700000002 164.0 0
  194.861557 120.0 0
  194.884293 224.0 0
  195.037888 84.0 0
  195.441696 54.979809 0
  195.648392 180.0 0
  196.033737 7964.0 6
  196.978149 36.0 0
  197.020096 180.0 0
  197.035278 140.0 0
  197.096542 168.0 0
  197.14080800000002 164.0 0
  197.24594100000002 128.0 0
  197.321289 208.0 0
  197.444061 160.0 0
  197.65927100000002 384.0 0
  197.86436500000002 188.0 0
  198.05981400000002 204.0 0
  198.303192 148.0 0
  198.334045 32.0 0
  198.41888400000002 112.0 0
  198.438736 108.0 0
  198.763092 96.0 0
  198.921951 100.0 0
  199.008072 55.748718 0
  199.099411 284.0 0
  199.29837 132.0 0
  199.41317700000002 388.0 0
  199.87973 128.0 0
  199.913971 160.0 0
  200.03241 556.0 0
  200.274933 88.0 0
  200.53504900000001 60.0 0
  200.72288500000002 204.0 0
  200.760376 168.0 0
  200.831589 108.0 0
  201.062363 96.0 0
  201.227753 52.0 0
  201.381119 168.0 0
  201.518936 96.0 0
  201.531509 112.0 0
  201.727631 104.0 0
  202.105728 1612.0 1
  202.127274 328.0 0
  202.342957 208.0 0
  202.98782300000002 160.0 0
  203.084869 17000.0 14
  203.35728500000002 192.0 0
  203.495605 76.0 0
  203.710938 128.0 0
  204.146423 1660.0 1
  204.183334 192.0 0
  204.197891 160.0 0
  204.441498 140.0 0
  204.454376 120.0 0
  204.58609 196.0 0
  204.76504500000001 228.0 0
  204.90785200000002 184.0 0
  204.97026100000002 144.0 0
  205.045486 304.0 0
  205.062637 156.0 0
  205.07380700000002 192.0 0
  205.142975 128522.0 102
  205.18318200000002 80.0 0
  205.18446400000002 80.0 0
  205.657928 116.0 0
  206.153763 172.0 0
  206.457245 68.0 0
  206.555923 112.0 0
  206.80801400000001 120.0 0
  207.11230500000002 164.0 0
  207.290588 76.0 0
  207.616852 132.0 0
  207.793518 108.0 0
  207.828033 32.025421 0
  208.30912800000002 168.0 0
  208.440765 80.0 0
  208.55667100000002 204.0 0
  209.059921 1012.0 1
  209.073013 572.0 0
  209.07470700000002 224.0 0
  209.08346600000002 176.0 0
  209.192551 56.0 0
  209.208572 188.0 0
  209.236389 180.0 0
  210.005264 184.0 0
  210.12027 1992.0 2
  210.147858 88.0 0
  210.31012 148.0 0
  210.320511 68.0 0
  210.35908500000002 132.0 0
  210.385818 44.0 0
  210.529755 140.0 0
  210.60046400000002 140.0 0
  210.636978 176.0 0
  210.693375 128.0 0
  210.94194000000002 104.0 0
  211.052505 3144.0 2
  211.058533 152.0 0
  211.17669700000002 76.0 0
  211.385376 160.0 0
  211.86702 200.0 0
  212.134232 264.0 0
  212.486038 152.0 0
  212.66922 80.0 0
  213.33711200000002 96.0 0
  213.60763500000002 212.0 0
  213.953629 128.0 0
  214.017197 212.0 0
  214.427322 44.0 0
  214.61438 148.0 0
  214.76263400000002 168.0 0
  214.968842 8.338235 0
  215.07251000000002 164.0 0
  216.06723 160.0 0
  216.633926 152.0 0
  216.873291 156.0 0
  217.199371 184.0 0
  217.995911 176.0 0
  218.02731300000002 496.0 0
  218.091507 160.0 0
  218.312927 84.0 0
  218.33290100000002 244.0 0
  218.62347400000002 260.0 0
  218.681946 156.0 0
  218.81393400000002 140.0 0
  218.89006 160.0 0
  219.296402 104.0 0
  220.28469900000002 160.0 0
  220.336014 176.0 0
  220.34338400000001 176.0 0
  220.922302 124.0 0
  221.16923500000001 88.0 0
  221.54165600000002 120.0 0
  221.748505 104.0 0
  222.530334 44.0 0
  223.365173 132.0 0
  224.007584 140.0 0
  224.026703 276.0 0
  224.148468 500.0 0
  224.40721100000002 132.0 0
  224.85058600000002 152.0 0
  225.11149600000002 348.0 0
  225.176407 44.0 0
  225.865753 92.0 0
  225.866486 164.0 0
  226.06225600000002 284.0 0
  226.116806 164.0 0
  226.464966 7.714285 0
  227.034882 320.0 0
  227.99516300000002 11.76961 0
  228.181396 1212.0 1
  228.54383900000002 160.0 0
  228.727127 220.0 0
  228.735046 184.0 0
  229.104782 324.0 0
  229.122131 2372.0 2
  229.172821 180.0 0
  229.30529800000002 48.0 0
  229.378723 180.0 0
  230.159378 22.38693 0
  230.482361 116.0 0
  231.02383400000002 96.0 0
  231.039825 292.0 0
  231.316452 144.0 0
  231.512497 100.0 0
  231.680161 41.715134 0
  231.97641000000002 136.0 0
  232.33590700000002 224.0 0
  233.107788 164.0 0
  233.19712800000002 160.0 0
  233.65707400000002 29.228439 0
  233.769302 348.0 0
  235.05865500000002 144.0 0
  236.968842 176.0 0
  237.16102600000002 156.0 0
  237.396469 116.0 0
  237.493713 48.0 0
  238.085037 72.0 0
  238.631958 128.0 0
  239.58380100000002 180.0 0
  239.72070300000001 76.0 0
  240.04007000000001 196.0 0
  240.105737 208.0 0
  240.56929 108.0 0
  240.870758 92.0 0
  240.92399600000002 100.0 0
  241.06315600000002 196.0 0
  241.333099 104.0 0
  241.94094800000002 160.0 0
  242.03559900000002 156.0 0
  242.100449 3260.0 3
  242.262955 100.0 0
  242.99353000000002 92.0 0
  243.001923 596.0 0
  243.02034 220.0 0
  243.151978 184.0 0
  243.349808 48.0 0
  243.689301 64.0 0
  244.191605 48.0 0
  244.425735 72.0 0
  244.50344800000002 188.0 0
  245.004898 180.0 0
  245.128677 21734.140625 17
  245.190399 64.0 0
  245.289566 256.0 0
  245.885239 148.0 0
  246.048492 160.0 0
  246.183624 2.541667 0
  246.210938 88.0 0
  246.559494 68.0 0
  246.975342 112.0 0
  247.19072 40.0 0
  247.1978 52.0 0
  248.219177 172.0 0
  248.637741 11.02976 0
  248.826782 180.0 0
  249.07904100000002 180.0 0
  249.317612 180.0 0
  249.56367500000002 124.0 0
  250.095673 152.0 0
  250.311172 96.0 0
  250.38420100000002 220.0 0
  250.93124400000002 36.0 0
  250.932159 104.0 0
  251.41798400000002 40.0 0
  251.967804 148.0 0
  252.33256500000002 80.0 0
  252.63076800000002 224.0 0
  252.93858300000002 128.0 0
  252.98696900000002 176.0 0
  253.21431 168.0 0
  253.980804 132.0 0
  254.285614 92.0 0
  254.876572 60.0 0
  255.17089800000002 592.0 0
  255.478821 132.0 0
  256.09613 192.0 0
  256.458038 192.0 0
  256.524963 148.0 0
  257.31152299999997 192.0 0
  257.91436799999997 52.0 0
  258.111359 288.0 0
  258.235504 48.0 0
  259.597961 184.0 0
  259.927979 72.0 0
  260.04650899999996 68.0 0
  260.51361099999997 200.0 0
  261.04528799999997 160.0 0
  261.133331 116.0 0
  261.22216799999995 248.0 0
  262.290375 100.0 0
  262.325195 312.0 0
  263.670349 216.0 0
  264.04135099999996 32.0 0
  264.51724199999995 124.0 0
  265.11862199999996 732.0 1
  265.149658 132.0 0
  265.520874 124.0 0
  265.79840099999996 92.0 0
  266.13268999999997 1.205 0
  266.4104 56.0 0
  268.956573 272.0 0
  268.97714199999996 56.0 0
  269.51867699999997 19.75 0
  270.920013 88.0 0
  271.395966 208.0 0
  271.59082 164.0 0
  272.09399399999995 540.0 0
  272.53277599999996 88.0 0
  273.10986299999996 2980.0 2
  273.32861299999996 376.0 0
  273.79184 116.0 0
  273.971436 108.0 0
  274.018494 88.0 0
  274.11483799999996 172.0 0
  274.43045 128.0 0
  274.857147 80.0 0
  275.151031 116.0 0
  276.14755199999996 188.0 0
  276.608429 88.0 0
  277.05215499999997 252.0 0
  277.125427 192.0 0
  277.362305 128.0 0
  277.877014 116.0 0
  277.87927199999996 124.0 0
  278.832581 172.0 0
  279.239563 228.0 0
  279.334656 168.0 0
  279.68585199999995 68.0 0
  279.95849599999997 128.0 0
  280.58993499999997 172.0 0
  280.66198699999995 168.0 0
  280.71639999999996 152.0 0
  280.74499499999996 40.0 0
  281.21227999999996 60.0 0
  282.108093 184.0 0
  282.11145 144.0 0
  282.153748 112.0 0
  282.218597 160.0 0
  282.78112799999997 48.0 0
  283.168396 1552.0 1
  283.169128 744.0 1
  283.46209699999997 112.0 0
  283.735779 44.0 0
  284.37854 36.0 0
  284.409363 100.0 0
  284.834778 296.0 0
  285.43893399999996 120.0 0
  285.66333 128.0 0
  286.058197 240.0 0
  286.239807 64.0 0
  286.301697 204.0 0
  286.32586699999996 180.0 0
  286.329956 64.0 0
  287.077179 16.65642 0
  287.192688 116.0 0
  287.26052899999996 104.0 0
  287.34317 60.0 0
  287.540955 48.0 0
  288.363922 100.0 0
  288.793701 80.0 0
  289.063354 120.0 0
  289.475098 80.0 0
  289.821777 128.0 0
  290.130402 568.0 0
  291.043182 42.555439 0
  292.285583 92.0 0
  292.46304299999997 60.0 0
  292.586548 216.0 0
  292.721588 124.0 0
  293.35223399999995 216.0 0
  293.361298 116.0 0
  293.909882 176.0 0
  294.177063 176.0 0
  294.424896 48.0 0
  295.838684 64.0 0
  296.595673 120.0 0
  297.32705699999997 7.668478 0
  297.812622 176.0 0
  298.10522499999996 156.0 0
  299.429535 156.0 0
  299.731232 260.0 0
  300.56091299999997 88.0 0
  300.820068 28.0 0
  301.168121 808.0 1
  301.22946199999996 236.0 0
  301.336151 84.0 0
  301.494019 144.0 0
  301.791229 292.0 0
  302.12341299999997 3121.849365 2
  302.38446 72.0 0
  304.36911 176.0 0
  305.00228899999996 164.0 0
  305.151703 264.0 0
  305.984558 112.0 0
  306.616852 88.0 0
  306.77203399999996 200.0 0
  306.87033099999996 140.0 0
  307.09680199999997 324.0 0
  308.029205 116.0 0
  308.251648 44.0 0
  309.582764 152.0 0
  309.669312 64.0 0
  310.69162 84.0 0
  311.121582 144.0 0
  311.27374299999997 72.0 0
  311.915894 48.0 0
  312.888763 104.0 0
  313.196381 376.0 0
  315.220917 192.0 0
  316.40261799999996 96.0 0
  317.03070099999997 152.0 0
  317.423248 120.0 0
  318.047058 476.0 0
  318.409637 100.0 0
  318.46923799999996 144.0 0
  318.961456 60.0 0
  319.11999499999996 74460.0 59
  319.232483 148.0 0
  320.12393199999997 220.0 0
  321.03891 52.0 0
  321.04153399999996 84.0 0
  321.38107299999996 88.0 0
  321.452637 228.0 0
  321.737823 104.0 0
  322.021301 108.0 0
  322.787781 156.0 0
  325.468323 200.0 0
  325.77004999999997 172.0 0
  326.484406 152.0 0
  326.865082 10.73389 0
  326.935974 224.0 0
  327.17334 220.0 0
  327.963165 88.0 0
  328.782013 196.0 0
  328.86209099999996 28.0 0
  328.969025 13.15705 0
  329.21005199999996 340.0 0
  330.85272199999997 156.0 0
  331.18219 108.0 0
  331.976837 216.0 0
  332.686646 72.0 0
  333.37170399999997 156.0 0
  333.431061 76.0 0
  333.69888299999997 96.0 0
  334.174469 152.0 0
  334.74902299999997 220.0 0
  338.788574 208.0 0
  339.37789899999996 148.0 0
  339.692932 164.0 0
  340.03344699999997 136.0 0
  340.202209 68.0 0
  340.843781 144.0 0
  342.449524 252.0 0
  343.08633399999997 100.0 0
  344.562775 132.0 0
  344.99929799999995 148.0 0
  345.409698 188.0 0
  345.52667199999996 124.0 0
  345.93807999999996 132.0 0
  346.72543299999995 88.0 0
  347.160065 160.0 0
  347.778839 136.0 0
  349.02108799999996 228.0 0
  349.934753 96.0 0
  350.21896399999997 18.969761 0
  352.746063 106.319199 0
  352.89514199999996 37.541519 0
  353.800476 132.0 0
  355.54556299999996 96.0 0
  356.460602 104.0 0
  357.24697899999995 328.0 0
  357.924835 76.0 0
  357.989807 156.0 0
  358.103363 35944.0 29
  361.056824 152.0 0
  363.72412099999997 140.0 0
  364.365503 164.0 0
  365.81085199999995 72.0 0
  365.826447 68.0 0
  366.36279299999995 10.78255 0
  366.618774 60.0 0
  368.174713 172.0 0
  370.370697 360.0 0
  370.661591 64.0 0
  371.519135 52.0 0
  374.516266 48.0 0
  375.35729999999995 160.0 0
  377.137543 320.0 0
  378.543732 96.0 0
  379.120819 124.0 0
  379.255615 168.0 0
  379.988831 120.0 0
  381.01809699999995 160.0 0
  381.76129199999997 220.0 0
  381.76431299999996 52.0 0
  384.24060099999997 116.0 0
  388.134216 136.0 0
  388.905243 72.0 0
  389.245056 152.0 0
  389.30276499999997 48.0 0
  391.50115999999997 56.0 0
  394.151306 88.0 0
  396.875854 44.0 0
  397.43362399999995 108.0 0
  397.902222 240.0 0
  398.194794 60952.0 48
  400.524384 240.0 0
  403.379639 140.0 0
  403.80346699999996 140.0 0
  404.041199 136.0 0
  405.22164899999996 68.0 0
  405.78396599999996 216.0 0
  407.09967 180.0 0
  407.87075799999997 220.0 0
  408.75347899999997 172.0 0
  413.49904799999996 172.0 0
  414.10436999999996 184.0 0
  415.50195299999996 28.0 0
  415.568329 264.0 0
  417.66952499999996 48.0 0
  425.427979 136.0 0
  427.25399799999997 16.12002 0
  431.20799999999997 1.0 0
//
