ACCESSION: CCMSLIB00000086114
RECORD_TITLE: decoy
DATE: 2015.11.20
AUTHORS: Administrator
LICENSE: CC BY-SA
CH$NAME: decoy
CH$COMPOUND_CLASS: Natural Product
CH$FORMULA: C22H35NO4
CH$EXACT_MASS: 377.25660860000005
CH$SMILES: N/A
CH$IUPAC: decoy
CH$LINK: N/A
AC$INSTRUMENT: decoy
AC$INSTRUMENT_TYPE: decoy
AC$MASS_SPECTROMETRY: MS_TYPE MS2
AC$MASS_SPECTROMETRY: ION_MODE POSITIVE
AC$MASS_SPECTROMETRY: COLLISION_ENERGY 10 V
MS$FOCUSED_ION: PRECURSOR_M/Z 378
MS$FOCUSED_ION: PRECURSOR_TYPE [M+H]+
PK$NUM_PEAK: 2275
PK$PEAK: m/z int. rel.int.
  45.031757 276.0 3
  45.082935 72.0 1
  45.179882 152.0 2
  45.193447 164.0 2
  45.239323 112.0 1
  45.305599 204.0 2
  45.398678000000004 192.0 2
  45.713894 212.0 3
  45.757168 124.0 2
  45.807003 116.0 1
  45.848774 184.0 2
  45.862759000000004 224.0 3
  45.884987 192.0 2
  45.998943000000004 132.0 2
  45.999729 176.0 2
  46.036167 176.0 2
  46.25219 204.0 2
  46.265331 148.0 2
  46.299782 140.0 2
  46.327904000000004 112.0 1
  46.494106 148.0 2
  46.523754000000004 260.0 3
  46.570023 160.0 2
  46.713287 148.0 2
  46.819984 80.0 1
  47.187637 132.0 2
  47.266476000000004 172.0 2
  47.308975000000004 344.0 4
  47.362675 180.0 2
  47.827759 168.0 2
  48.054676 196.0 2
  48.281273 152.0 2
  48.347038000000005 168.0 2
  48.368118 164.0 2
  48.410675000000005 212.0 3
  48.433308000000004 200.0 2
  48.443836000000005 160.0 2
  48.50882 216.0 3
  48.5662 164.0 2
  48.63026 192.0 2
  48.691914000000004 136.0 2
  48.74955 384.0 5
  48.764729 120.0 1
  48.811749 232.0 3
  49.062332000000005 176.0 2
  49.072815 172.0 2
  49.187302 120.0 1
  49.201355 148.0 2
  49.258274 160.0 2
  49.300472 108.0 1
  49.347557 188.0 2
  49.348289 184.0 2
  49.361481000000005 140.0 2
  49.481136 144.0 2
  49.487137000000004 128.0 2
  49.551579000000004 104.0 1
  49.556435 104.0 1
  49.565659000000004 336.0 4
  49.608994 72.0 1
  49.616978 132.0 2
  49.685863000000005 208.0 3
  50.004608000000005 128.0 2
  50.128223 224.0 3
  50.136326000000004 232.0 3
  50.37315 120.0 1
  50.375591 144.0 2
  50.471298000000004 320.0 4
  50.599049 156.0 2
  50.647293000000005 140.0 2
  50.665142 224.0 3
  50.758297 172.0 2
  50.784618 128.0 2
  50.855408000000004 172.0 2
  51.054504 140.0 2
  51.457722000000004 148.0 2
  51.462521 156.0 2
  51.505608 132.0 2
  51.547131 180.0 2
  51.55814 212.0 3
  51.661503 144.0 2
  51.709389 104.0 1
  51.864502 104.0 1
  51.901222000000004 152.0 2
  51.99725 116.0 1
  52.177975 200.0 2
  52.269695 112.0 1
  52.33527 172.0 2
  52.737446 144.0 2
  52.748226 160.0 2
  53.205418 152.0 2
  53.512554 148.0 2
  53.571754 120.0 1
  53.588245 344.0 4
  53.60083 216.0 3
  53.611893 108.0 1
  53.644913 168.0 2
  53.653286 56.0 1
  53.787384 132.0 2
  54.010986 184.0 2
  54.045517000000004 124.0 2
  54.186821 164.0 2
  54.451035000000005 284.0 3
  54.488678 260.0 3
  54.524162000000004 128.0 2
  54.75338 224.0 3
  54.776211 180.0 2
  54.994865000000004 180.0 2
  55.099644000000005 124.0 2
  55.33654 164.0 2
  55.531975 128.0 2
  55.535355 232.0 3
  55.680347000000005 160.0 2
  55.863319000000004 188.0 2
  56.133343 104.0 1
  56.768169 64.0 1
  56.872005 164.0 2
  57.012058 180.0 2
  57.029579 152.0 2
  57.066498 196.0 2
  57.245613 184.0 2
  57.308193 148.0 2
  57.449966 204.0 2
  57.460938 68.0 1
  57.517487 148.0 2
  57.68359 140.0 2
  57.730911 188.0 2
  57.871235 172.0 2
  58.002701 320.0 4
  58.059082000000004 136.0 2
  58.069244000000005 76.0 1
  58.201088 124.0 2
  58.23547 204.0 2
  58.406895 188.0 2
  58.448433 164.0 2
  58.514778 48.0 1
  58.647293000000005 192.0 2
  58.672344 116.0 1
  58.776569 152.0 2
  58.969734 228.0 3
  59.096348 88.0 1
  59.317287 176.0 2
  59.48312 116.0 1
  59.544891 136.0 2
  59.822926 200.0 2
  59.838387000000004 172.0 2
  59.854794 120.0 1
  60.040863 48.0 1
  60.619465 200.0 2
  60.712555 196.0 2
  60.81604 192.0 2
  61.30267 164.0 2
  61.428219 168.0 2
  61.494133000000005 344.0 4
  61.568752 84.0 1
  61.584648 184.0 2
  61.737625 64.0 1
  61.778694 268.0 3
  61.963608 188.0 2
  61.971184 140.0 2
  61.99181 248.0 3
  62.023914000000005 160.0 2
  62.226658 392.0 5
  62.328384 216.0 3
  62.467587 208.0 3
  62.545876 32.0 0
  62.758575 140.0 2
  62.886768000000004 152.0 2
  62.925484000000004 132.0 2
  63.130909 148.0 2
  63.149624 156.0 2
  63.395725 160.0 2
  63.678650000000005 204.0 2
  63.745068 148.0 2
  64.20031 192.0 2
  64.579094 104.0 1
  64.59832 164.0 2
  64.699677 148.0 2
  64.904785 264.0 3
  65.187142 188.0 2
  65.193237 128.0 2
  65.38971699999999 220.0 3
  65.90013099999999 132.0 2
  66.00866699999999 152.0 2
  66.091354 132.0 2
  66.104607 112.0 1
  66.12941 136.0 2
  66.13115699999999 88.0 1
  66.22348799999999 120.0 1
  66.232338 204.0 2
  66.81818399999999 0.0 0
  66.82457 140.0 2
  67.033272 276.0 3
  67.059265 164.0 2
  67.283676 180.0 2
  67.28817699999999 176.0 2
  67.606201 164.0 2
  67.62198599999999 224.0 3
  67.62487 172.0 2
  67.69100999999999 200.0 2
  67.781921 124.0 2
  67.80315399999999 92.0 1
  67.836647 212.0 3
  67.939484 68.0 1
  68.068939 212.0 3
  68.31882499999999 148.0 2
  68.324013 144.0 2
  68.46076199999999 136.0 2
  68.661667 152.0 2
  68.70358999999999 132.0 2
  68.86666899999999 236.0 3
  68.90103099999999 124.0 2
  69.29259499999999 80.0 1
  69.35421799999999 128.0 2
  69.93899499999999 140.0 2
  69.953316 136.0 2
  69.966484 100.0 1
  69.987701 192.0 2
  70.111374 160.0 2
  70.17238599999999 148.0 2
  70.259186 108.0 1
  70.31019599999999 120.0 1
  70.472122 140.0 2
  70.52649699999999 168.0 2
  70.726654 164.0 2
  70.86097 184.0 2
  70.939056 152.0 2
  70.982918 156.0 2
  71.093285 224.0 3
  71.164215 156.0 2
  71.35333299999999 156.0 2
  71.585831 100.0 1
  71.65235899999999 104.0 1
  72.105148 168.0 2
  72.223366 108.0 1
  72.36224399999999 112.0 1
  72.49838299999999 172.0 2
  72.588432 140.0 2
  72.71823099999999 152.0 2
  72.882881 200.0 2
  73.119621 196.0 2
  73.155823 220.0 3
  73.22222099999999 148.0 2
  73.453972 284.0 3
  73.792412 220.0 3
  73.81057 180.0 2
  74.01179499999999 148.0 2
  74.03736099999999 56.0 1
  74.08695999999999 184.0 2
  74.244484 228.0 3
  74.306213 80.0 1
  74.33493 336.0 4
  74.474075 72.0 1
  74.838432 124.0 2
  74.86335799999999 160.0 2
  75.143204 112.0 1
  75.279716 112.0 1
  75.394241 196.0 2
  75.42732199999999 152.0 2
  75.452759 196.0 2
  75.50591999999999 204.0 2
  75.531944 180.0 2
  75.714981 192.0 2
  75.7164 252.0 3
  75.804176 116.0 1
  75.89589699999999 248.0 3
  76.223343 128.0 2
  76.33307599999999 200.0 2
  76.43366999999999 180.0 2
  76.69698299999999 232.0 3
  76.697426 200.0 2
  76.852516 232.0 3
  76.925896 152.0 2
  77.015823 176.0 2
  77.33294699999999 184.0 2
  77.44917299999999 128.0 2
  77.51935599999999 148.0 2
  77.53759 204.0 2
  77.622726 132.0 2
  78.188744 116.0 1
  78.540672 100.0 1
  78.616867 232.0 3
  78.864471 176.0 2
  78.86704999999999 140.0 2
  79.105042 128.0 2
  79.241928 140.0 2
  79.40368699999999 200.0 2
  79.519081 232.0 3
  79.58460199999999 244.0 3
  79.61466999999999 168.0 2
  80.075294 144.0 2
  80.30380199999999 164.0 2
  80.45751999999999 180.0 2
  80.56910699999999 148.0 2
  80.613625 244.0 3
  80.898224 132.0 2
  80.937325 148.0 2
  81.00557699999999 108.0 1
  81.208405 184.0 2
  81.23380999999999 188.0 2
  81.641678 204.0 2
  81.89166999999999 68.0 1
  82.08473199999999 120.0 1
  82.107979 136.0 2
  82.130287 340.0 4
  82.159813 112.0 1
  82.206627 140.0 2
  82.32858999999999 120.0 1
  82.48709099999999 188.0 2
  82.57878099999999 176.0 2
  82.65741 176.0 2
  82.792473 168.0 2
  82.8022 68.0 1
  82.802414 172.0 2
  82.891342 48.0 1
  82.90169499999999 140.0 2
  83.221817 160.0 2
  83.25340299999999 100.0 1
  83.265366 148.0 2
  83.398567 96.0 1
  83.450768 200.0 2
  83.493172 132.0 2
  83.536324 136.0 2
  83.554451 168.0 2
  83.622986 144.0 2
  83.785202 132.0 2
  83.79422 256.0 3
  84.04923199999999 144.0 2
  84.121849 168.0 2
  84.307442 164.0 2
  84.449722 224.0 3
  84.60926099999999 168.0 2
  84.615562 136.0 2
  84.767181 156.0 2
  84.76814999999999 168.0 2
  84.781021 44.0 1
  84.93055 356.0 4
  85.02580999999999 44.0 1
  85.03978 160.0 2
  85.047569 108.0 1
  85.15575399999999 128.0 2
  85.187218 104.0 1
  85.30761 260.0 3
  85.333626 272.0 3
  85.438148 156.0 2
  85.58833299999999 168.0 2
  85.69987499999999 168.0 2
  85.718491 164.0 2
  85.907349 192.0 2
  86.12863899999999 212.0 3
  86.13926699999999 204.0 2
  86.35363 168.0 2
  86.448906 156.0 2
  86.82972699999999 132.0 2
  87.05362699999999 176.0 2
  87.112473 156.0 2
  87.61215999999999 176.0 2
  87.630592 208.0 3
  87.690086 140.0 2
  87.82324999999999 160.0 2
  87.890846 152.0 2
  88.16927299999999 132.0 2
  88.529297 192.0 2
  88.65679899999999 156.0 2
  88.68532599999999 184.0 2
  88.81706199999999 312.0 4
  89.072594 168.0 2
  89.147026 288.0 4
  89.28679699999999 128.0 2
  89.42993899999999 240.0 3
  89.460533 144.0 2
  89.482468 64.0 1
  89.50087699999999 284.0 3
  89.550591 176.0 2
  89.75544 180.0 2
  89.803551 128.0 2
  89.879425 92.0 1
  89.962059 184.0 2
  90.03847499999999 208.0 3
  90.49778699999999 104.0 1
  90.52310899999999 128.0 2
  90.763229 168.0 2
  90.806511 196.0 2
  91.09473399999999 196.0 2
  91.306389 92.0 1
  91.312119 228.0 3
  91.39806399999999 176.0 2
  91.631996 224.0 3
  92.233437 100.0 1
  92.58528899999999 268.0 3
  92.674675 128.0 2
  92.86972 160.0 2
  93.04982799999999 188.0 2
  93.203972 148.0 2
  93.49601 160.0 2
  93.63015 180.0 2
  93.63583399999999 120.0 1
  93.686943 140.0 2
  94.26469399999999 128.0 2
  94.476227 224.0 3
  94.576866 92.0 1
  94.92040999999999 76.0 1
  95.102852 112.0 1
  95.123466 188.0 2
  95.231071 100.0 1
  95.39512599999999 52.0 1
  95.45650499999999 180.0 2
  95.485558 68.0 1
  95.637428 104.0 1
  95.809601 148.0 2
  95.86567699999999 212.0 3
  96.014641 168.0 2
  96.02243 160.0 2
  96.11372399999999 180.0 2
  96.13465099999999 196.0 2
  96.163872 204.0 2
  96.217186 148.0 2
  96.414093 156.0 2
  96.42914599999999 136.0 2
  96.488991 164.0 2
  96.556625 172.0 2
  96.589119 172.0 2
  96.70165999999999 152.0 2
  96.739876 140.0 2
  96.743355 188.0 2
  96.8004 44.0 1
  96.809006 164.0 2
  96.94238299999999 124.0 2
  97.13237 204.0 2
  97.135818 196.0 2
  97.233131 56.0 1
  97.28223399999999 216.0 3
  97.322975 100.0 1
  97.48125499999999 52.0 1
  97.513725 104.0 1
  97.65889 132.0 2
  97.67521699999999 132.0 2
  97.679817 168.0 2
  97.732185 128.0 2
  97.90889 140.0 2
  97.96047999999999 76.0 1
  97.981415 164.0 2
  98.27319299999999 168.0 2
  98.301941 128.0 2
  98.346497 152.0 2
  98.395744 156.0 2
  98.546432 184.0 2
  98.615738 208.0 3
  98.73881499999999 172.0 2
  98.892738 136.0 2
  98.948814 192.0 2
  98.99707 192.0 2
  99.02477999999999 76.0 1
  99.15366399999999 164.0 2
  99.304131 132.0 2
  99.609039 164.0 2
  99.68830899999999 148.0 2
  99.717766 88.0 1
  99.71846 144.0 2
  99.82029 404.0 5
  99.92871099999999 168.0 2
  100.12840299999999 156.0 2
  100.191605 184.0 2
  100.32283 232.0 3
  100.32373 88.0 1
  100.32910899999999 156.0 2
  100.374702 300.0 4
  100.53609499999999 200.0 2
  100.545845 112.0 1
  100.593025 140.0 2
  100.631531 192.0 2
  100.671776 228.0 3
  100.680695 164.0 2
  100.82547 176.0 2
  100.99835999999999 160.0 2
  101.00676 472.0 6
  101.085724 168.0 2
  101.255302 52.0 1
  101.44374099999999 184.0 2
  101.450363 28.0 0
  101.457848 128.0 2
  101.514061 148.0 2
  101.591293 172.0 2
  101.81270599999999 188.0 2
  101.871094 172.0 2
  101.906746 124.0 2
  101.944672 176.0 2
  101.98091099999999 140.0 2
  102.061066 196.0 2
  102.093964 52.0 1
  102.169136 120.0 1
  102.21663699999999 180.0 2
  102.218277 220.0 3
  102.23636599999999 180.0 2
  102.567184 104.0 1
  102.58715099999999 108.0 1
  102.72634099999999 212.0 3
  102.81507099999999 256.0 3
  102.836967 120.0 1
  103.05407 996.0 12
  103.106445 80.0 1
  103.13733699999999 176.0 2
  103.314163 120.0 1
  103.323883 128.0 2
  103.417763 48.0 1
  103.58564 456.0 6
  103.68446399999999 88.0 1
  103.715454 108.0 1
  103.78830699999999 432.0 5
  103.850777 192.0 2
  103.87868499999999 128.0 2
  103.88044699999999 208.0 3
  103.92133299999999 244.0 3
  104.027435 408.0 5
  104.03719299999999 168.0 2
  104.05549599999999 128.0 2
  104.230553 160.0 2
  104.237213 200.0 2
  104.31691 168.0 2
  104.34447499999999 216.0 3
  104.511589 136.0 2
  104.56635999999999 248.0 3
  104.585968 204.0 2
  104.588326 144.0 2
  104.59299499999999 72.0 1
  104.72996499999999 80.0 1
  104.775002 128.0 2
  104.796745 208.0 3
  104.830109 148.0 2
  104.841408 180.0 2
  104.858536 104.0 1
  104.936478 168.0 2
  104.961388 224.0 3
  104.98775499999999 76.0 1
  104.992622 124.0 2
  105.007576 264.0 3
  105.02875499999999 220.0 3
  105.04641 184.0 2
  105.066856 156.0 2
  105.15560199999999 116.0 1
  105.19442 140.0 2
  105.20095099999999 96.0 1
  105.205162 124.0 2
  105.213707 172.0 2
  105.27819099999999 104.0 1
  105.53356199999999 40.0 0
  105.668808 172.0 2
  105.80208599999999 236.0 3
  105.877403 140.0 2
  105.89145699999999 136.0 2
  105.915466 116.0 1
  106.04420499999999 64.0 1
  106.056404 240.0 3
  106.06618499999999 812.0 10
  106.06992299999999 180.0 2
  106.075661 300.0 4
  106.08769199999999 38.491539 0
  106.14356199999999 244.0 3
  106.201157 168.0 2
  106.248573 140.0 2
  106.33685299999999 128.0 2
  106.59677099999999 192.0 2
  106.663681 164.0 2
  106.71000699999999 100.0 1
  106.78160899999999 152.0 2
  106.879494 56.0 1
  106.90233699999999 144.0 2
  107.026833 68.0 1
  107.14272299999999 52.0 1
  107.161003 192.0 2
  107.17378199999999 164.0 2
  107.180336 192.0 2
  107.396873 224.0 3
  107.401573 192.0 2
  107.509239 152.0 2
  107.52387999999999 176.0 2
  107.599762 216.0 3
  107.64456899999999 140.0 2
  107.68698099999999 232.0 3
  107.731949 68.0 1
  107.754509 148.0 2
  107.91392499999999 424.0 5
  107.945107 116.0 1
  107.951134 92.0 1
  108.01572399999999 172.0 2
  108.02250699999999 160.0 2
  108.09732799999999 116.0 1
  108.289085 96.0 1
  108.28922999999999 164.0 2
  108.29280899999999 220.0 3
  108.30937999999999 152.0 2
  108.317917 64.0 1
  108.329887 144.0 2
  108.349503 128.0 2
  108.468666 128.0 2
  108.510239 200.0 2
  108.676987 152.0 2
  108.723457 48.0 1
  108.86123699999999 160.0 2
  109.02484899999999 236.0 3
  109.02771 1644.0 20
  109.03035 156.0 2
  109.06369 676.0 8
  109.14969599999999 136.0 2
  109.15508299999999 92.0 1
  109.290977 156.0 2
  109.297157 108.0 1
  109.33603699999999 184.0 2
  109.35790999999999 260.0 3
  109.58032999999999 168.0 2
  109.66444399999999 116.0 1
  109.778763 160.0 2
  109.79148099999999 160.0 2
  109.869965 48.0 1
  109.887604 108.0 1
  109.930336 188.0 2
  110.094231 176.0 2
  110.14864299999999 144.0 2
  110.175331 148.0 2
  110.19528199999999 132.0 2
  110.506874 112.0 1
  110.53139499999999 228.0 3
  110.613045 184.0 2
  110.734428 88.0 1
  111.268524 108.0 1
  111.358177 140.0 2
  111.418999 136.0 2
  111.598946 144.0 2
  111.60211199999999 148.0 2
  111.727081 180.0 2
  111.82116699999999 184.0 2
  112.002495 256.0 3
  112.039757 188.0 2
  112.05645 72.0 1
  112.07517999999999 180.0 2
  112.17605599999999 156.0 2
  112.248955 136.0 2
  112.25331899999999 212.0 3
  112.289177 176.0 2
  112.422005 92.0 1
  112.449905 172.0 2
  112.587105 172.0 2
  112.61089299999999 208.0 3
  112.761375 172.0 2
  112.785843 84.0 1
  112.86644 176.0 2
  113.048096 172.0 2
  113.060555 1520.0 19
  113.076042 84.0 1
  113.181732 152.0 2
  113.274414 192.0 2
  113.369576 176.0 2
  113.399361 124.0 2
  113.44722 104.0 1
  113.517326 132.0 2
  113.57443199999999 220.0 3
  113.69755599999999 180.0 2
  113.764313 216.0 3
  113.873947 164.0 2
  114.070381 148.0 2
  114.34406299999999 144.0 2
  114.40903499999999 260.0 3
  114.4562 120.0 1
  114.52490999999999 260.0 3
  114.544952 52.0 1
  114.735626 136.0 2
  114.818283 164.0 2
  114.82002999999999 180.0 2
  114.941948 164.0 2
  114.978889 208.0 3
  115.236786 1.69 0
  115.518356 224.0 3
  115.628716 9.120555 0
  115.64506499999999 184.0 2
  115.734673 172.0 2
  115.75347099999999 72.0 1
  115.753914 136.0 2
  115.76392399999999 212.0 3
  115.79171 248.0 3
  115.83732599999999 160.0 2
  115.88877099999999 160.0 2
  116.038376 168.0 2
  116.051048 484.0 6
  116.06098899999999 152.0 2
  116.06214899999999 176.0 2
  116.187592 164.0 2
  116.51287099999999 28.0 0
  116.571159 244.0 3
  116.589394 176.0 2
  116.72280099999999 204.0 2
  116.967545 6.7625 0
  116.98372699999999 188.0 2
  117.030266 144.0 2
  117.070419 54920.0 671
  117.07043499999999 456.0 6
  117.079262 152.0 2
  117.08833299999999 160.0 2
  117.212334 4.037037 0
  117.24684099999999 92.0 1
  117.42999999999999 152.0 2
  117.592789 152.0 2
  117.608803 132.0 2
  117.674042 144.0 2
  117.849373 148.0 2
  117.90817999999999 144.0 2
  117.96524799999999 156.0 2
  118.056595 96.0 1
  118.064163 2276.0 28
  118.11450199999999 0.854167 0
  118.121574 172.0 2
  118.238434 112.0 1
  118.684418 144.0 2
  118.73582499999999 224.0 3
  118.79615799999999 88.0 1
  118.819992 168.0 2
  118.98619099999999 148.0 2
  119.005692 136.0 2
  119.065033 60.0 1
  119.086243 200.0 2
  119.08717299999999 172.0 2
  119.43057999999999 180.0 2
  119.61507399999999 164.0 2
  119.69304699999999 188.0 2
  119.714012 208.0 3
  119.71504999999999 80.0 1
  119.782715 196.0 2
  119.80534399999999 160.0 2
  119.89807099999999 148.0 2
  119.94722 212.0 3
  120.01042899999999 192.0 2
  120.01226 212.0 3
  120.085121 360.0 4
  120.091568 204.0 2
  120.103676 160.0 2
  120.143997 1.633333 0
  120.145477 56.0 1
  120.166618 176.0 2
  120.175201 196.0 2
  120.18133499999999 140.0 2
  120.26374799999999 220.0 3
  120.269897 384.0 5
  120.39169299999999 164.0 2
  120.42562099999999 176.0 2
  120.473434 112.0 1
  120.717575 216.0 3
  120.897194 160.0 2
  121.05712899999999 140.0 2
  121.278183 72.0 1
  121.304733 176.0 2
  121.33969099999999 164.0 2
  121.49325599999999 196.0 2
  121.53373699999999 160.0 2
  121.84545899999999 152.0 2
  121.89924599999999 168.0 2
  121.909126 112.0 1
  121.92495 192.0 2
  121.9356 148.0 2
  122.104271 172.0 2
  122.156105 76.0 1
  122.23848 192.0 2
  122.25161 148.0 2
  122.281532 184.0 2
  122.30293999999999 152.0 2
  122.41210199999999 12.42514 0
  122.515823 17.170771 0
  122.663963 312.0 4
  122.99967199999999 72.0 1
  123.028206 228.0 3
  123.05594599999999 228.0 3
  123.10752099999999 740.0 9
  123.14542399999999 200.0 2
  123.19200099999999 72.0 1
  123.280785 200.0 2
  123.31568899999999 132.0 2
  123.38127899999999 376.0 5
  123.383133 120.0 1
  123.390923 116.0 1
  123.390991 104.0 1
  123.420334 8.604838 0
  123.539566 320.0 4
  123.547401 244.0 3
  123.71685799999999 180.0 2
  123.76995799999999 140.0 2
  123.779961 144.0 2
  124.001808 104.0 1
  124.149643 96.0 1
  124.17995499999999 192.0 2
  124.283272 204.0 2
  124.29109199999999 76.0 1
  124.30693099999999 72.0 1
  124.459351 116.0 1
  124.603561 172.0 2
  124.634056 196.0 2
  124.678024 52.0 1
  124.785652 184.0 2
  125.06942699999999 72.0 1
  125.09024799999999 48.0 1
  125.17881 84.0 1
  125.21700999999999 148.0 2
  125.30497 180.0 2
  125.484871 148.0 2
  125.548271 108.0 1
  125.639946 228.0 3
  125.886253 148.0 2
  125.958817 124.0 2
  125.98782299999999 196.0 2
  126.099724 144.0 2
  126.133682 152.0 2
  126.133781 188.0 2
  126.208214 116.0 1
  126.36927 128.0 2
  126.39859799999999 108.0 1
  126.51325999999999 180.0 2
  126.690536 120.0 1
  126.757774 236.0 3
  126.78098299999999 196.0 2
  126.84561199999999 192.0 2
  126.905807 108.0 1
  126.91770199999999 196.0 2
  126.93112199999999 112.0 1
  126.934181 5.0375 0
  127.017456 200.0 2
  127.05206299999999 876.0 11
  127.053238 304.0 4
  127.12366499999999 184.0 2
  127.242302 72.0 1
  127.286591 92.0 1
  127.380692 152.0 2
  127.42779499999999 16.31477 0
  127.42907 124.0 2
  127.5009 140.0 2
  127.547501 104.0 1
  127.62437399999999 92.0 1
  127.746056 176.0 2
  127.764046 164.0 2
  127.852852 144.0 2
  127.880386 176.0 2
  128.061172 672.0 8
  128.091888 136.0 2
  128.1716 180.0 2
  128.286713 116.0 1
  128.295944 136.0 2
  128.338974 64.0 1
  128.366333 40.0 0
  128.562561 188.0 2
  128.753952 136.0 2
  128.792572 176.0 2
  128.935837 196.0 2
  129.02684000000002 124.0 2
  129.069366 168.0 2
  129.156464 88.0 1
  129.388687 316.0 4
  129.39059400000002 96.0 1
  129.5504 60.0 1
  129.56256100000002 200.0 2
  129.660568 220.0 3
  129.997375 312.0 4
  130.146057 152.0 2
  130.19635 132.0 2
  130.308456 28.0 0
  130.415161 192.0 2
  130.486267 172.0 2
  130.508835 164.0 2
  130.53495800000002 196.0 2
  130.666809 180.0 2
  130.781281 144.0 2
  130.953156 176.0 2
  131.00318900000002 244.0 3
  131.074051 34.096008 0
  131.084824 4352.0 53
  131.111481 200.0 2
  131.141556 128.0 2
  131.38076800000002 308.0 4
  131.408905 152.0 2
  131.49769600000002 76.0 1
  131.651794 92.0 1
  131.70481900000001 156.0 2
  131.785797 140.0 2
  131.96945200000002 164.0 2
  132.026001 172.0 2
  132.042053 388.0 5
  132.05882300000002 272.0 3
  132.07968100000002 416.0 5
  132.25993300000002 152.0 2
  132.50585900000002 120.0 1
  132.74748200000002 136.0 2
  132.877701 68.0 1
  132.916061 192.0 2
  132.934265 168.0 2
  133.0112 156.0 2
  133.014587 188.0 2
  133.06419400000001 4200.0 51
  133.064423 367.119598 4
  133.122894 144.0 2
  133.143326 212.0 3
  133.174026 40.0 0
  133.28559900000002 228.0 3
  133.472229 76.0 1
  133.47752400000002 160.0 2
  133.58290100000002 152.0 2
  133.596375 28.0 0
  133.621338 116.0 1
  133.631592 44.0 1
  133.720078 116.0 1
  133.837402 160.0 2
  133.96106 132.0 2
  134.10415600000002 184.0 2
  134.12883000000002 148.0 2
  134.362839 80.0 1
  134.63621500000002 108.0 1
  134.707703 196.0 2
  134.73339800000002 160.0 2
  134.91630600000002 100.0 1
  134.94584700000001 152.0 2
  135.000076 112.0 1
  135.039413 80.0 1
  135.043396 8444.0 103
  135.07345600000002 216.0 3
  135.095169 188.0 2
  135.11715700000002 3040.0 37
  135.12695300000001 152.0 2
  135.53666700000002 200.0 2
  135.576904 108.0 1
  135.654861 164.0 2
  135.661606 184.0 2
  135.983429 128.0 2
  136.001358 132.0 2
  136.001923 84.0 1
  136.07234200000002 440.0 5
  136.077438 324.0 4
  136.26001000000002 40.0 0
  136.287933 160.0 2
  136.37110900000002 100.0 1
  136.81102 192.0 2
  136.914948 152.0 2
  136.915741 84.0 1
  136.98628200000002 108.0 1
  137.01460300000002 144.0 2
  137.09758000000002 164.0 2
  137.12364200000002 144.0 2
  137.19279500000002 144.0 2
  137.19589200000001 176.0 2
  137.275146 152.0 2
  137.311813 120.0 1
  137.512527 196.0 2
  137.535736 236.0 3
  137.57281500000002 220.0 3
  137.615372 164.0 2
  137.67089800000002 184.0 2
  137.689697 196.0 2
  137.77461200000002 152.0 2
  137.776978 200.0 2
  137.836914 164.0 2
  137.866196 10.148186 0
  137.89691200000001 212.0 3
  138.031631 152.0 2
  138.03929100000002 172.0 2
  138.065033 144.0 2
  138.167282 144.0 2
  138.208923 104.0 1
  138.216827 220.0 3
  138.460663 184.0 2
  138.687119 220.0 3
  139.03714000000002 324.0 4
  139.13583400000002 48.0 1
  139.15274000000002 180.0 2
  139.154968 164.0 2
  139.407822 180.0 2
  139.463242 128.0 2
  139.623352 144.0 2
  139.705124 168.0 2
  139.845764 96.0 1
  139.871216 36.0 0
  140.00740100000002 172.0 2
  140.015182 368.0 4
  140.032028 156.0 2
  140.054382 156.0 2
  140.216843 180.0 2
  140.22726400000002 260.0 3
  140.293335 60.0 1
  140.333054 176.0 2
  140.33912700000002 184.0 2
  140.35127300000002 120.0 1
  140.353973 164.0 2
  140.50766000000002 104.0 1
  140.584778 48.0 1
  140.691879 172.0 2
  140.699783 44.0 1
  140.80571 52.0 1
  140.863052 184.0 2
  141.04191600000001 220.0 3
  141.067551 704.0 9
  141.06947300000002 7436.0 91
  141.20636000000002 184.0 2
  141.742828 216.0 3
  141.759216 180.0 2
  141.815079 164.0 2
  141.84187300000002 344.0 4
  141.854858 200.0 2
  141.863449 40.0 0
  141.919067 204.0 2
  141.923492 192.0 2
  141.935913 212.0 3
  141.99954200000002 36.0 0
  142.060898 140.0 2
  142.087265 104.0 1
  142.213806 160.0 2
  142.260223 40.0 0
  142.28195200000002 68.0 1
  142.433212 44.0 1
  142.83500700000002 80.0 1
  143.00647 672.0 8
  143.024124 52.0 1
  143.050995 200.0 2
  143.08195500000002 584.0 7
  143.32295200000002 164.0 2
  143.381607 100.0 1
  143.53035 140.0 2
  143.606323 160.0 2
  143.746948 152.0 2
  143.96765100000002 144.0 2
  144.025101 144.0 2
  144.093323 144.0 2
  144.143753 208.0 3
  144.247147 152.0 2
  144.292633 112.0 1
  144.359589 160.0 2
  144.448105 6.524457 0
  144.686813 148.0 2
  144.697968 208.0 3
  144.74220300000002 208.0 3
  144.76663200000002 192.0 2
  144.77624500000002 220.0 3
  144.926422 144.0 2
  145.027206 76.336197 1
  145.06369 1736.0 21
  145.064377 580.0 7
  145.08325200000002 1484.0 18
  145.178772 132.0 2
  145.26178000000002 264.0 3
  145.281113 112.0 1
  145.31843600000002 100.0 1
  145.464188 68.0 1
  145.677063 104.0 1
  145.707855 216.0 3
  145.803406 136.0 2
  146.017761 164.0 2
  146.140839 76.0 1
  146.178818 276.0 3
  146.24743700000002 108.0 1
  146.370056 204.0 2
  146.644058 100.0 1
  146.692566 68.0 1
  146.701675 52.0 1
  146.807724 124.0 2
  146.992538 152.0 2
  147.027023 216.0 3
  147.042953 345.653809 4
  147.052185 364.0 4
  147.08500700000002 144.0 2
  147.261322 176.0 2
  147.392807 196.0 2
  147.501404 236.0 3
  147.50318900000002 84.0 1
  148.056534 172.0 2
  148.060547 144.0 2
  148.16507000000001 72.0 1
  148.185898 180.0 2
  148.22314500000002 104.0 1
  148.250244 96.0 1
  148.272842 132.0 2
  148.294769 64.0 1
  148.402588 80.0 1
  148.453079 156.0 2
  148.635345 152.0 2
  148.852081 128.0 2
  148.954651 88.0 1
  149.032822 228.0 3
  149.06578100000002 200.0 2
  149.079865 656.0 8
  149.089722 232.0 3
  149.171524 124.0 2
  149.26362600000002 96.0 1
  149.358032 164.0 2
  149.96228000000002 116.0 1
  150.026642 136.0 2
  150.088425 196.0 2
  150.091293 220.0 3
  150.096786 176.0 2
  150.157959 40.0 0
  150.16746500000002 124.0 2
  150.17167700000002 168.0 2
  150.225479 3.016667 0
  150.272476 4.769 0
  150.462265 136.0 2
  150.483292 172.0 2
  150.636795 144.0 2
  150.909637 156.0 2
  150.915268 160.0 2
  151.02958700000002 120.0 1
  151.038452 160.0 2
  151.05043 444.0 5
  151.054291 160.0 2
  151.165161 192.0 2
  151.19094800000002 140.0 2
  151.20176700000002 6.047619 0
  151.28537 27.2761 0
  151.33195500000002 104.0 1
  151.50997900000002 60.0 1
  151.56350700000002 176.0 2
  151.71893300000002 104.0 1
  151.75679 224.0 3
  151.86711100000002 128.0 2
  151.919342 128.0 2
  151.96675100000002 176.0 2
  152.07608000000002 152.0 2
  152.202042 188.0 2
  152.22615100000002 244.0 3
  152.233948 160.0 2
  152.246078 160.0 2
  152.33448800000002 112.0 1
  152.453629 116.0 1
  152.55122400000002 192.0 2
  152.554993 124.0 2
  152.737762 128.0 2
  152.75145 176.0 2
  152.842789 148.0 2
  152.91137700000002 3.007143 0
  152.934372 60.0 1
  153.111343 124.0 2
  153.187439 132.0 2
  153.399506 104.0 1
  153.44961500000002 144.0 2
  153.46412700000002 160.0 2
  153.470215 36.657791 0
  153.538803 100.0 1
  153.71606400000002 164.0 2
  153.73365800000002 208.0 3
  153.970978 168.0 2
  154.043747 132.0 2
  154.09462000000002 144.0 2
  154.106247 56.0 1
  154.270996 148.0 2
  154.295975 92.0 1
  154.312622 172.0 2
  154.318146 96.0 1
  154.348724 176.0 2
  154.364655 168.0 2
  154.67215000000002 220.0 3
  155.005478 156.0 2
  155.018707 192.0 2
  155.0233 488.0 6
  155.05912800000002 396.0 5
  155.108261 172.0 2
  155.172165 29.89855 0
  155.17549100000002 148.0 2
  155.210892 21.857109 0
  155.31456 48.683769 1
  155.318466 112.0 1
  155.33625800000002 128.0 2
  155.48202500000002 52.0 1
  155.632462 168.0 2
  155.888672 52.0 1
  156.03242500000002 120.0 1
  156.091248 848.0 10
  156.20039400000002 144.0 2
  156.267212 156.0 2
  156.35311900000002 140.0 2
  156.369751 72.0 1
  156.627823 264.0 3
  156.631271 44.0 1
  156.63346900000002 76.0 1
  156.716034 136.0 2
  156.901123 128.0 2
  157.066559 628.0 8
  157.287125 176.0 2
  157.287643 52.0 1
  157.470276 112.0 1
  157.47193900000002 160.0 2
  157.508667 128.0 2
  157.517776 224.0 3
  157.728622 136.0 2
  157.77577200000002 188.0 2
  157.890091 200.0 2
  158.00271600000002 152.0 2
  158.222656 180.0 2
  158.271591 156.0 2
  158.60913100000002 172.0 2
  158.680038 216.0 3
  158.681534 104.0 1
  158.714951 164.0 2
  158.935684 208.0 3
  158.93940700000002 156.0 2
  158.967026 188.0 2
  159.042435 440.0 5
  159.05316200000001 172.0 2
  159.068588 37632.0 460
  159.10261500000001 252.0 3
  159.208923 176.0 2
  159.518234 76.0 1
  159.540512 68.0 1
  159.559479 136.0 2
  159.660141 132.0 2
  159.660461 96.0 1
  159.665314 140.0 2
  159.674927 164.0 2
  159.724319 144.0 2
  159.726212 200.0 2
  159.77359 140.0 2
  159.798538 136.0 2
  159.90110800000002 108.0 1
  159.941788 140.0 2
  160.07756 184.0 2
  160.07994100000002 124.0 2
  160.1194 4344.0 53
  160.263657 176.0 2
  160.398895 100.0 1
  160.478195 244.0 3
  160.549606 104.0 1
  160.621124 116.0 1
  160.71305800000002 184.0 2
  160.88450600000002 68.0 1
  161.039108 76.0 1
  161.05809000000002 288.0 4
  161.087296 108.0 1
  161.09487900000002 652.0 8
  161.116272 232.0 3
  161.20863300000002 72.0 1
  161.21270800000002 132.0 2
  161.338211 116.0 1
  161.399628 144.0 2
  161.438263 32.0 0
  161.521896 96.0 1
  161.677826 8.049603 0
  161.845413 116.0 1
  161.904663 140.0 2
  162.091934 1668.0 20
  162.163315 264.0 3
  162.24118 60.0 1
  162.260696 112.0 1
  162.28543100000002 136.0 2
  162.37796 180.0 2
  162.71189900000002 120.0 1
  162.805618 188.0 2
  162.82960500000002 220.0 3
  162.89106800000002 176.0 2
  162.91682400000002 136.0 2
  162.94075 160.0 2
  162.99134800000002 96.0 1
  163.073883 504.0 6
  163.187836 152.0 2
  163.235306 5.511905 0
  163.458267 312.0 4
  163.51289400000002 120.0 1
  163.567551 52.0 1
  163.727203 172.0 2
  163.927628 152.0 2
  164.27182000000002 120.0 1
  164.309097 44.0 1
  164.326828 84.0 1
  164.364487 184.0 2
  164.48571800000002 220.0 3
  164.59475700000002 180.0 2
  164.621552 200.0 2
  164.92804 180.0 2
  165.015823 156.0 2
  165.09857200000002 156.0 2
  165.10968 104.0 1
  165.123825 196.0 2
  165.229874 88.0 1
  165.34239200000002 212.0 3
  165.35333300000002 96.0 1
  165.42797900000002 216.0 3
  165.499252 60.0 1
  165.55555700000002 124.0 2
  165.594116 44.0 1
  165.90145900000002 176.0 2
  165.98735000000002 264.0 3
  166.045883 212.0 3
  166.060516 156.0 2
  166.061111 440.0 5
  166.157303 168.0 2
  166.250305 128.0 2
  166.31140100000002 184.0 2
  166.345642 128.0 2
  166.382278 64.0 1
  166.38995400000002 84.0 1
  166.43013000000002 76.0 1
  166.502213 184.0 2
  166.5047 280.0 3
  166.671921 120.0 1
  166.695694 384.0 5
  166.69632000000001 140.0 2
  166.90150500000001 152.0 2
  166.955338 92.0 1
  166.963898 188.0 2
  167.106186 100.0 1
  167.120911 148.0 2
  167.1353 100.0 1
  167.431564 144.0 2
  167.451752 200.0 2
  167.455139 108.0 1
  167.523483 60.0 1
  167.592957 208.0 3
  167.78431700000002 68.0 1
  167.864349 220.0 3
  167.949951 128.0 2
  168.025742 216.0 3
  168.08148200000002 156.0 2
  168.08883 136.0 2
  168.104431 10.625539 0
  168.37368800000002 64.0 1
  168.514771 132.0 2
  168.65387 56.0 1
  168.74417100000002 196.0 2
  168.78062400000002 124.0 2
  168.87849400000002 96.0 1
  168.909332 44.0 1
  168.952332 120.0 1
  168.97207600000002 104.0 1
  169.100357 152.0 2
  169.143967 52.0 1
  169.15364100000002 144.0 2
  169.172485 116.0 1
  169.189941 216.0 3
  169.193253 100.0 1
  169.31204200000002 160.0 2
  169.729813 140.0 2
  169.88827500000002 380.0 5
  169.91914400000002 72.0 1
  170.002518 124.0 2
  170.024963 168.0 2
  170.096649 592.0 7
  170.105942 132.0 2
  170.32579 192.0 2
  170.332504 80.0 1
  170.47554 108.0 1
  170.494186 64.0 1
  170.617279 140.0 2
  170.80342100000001 48.0 1
  170.901749 72.0 1
  171.06616200000002 6740.0 82
  171.07637 296.0 4
  171.152939 184.0 2
  171.170151 176.0 2
  171.330002 52.0 1
  171.333817 104.0 1
  171.37454200000002 152.0 2
  171.420105 168.0 2
  171.494812 3.003788 0
  171.503952 40.0 0
  171.58401500000002 168.0 2
  171.597443 116.0 1
  171.602112 100.0 1
  171.813171 224.0 3
  172.044708 204.0 2
  172.084137 344.0 4
  172.121765 708.0 9
  172.373825 100.0 1
  172.551361 164.0 2
  172.79885900000002 144.0 2
  172.893753 188.0 2
  173.05294800000001 140.0 2
  173.084808 18088.0 221
  173.217575 164.0 2
  173.26014700000002 200.0 2
  173.50323500000002 136.0 2
  173.53401200000002 160.0 2
  173.592285 52.0 1
  173.695389 128.0 2
  173.962952 156.0 2
  174.024323 164.0 2
  174.055161 2176.0 27
  174.068848 2364.0 29
  174.070511 176.0 2
  174.080139 19840.0 242
  174.09916700000002 744.0 9
  174.25100700000002 340.0 4
  174.351639 64.0 1
  174.42794800000001 212.0 3
  174.451416 64.0 1
  174.540543 176.0 2
  174.560638 128.0 2
  174.56445300000001 132.0 2
  174.729004 120.0 1
  174.93718 152.0 2
  175.03190600000002 47.640839 1
  175.03753700000001 324.0 4
  175.061218 148.0 2
  175.110687 684.0 8
  175.123138 762.431213 9
  175.157532 216.0 3
  175.221756 168.0 2
  175.28396600000002 216.0 3
  175.334396 60.0 1
  175.351685 192.0 2
  175.43034400000002 112.0 1
  175.61999500000002 200.0 2
  175.638397 148.0 2
  175.72113000000002 68.0 1
  175.761612 140.0 2
  175.828003 184.0 2
  175.944458 168.0 2
  176.060593 140.0 2
  176.074463 2724.0 33
  176.13942 96.0 1
  176.238831 124.0 2
  177.06672700000001 172.0 2
  177.092163 2548.0 31
  177.172501 156.0 2
  177.868652 68.0 1
  177.89093 156.0 2
  178.38853500000002 192.0 2
  178.403061 160.0 2
  178.54776 48.0 1
  178.630905 208.0 3
  178.673492 152.0 2
  178.714706 124.0 2
  178.739609 140.0 2
  178.915466 60.0 1
  178.93399000000002 92.0 1
  179.05255100000002 160.0 2
  179.236206 208.0 3
  179.51232900000002 380.0 5
  179.604935 176.0 2
  179.751236 176.0 2
  180.073608 116.0 1
  180.14875800000002 196.0 2
  180.28746 10.27632 0
  180.307114 56.0 1
  180.742386 224.0 3
  181.050262 5.011905 0
  181.327087 64.0 1
  181.35325600000002 152.0 2
  181.52916000000002 112.0 1
  181.545868 48.0 1
  181.762665 132.0 2
  181.97915600000002 256.0 3
  182.017044 196.0 2
  182.131058 164.0 2
  182.335068 7.440476 0
  182.374603 236.0 3
  182.411133 136.0 2
  182.440659 84.0 1
  182.490341 196.0 2
  182.50444000000002 116.0 1
  182.56835900000002 252.0 3
  182.641876 76.0 1
  182.67288200000002 68.0 1
  182.78152500000002 68.0 1
  182.836914 192.0 2
  182.911514 176.0 2
  183.030182 124.0 2
  183.09050000000002 248.0 3
  183.184753 92.0 1
  183.41185000000002 148.0 2
  183.516602 144.0 2
  183.56796300000002 12.20053 0
  183.575409 148.0 2
  184.05275 148.0 2
  184.081253 160.0 2
  184.08590700000002 264.0 3
  184.117218 184.0 2
  184.136276 140.0 2
  184.166123 172.0 2
  184.187622 32.0 0
  184.366135 200.0 2
  184.881821 156.0 2
  184.913803 144.0 2
  184.980728 116.0 1
  185.027069 932.0 11
  185.130753 168.0 2
  185.18185400000002 108.0 1
  185.194458 52.0 1
  185.52619900000002 204.0 2
  185.774002 116.0 1
  185.87056 212.0 3
  185.98791500000002 64.0 1
  186.529785 140.0 2
  186.60913100000002 132.0 2
  186.61810300000002 200.0 2
  186.68489100000002 176.0 2
  186.74061600000002 192.0 2
  186.792526 32.0 0
  186.864044 120.0 1
  186.974411 204.0 2
  187.08046000000002 68.0 1
  187.083878 152.0 2
  187.23791500000002 136.0 2
  187.293213 160.0 2
  187.31424 60.0 1
  187.360733 32.142189 0
  187.513977 7.111111 0
  187.529022 88.0 1
  187.557587 420.0 5
  187.56045500000002 68.0 1
  187.644882 104.0 1
  188.10131800000002 69.502167 1
  188.123306 188.0 2
  188.172729 172.0 2
  188.198669 44.0 1
  188.203278 208.0 3
  188.20927400000002 68.0 1
  188.318146 140.0 2
  188.32891800000002 236.0 3
  188.382416 68.0 1
  188.455734 180.0 2
  188.719635 176.0 2
  188.82302900000002 76.0 1
  188.898529 108.0 1
  189.08728000000002 2188.0 27
  189.089767 1292.0 16
  189.162766 26.09375 0
  189.82359300000002 160.0 2
  189.826065 128.0 2
  189.86874400000002 256.0 3
  189.87445100000002 84.0 1
  190.017212 76.0 1
  190.092453 1496.0 18
  190.096756 169.249603 2
  190.099396 288.0 4
  190.12475600000002 560.0 7
  190.160538 172.0 2
  190.379425 116.0 1
  190.48538200000002 200.0 2
  190.504837 156.0 2
  190.659164 152.0 2
  190.81552100000002 132.0 2
  190.94584700000001 80.0 1
  191.073914 708.0 9
  191.07492100000002 172.0 2
  191.076111 180.0 2
  191.18074000000001 192.0 2
  191.430313 192.0 2
  191.51052900000002 48.0 1
  191.526123 132.0 2
  191.575501 64.0 1
  191.68425000000002 76.0 1
  191.690765 108.0 1
  191.947617 48.0 1
  192.033737 144.0 2
  192.069824 252.0 3
  192.159119 36.0 0
  192.353516 56.0 1
  192.682297 144.0 2
  192.694763 168.0 2
  192.84577900000002 132.0 2
  192.938446 136.0 2
  193.015457 152.0 2
  193.073196 116.0 1
  193.152771 228.0 3
  193.202866 108.0 1
  193.34187300000002 144.0 2
  193.359955 80.0 1
  193.859924 288.0 4
  193.873306 140.0 2
  193.874084 144.0 2
  194.03898600000002 61.5 1
  194.05998200000002 148.0 2
  194.084045 136.0 2
  194.09710700000002 1328.0 16
  194.26149 52.0 1
  194.38462800000002 96.0 1
  194.536346 72.0 1
  194.889633 144.0 2
  194.915436 208.0 3
  194.96051 144.0 2
  195.067001 932.0 11
  195.324417 176.0 2
  195.45065300000002 156.0 2
  195.53869600000002 180.0 2
  195.54173300000002 152.0 2
  195.72721900000002 104.0 1
  195.95001200000002 30.177469 0
  196.08313 588.0 7
  196.119141 156.0 2
  196.246048 128.0 2
  196.687073 152.0 2
  196.79676800000001 140.0 2
  196.82920800000002 164.0 2
  196.997406 64.0 1
  197.060059 80.0 1
  197.203079 76.0 1
  197.259659 184.0 2
  197.27813700000002 112.0 1
  197.631439 144.0 2
  198.091568 136.0 2
  198.119614 160.0 2
  198.286835 216.0 3
  198.34509300000002 200.0 2
  198.383362 36.0 0
  198.451202 160.0 2
  198.663055 48.0 1
  198.81594800000002 176.0 2
  198.972961 56.0 1
  199.024643 52.0 1
  199.12913500000002 204.0 2
  199.153152 56.0 1
  199.167633 168.0 2
  199.234116 68.0 1
  199.372665 240.0 3
  199.451263 124.0 2
  199.674957 172.0 2
  199.712875 52.0 1
  199.781494 204.0 2
  199.989258 140.0 2
  200.016785 84.0 1
  200.046066 396.0 5
  200.086411 192.0 2
  200.251358 152.0 2
  200.436691 13.95424 0
  200.462738 192.0 2
  200.614822 184.0 2
  200.645599 77.158203 1
  200.692566 84.0 1
  200.725052 156.0 2
  200.77739 168.0 2
  201.090836 1344.0 16
  201.12170400000002 184.0 2
  201.254471 120.0 1
  201.282654 120.0 1
  201.40240500000002 84.0 1
  201.523117 160.0 2
  201.812286 160.0 2
  201.868896 52.0 1
  201.89923100000001 104.0 1
  202.578705 168.0 2
  202.69021600000002 172.0 2
  202.773911 44.0 1
  202.958954 104.0 1
  202.98571800000002 332.0 4
  203.08284 88.0 1
  203.13916 160.0 2
  203.164566 180.0 2
  203.19574 92.0 1
  203.41803000000002 168.0 2
  203.478027 148.0 2
  203.973175 328.0 4
  204.004547 112.0 1
  204.008835 172.0 2
  204.092957 11716.0 143
  204.09938 188.0 2
  204.560425 216.0 3
  204.608032 116.0 1
  204.71048000000002 136.0 2
  204.737839 248.0 3
  204.817444 288.0 4
  205.03508000000002 120.0 1
  205.099442 1880.0 23
  205.33029200000001 184.0 2
  205.38353 124.0 2
  205.42979400000002 156.0 2
  205.439301 96.0 1
  205.62879900000001 120.0 1
  205.703796 220.0 3
  205.73632800000001 36.263889 0
  205.86514300000002 132.0 2
  205.926712 168.0 2
  206.09831200000002 156.0 2
  206.107574 144.0 2
  206.171066 48.0 1
  206.195404 52.0 1
  206.248413 220.0 3
  206.251495 232.0 3
  206.27134700000002 108.0 1
  206.46954300000002 64.0 1
  206.566345 208.0 3
  206.616058 120.0 1
  206.626144 212.0 3
  206.635071 84.0 1
  206.702011 132.0 2
  206.775925 248.0 3
  206.90626500000002 56.0 1
  206.978455 140.0 2
  207.008148 140.0 2
  207.026474 220.0 3
  207.29837 100.0 1
  207.304367 160.0 2
  207.37951700000002 76.0 1
  207.49095200000002 44.0 1
  207.765564 156.0 2
  208.003769 47004.0 574
  208.088943 152.0 2
  208.26585400000002 108.0 1
  208.44537400000002 140.0 2
  208.871506 172.0 2
  208.889191 132.0 2
  208.986115 47.515308 1
  209.061295 160.0 2
  209.075943 152.0 2
  209.09350600000002 188.0 2
  209.130966 100.0 1
  209.135239 18948.0 232
  209.323883 136.0 2
  209.334122 152.0 2
  209.43107600000002 52.0 1
  209.63806200000002 116.0 1
  209.74823 116.0 1
  210.482727 120.0 1
  210.566666 136.0 2
  210.77179 76.0 1
  210.784561 40.0 0
  210.791428 184.0 2
  211.086746 19992.0 244
  211.34111000000001 144.0 2
  211.642212 200.0 2
  211.874878 60.0 1
  211.94339000000002 60.0 1
  212.06161500000002 88.0 1
  212.067947 128.0 2
  212.191086 88.0 1
  212.211975 152.0 2
  212.275787 156.0 2
  212.73902900000002 200.0 2
  212.828705 104.0 1
  212.83197 32.0 0
  213.241638 96.0 1
  213.28637700000002 268.0 3
  213.698105 100.0 1
  213.761337 76.0 1
  213.790527 180.0 2
  213.96992500000002 68.0 1
  214.16699200000002 468.0 6
  214.232605 172.0 2
  214.288422 164.0 2
  214.346161 112.0 1
  214.486374 92.0 1
  214.53533900000002 204.0 2
  214.90820300000001 128.0 2
  215.157272 188.0 2
  215.348755 152.0 2
  215.46708700000002 144.0 2
  215.495987 76.0 1
  215.55332900000002 164.0 2
  215.98327600000002 5.891523 0
  215.984451 128.0 2
  216.091003 164.0 2
  216.262619 48.0 1
  216.32707200000002 104.0 1
  216.69383200000001 92.0 1
  216.758438 96.0 1
  216.813858 144.0 2
  216.883926 196.0 2
  217.09535200000002 144.0 2
  217.132553 140.0 2
  217.251251 176.0 2
  217.460617 144.0 2
  217.602203 144.0 2
  218.10084600000002 108.0 1
  218.609741 144.0 2
  218.888931 144.0 2
  219.09037800000002 572.0 7
  219.28251600000002 84.0 1
  219.381821 160.0 2
  219.60458400000002 140.0 2
  219.62127700000002 140.0 2
  219.623398 40.0 0
  220.113007 100.0 1
  220.151398 100.0 1
  220.25708 192.0 2
  220.384277 140.0 2
  220.60376000000002 156.0 2
  220.623245 168.0 2
  220.77925100000002 164.0 2
  220.845535 88.0 1
  220.87529 120.0 1
  221.135971 124.0 2
  221.16781600000002 68.0 1
  221.254486 100.0 1
  221.608688 68.0 1
  221.99710100000001 160.0 2
  222.054672 18.97748 0
  222.12802100000002 112.0 1
  222.13252300000002 164.0 2
  222.208664 124.0 2
  222.339615 48.0 1
  222.45343 52.0 1
  222.501099 40.0 0
  222.605576 176.0 2
  222.76074200000002 92.0 1
  223.011551 348.0 4
  223.117218 192.0 2
  223.185562 108.0 1
  223.30268900000002 5.265351 0
  223.85170000000002 132.0 2
  224.084717 144.0 2
  224.98822 148.0 2
  225.055832 156.0 2
  225.075638 6192.0 76
  225.093307 224.0 3
  225.494415 244.0 3
  225.590622 236.0 3
  226.315933 168.0 2
  226.418732 148.0 2
  226.469101 48.0 1
  226.477921 156.0 2
  226.48391700000002 168.0 2
  226.509125 84.0 1
  226.65055800000002 72.0 1
  226.65068100000002 196.0 2
  226.730286 144.0 2
  226.839066 180.0 2
  226.849182 104.0 1
  226.86088600000002 172.0 2
  227.08483900000002 2656.0 32
  227.10543800000002 9604.0 117
  227.130707 132.0 2
  227.183533 80.0 1
  227.413834 188.0 2
  227.420364 60.0 1
  227.59826700000002 200.0 2
  228.09198 120.0 1
  228.12796 132.0 2
  228.27534500000002 72.0 1
  228.492905 52.0 1
  228.602158 204.0 2
  228.714752 68.0 1
  228.807159 36.0 0
  228.964294 44.0 1
  229.02534500000002 84.0 1
  229.027328 292.0 4
  229.05006400000002 3640.0 44
  229.055664 204.0 2
  229.082077 176.0 2
  229.137177 200.0 2
  229.15827900000002 172.0 2
  229.306473 72.0 1
  229.319443 160.0 2
  229.421341 148.0 2
  229.519791 140.0 2
  229.669067 104.0 1
  230.204376 184.0 2
  230.527283 36.0 0
  230.628647 160.0 2
  230.705048 92.0 1
  230.78817700000002 84.0 1
  230.788284 80.0 1
  230.858307 164.0 2
  230.89389 104.0 1
  231.003036 44.0 1
  231.288193 188.0 2
  231.493423 124.0 2
  231.64398200000002 116.0 1
  231.731064 144.0 2
  232.096054 316.0 4
  232.12030000000001 244.0 3
  232.170227 40.0 0
  232.27005 132.0 2
  232.65553300000002 116.0 1
  232.87406900000002 180.0 2
  233.123932 64.0 1
  233.522064 152.0 2
  233.708557 108.0 1
  233.79924 116.0 1
  233.90060400000002 160.0 2
  233.908173 100.0 1
  234.05548100000001 164.0 2
  234.068619 156.0 2
  234.104614 668.0 8
  234.376892 76.0 1
  234.37716700000001 332.0 4
  234.778793 64.0 1
  234.8246 108.0 1
  234.95253 124.0 2
  234.96426400000001 236.0 3
  235.06701700000002 176.0 2
  235.17247 116.0 1
  235.213516 64.0 1
  235.228073 44.0 1
  235.657349 136.0 2
  235.681564 128.0 2
  235.689255 10.621469 0
  235.74231 64.0 1
  235.866959 17.394699 0
  236.080994 180.0 2
  236.119751 968.0 12
  236.349762 220.0 3
  236.408661 148.0 2
  236.463806 140.0 2
  236.65152 32.0 0
  236.683624 172.0 2
  236.794968 48.0 1
  236.838379 116.0 1
  236.85943600000002 200.0 2
  236.98284900000002 212.0 3
  236.990128 128.0 2
  237.045532 200.0 2
  237.09982300000001 128.0 2
  237.168167 120.0 1
  237.406967 24.736111 0
  237.683289 232.0 3
  237.737457 40.0 0
  238.158554 80.0 1
  238.261581 180.0 2
  238.41412400000002 44.0 1
  238.648895 148.0 2
  238.73254400000002 188.0 2
  238.99279800000002 200.0 2
  239.162689 128.0 2
  239.37226900000002 188.0 2
  239.514709 48.0 1
  240.105545 160.0 2
  240.167328 204.0 2
  240.629501 88.0 1
  240.85878 100.0 1
  240.88092 104.0 1
  240.882675 156.0 2
  240.97316 196.0 2
  241.001328 220.0 3
  241.002869 152.0 2
  241.09433 857.32312 10
  241.09535200000002 168.0 2
  241.18287700000002 160.0 2
  241.2323 180.0 2
  241.71344000000002 180.0 2
  242.010086 140.0 2
  242.815155 116.0 1
  242.845978 192.0 2
  243.099289 544.0 7
  243.164795 36.0 0
  244.002655 140.0 2
  244.08621200000002 72.0 1
  244.118286 132.0 2
  244.12879900000001 160.0 2
  244.444656 100.0 1
  244.83194 152.0 2
  244.94400000000002 168.0 2
  245.35432400000002 100.0 1
  245.533264 240.0 3
  245.83131400000002 172.0 2
  246.029236 60.0 1
  246.07591200000002 21052.0 257
  246.077042 180.0 2
  246.341995 124.0 2
  246.358002 68.0 1
  246.408173 104.0 1
  246.57045000000002 60.0 1
  246.62608400000002 156.0 2
  246.67227200000002 88.0 1
  246.677994 72.0 1
  247.097 796.0 10
  247.194763 48.0 1
  247.219955 124.0 2
  247.420456 176.0 2
  247.611557 180.0 2
  247.6987 216.0 3
  247.83247400000002 32.0 0
  248.692261 88.0 1
  248.80526700000001 140.0 2
  249.08938600000002 4976.0 61
  249.10003700000001 56.0 1
  249.159592 1472.0 18
  249.338623 128.0 2
  249.765274 68.0 1
  249.823318 116.0 1
  249.831757 144.0 2
  249.84307900000002 132.0 2
  249.870728 108.0 1
  250.288879 10.0496 0
  250.3022 204.0 2
  250.58474700000002 52.0 1
  250.89175400000002 168.0 2
  251.321976 48.0 1
  251.59878500000002 132.0 2
  251.95240800000002 160.0 2
  252.04071000000002 1012.0 12
  252.065918 140.0 2
  252.147797 1524.0 19
  252.228653 116.0 1
  252.591827 148.0 2
  253.17189000000002 468.0 6
  253.19397 440.0 5
  253.414734 240.0 3
  254.088882 168.0 2
  255.002609 184.0 2
  255.345642 220.0 3
  255.57186900000002 48.0 1
  255.717972 236.0 3
  255.73288 116.0 1
  255.77513100000002 40.0 0
  256.159698 220.0 3
  256.235352 148.0 2
  256.336334 96.0 1
  256.519974 140.0 2
  256.88739 116.0 1
  257.05758699999996 132.0 2
  257.08374 196.0 2
  257.108093 200.0 2
  257.119324 472.0 6
  257.58676099999997 184.0 2
  258.184021 88.0 1
  259.212494 36.0 0
  259.462585 68.0 1
  259.546265 76.0 1
  259.89111299999996 128.0 2
  259.963257 344.0 4
  260.086212 2244.0 27
  260.09490999999997 136.0 2
  260.1427 18344.0 224
  260.318085 172.0 2
  260.341248 224.0 3
  260.90274 80.0 1
  260.90579199999996 220.0 3
  261.85229499999997 132.0 2
  261.91668699999997 148.0 2
  262.406952 200.0 2
  262.443024 176.0 2
  262.834503 40.0 0
  263.146027 9768.0 119
  263.203247 64.0 1
  263.85171499999996 100.0 1
  263.929504 172.0 2
  264.570679 160.0 2
  265.08486899999997 672.0 8
  265.498383 196.0 2
  265.710205 76.0 1
  266.095245 592.0 7
  266.41104099999995 140.0 2
  267.068207 104.0 1
  267.126404 176.0 2
  267.205872 400.0 5
  267.28424099999995 116.0 1
  267.30661 292.0 4
  267.83041399999996 148.0 2
  268.704346 68.0 1
  268.71871899999996 168.0 2
  269.075836 84.0 1
  269.130249 3888.0 48
  269.456757 132.0 2
  270.007385 384.0 5
  270.04241299999995 224.0 3
  270.071686 176.0 2
  270.120972 108.0 1
  270.20404099999996 52.0 1
  270.22131299999995 132.0 2
  270.34466599999996 80.0 1
  270.58410599999996 176.0 2
  270.93573 164.0 2
  271.854858 172.0 2
  272.221405 32.0 0
  272.25766 108.0 1
  272.470673 76.0 1
  273.025787 128.0 2
  273.390961 216.0 3
  273.603149 296.0 4
  273.732758 180.0 2
  274.340851 52.0 1
  275.31185899999997 108.0 1
  276.120697 1340.0 16
  276.255157 172.0 2
  276.53472899999997 156.0 2
  276.649048 140.0 2
  276.67742899999996 64.0 1
  278.03002899999996 112.0 1
  278.03997799999996 55284.0 676
  278.155762 868.0 11
  278.184021 196.0 2
  280.056519 160.0 2
  280.59362799999997 152.0 2
  280.94503799999995 108.0 1
  281.71099899999996 208.0 3
  281.749756 60.0 1
  281.766418 40.0 0
  281.91085799999996 208.0 3
  282.159515 56564.0 691
  283.239807 116.0 1
  283.45385699999997 72.0 1
  283.515442 180.0 2
  284.349884 188.0 2
  284.720978 11.36905 0
  284.734497 68.0 1
  285.156036 176.0 2
  286.06634499999996 196.0 2
  286.077942 48.0 1
  286.452362 52.0 1
  286.52401699999996 108.0 1
  286.88348399999995 88.0 1
  287.107849 396.0 5
  287.546051 196.0 2
  287.881561 80.0 1
  287.88324 92.0 1
  287.938293 176.0 2
  288.83306899999997 164.0 2
  289.15124499999996 28.63344 0
  289.26904299999995 84.0 1
  289.41815199999996 15.47619 0
  290.11828599999996 904.0 11
  290.492615 52.0 1
  290.993378 116.0 1
  291.160309 96.0 1
  291.344727 144.0 2
  291.79281599999996 92.0 1
  292.050903 9612.0 117
  292.13159199999996 52.0 1
  292.151367 216.0 3
  293.02307099999996 104.0 1
  293.039307 140.0 2
  293.15213 225.797699 3
  293.530304 68.0 1
  293.873199 208.0 3
  293.97421299999996 172.0 2
  294.095306 11.48761 0
  294.26791399999996 152.0 2
  294.445496 144.0 2
  294.474152 28.0 0
  294.53140299999995 240.0 3
  294.64642299999997 140.0 2
  294.816101 60.0 1
  295.605774 156.0 2
  295.81744399999997 72.0 1
  295.92837499999996 184.0 2
  297.04092399999996 192.0 2
  297.103271 156.0 2
  297.18865999999997 52.0 1
  297.83032199999997 44.0 1
  297.981812 48.0 1
  298.05569499999996 136.0 2
  298.712402 156.0 2
  299.082245 1752.0 21
  299.127594 104.0 1
  299.15924099999995 332.0 4
  299.19924899999995 352.0 4
  299.618164 116.0 1
  299.97506699999997 168.0 2
  300.292236 7.511111 0
  300.370117 164.0 2
  300.684418 72.0 1
  300.772156 68.0 1
  301.112976 176.0 2
  301.572388 64.0 1
  301.815002 164.0 2
  302.529541 56.0 1
  302.927399 116.0 1
  303.047424 172.0 2
  304.386353 216.0 3
  304.954407 192.0 2
  305.05365 36.0 0
  305.710205 12.40833 0
  305.725647 164.0 2
  305.918427 37812.0 462
  306.05673199999995 108.0 1
  306.098724 232.0 3
  306.099945 184.0 2
  306.14135699999997 152.0 2
  306.959412 176.0 2
  307.076843 168.0 2
  307.092651 332.0 4
  307.15295399999997 156.0 2
  307.16336099999995 468.0 6
  307.550568 144.0 2
  307.883453 212.0 3
  307.977753 148.0 2
  308.38424699999996 136.0 2
  309.066986 154.0 2
  309.719391 1.950847 0
  309.787628 104.0 1
  309.97903399999996 140.0 2
  310.338684 168.0 2
  310.566223 1211.584839 15
  310.59793099999996 112.0 1
  311.16171299999996 180.0 2
  311.546448 108.0 1
  311.92098999999996 144.0 2
  312.209564 172.0 2
  312.436249 80.0 1
  312.579834 56.0 1
  312.93215899999996 96.0 1
  313.15441899999996 10172.0 124
  314.079163 6136.0 75
  314.171021 0.359232 0
  314.90148899999997 216.0 3
  315.983368 132.0 2
  318.89345699999996 200.0 2
  319.03610199999997 248.0 3
  320.035065 116.0 1
  320.054871 92.0 1
  320.387909 52.0 1
  321.27941899999996 80.0 1
  321.350006 100.0 1
  321.78299 148.0 2
  322.49987799999997 104.0 1
  322.87179599999996 56.0 1
  323.17614699999996 188.0 2
  323.547424 248.0 3
  324.059052 76.0 1
  324.34115599999996 140.0 2
  324.482422 80.0 1
  324.822479 36.0 0
  325.01766999999995 184.0 2
  325.41601599999996 240.0 3
  326.18533299999996 424.0 5
  327.094635 148.0 2
  327.70712299999997 36.0 0
  327.928345 264.0 3
  328.293304 2.25 0
  328.297729 56.0 1
  328.53784199999996 168.0 2
  328.550323 224.0 3
  329.094788 132.0 2
  330.22250399999996 148.0 2
  331.080872 336.0 4
  331.95480299999997 96.0 1
  332.762726 180.0 2
  333.093842 208.0 3
  333.316986 36.0 0
  333.606476 224.0 3
  333.75418099999996 124.0 2
  334.164612 140.0 2
  334.994263 102.0 1
  336.23425299999997 312.0 4
  336.65820299999996 84.0 1
  336.988586 180.0 2
  337.824707 340.0 4
  338.602264 64.0 1
  339.546539 120.0 1
  340.34631299999995 128.0 2
  340.79769899999997 112.0 1
  340.81543 80.0 1
  340.858948 48.0 1
  341.491943 120.0 1
  341.59286499999996 144.0 2
  342.306152 48.0 1
  343.73614499999996 224.0 3
  343.87463399999996 252.0 3
  344.75692699999996 124.0 2
  345.489136 156.0 2
  346.4133 60.0 1
  346.77340699999996 128.0 2
  348.537689 68.0 1
  348.619781 112.0 1
  349.93661499999996 124.0 2
  351.14151 212.0 3
  351.898804 140.0 2
  352.00915499999996 284.0 3
  352.085565 168.0 2
  354.31591799999995 156.0 2
  354.42013499999996 36.0 0
  355.231445 100.0 1
  356.045349 172.0 2
  356.423584 128.0 2
  356.913635 108.0 1
  357.11303699999996 204.0 2
  357.836823 112.0 1
  358.253204 0.890312 0
  358.507935 224.0 3
  358.523285 40.0 0
  358.976166 11.892196 0
  359.125366 124.0 2
  359.9617 3372.0 41
  360.266907 60.0 1
  360.65448 92.0 1
  360.948242 240.0 3
  361.11767599999996 128.0 2
  361.351166 152.0 2
  363.60461399999997 40.0 0
  364.32354699999996 172.0 2
  364.402802 72.0 1
  364.60635399999995 104.0 1
  364.97833299999996 236.0 3
  365.97131299999995 32.0 0
  367.541595 36.0 0
  368.010681 116.0 1
  368.06417799999997 188.0 2
  370.835632 68.0 1
  371.706299 52.0 1
  372.31597899999997 168.0 2
  372.543121 188.0 2
  372.775238 168.0 2
  373.594116 84.0 1
  373.81805399999996 100.0 1
  375.109222 68.0 1
  375.670319 420.0 5
  376.60229499999997 60.0 1
  378.00753799999995 52.0 1
  378.168732 132.0 2
  378.264465 81736.0 999
//
