ACCESSION: CCMSLIB00000078248
RECORD_TITLE: decoy
DATE: 2015.11.20
AUTHORS: Administrator
LICENSE: CC BY-SA
CH$NAME: decoy
CH$COMPOUND_CLASS: Natural Product
CH$FORMULA: C15H13N3O4S
CH$EXACT_MASS: 331.06267689599997
CH$SMILES: N/A
CH$IUPAC: decoy
CH$LINK: N/A
AC$INSTRUMENT: decoy
AC$INSTRUMENT_TYPE: decoy
AC$MASS_SPECTROMETRY: MS_TYPE MS2
AC$MASS_SPECTROMETRY: ION_MODE POSITIVE
AC$MASS_SPECTROMETRY: COLLISION_ENERGY 10 V
MS$FOCUSED_ION: PRECURSOR_M/Z 332
MS$FOCUSED_ION: PRECURSOR_TYPE [M+H]+
PK$NUM_PEAK: 60
PK$PEAK: m/z int. rel.int.
  52.546921000000005 80.0 8
  55.571697 60.0 6
  63.348171 180.0 18
  68.30749499999999 188.0 19
  90.780998 176.0 18
  93.46707199999999 196.0 20
  94.775841 196.0 20
  100.83859299999999 160.0 16
  101.18843799999999 88.0 9
  108.08061199999999 706.873413 72
  109.4366 312.0 32
  110.07404299999999 152.0 15
  113.30317699999999 192.0 20
  114.936432 116.0 12
  115.506523 120.0 12
  117.948059 36.0 4
  120.20719899999999 128.0 13
  126.20993 184.0 19
  127.158485 212.0 22
  132.879532 76.0 8
  133.75856000000002 136.0 14
  141.157455 28.0 3
  141.42459100000002 40.0 4
  143.85643000000002 180.0 18
  146.87089500000002 240.0 24
  148.519958 240.0 24
  151.15564 120.0 12
  152.182205 108.0 11
  157.51490800000002 148.0 15
  158.855042 124.0 13
  158.90574600000002 156.0 16
  160.422821 168.0 17
  162.078079 100.0 10
  163.076004 560.0 57
  166.546997 164.0 17
  168.007721 248.0 25
  173.168304 172.0 18
  175.52984600000002 56.0 6
  178.73143000000002 100.0 10
  182.80079700000002 152.0 15
  184.446609 140.0 14
  184.631821 132.0 13
  185.187195 68.0 7
  202.449951 21.14205 2
  206.49736000000001 68.0 7
  210.27626 236.0 24
  212.04499800000002 176.0 18
  214.638336 64.0 7
  219.585114 160.0 16
  219.676453 18.61569 2
  232.510422 156.0 16
  239.653976 72.0 7
  277.452942 200.0 20
  281.28198199999997 140.0 14
  289.02993799999996 152.0 15
  294.14669799999996 164.0 17
  295.315094 6.446429 1
  297.040009 228.0 23
  308.175415 9808.0 999
  332.070764 6876.0 700
//
