ACCESSION: CCMSLIB00000005668
RECORD_TITLE: decoy
DATE: 2015.11.20
AUTHORS: Administrator
LICENSE: CC BY-SA
CH$NAME: decoy
CH$COMPOUND_CLASS: Natural Product
CH$FORMULA: C16H14O3
CH$EXACT_MASS: 254.09429430799997
CH$SMILES: N/A
CH$IUPAC: decoy
CH$LINK: N/A
AC$INSTRUMENT: decoy
AC$INSTRUMENT_TYPE: decoy
AC$MASS_SPECTROMETRY: MS_TYPE MS2
AC$MASS_SPECTROMETRY: ION_MODE POSITIVE
AC$MASS_SPECTROMETRY: COLLISION_ENERGY 10 V
MS$FOCUSED_ION: PRECURSOR_M/Z 255
MS$FOCUSED_ION: PRECURSOR_TYPE [M+H]+
PK$NUM_PEAK: 38
PK$PEAK: m/z int. rel.int.
  48.993248 188.0 456
  53.058910000000004 192.0 466
  72.546967 164.0 398
  83.69577799999999 216.0 524
  95.211052 136.0 330
  99.558495 228.0 553
  100.447662 188.0 456
  104.99668899999999 332.0 805
  105.25527199999999 412.0 999
  112.41832699999999 296.0 718
  127.940292 232.0 563
  128.887634 172.0 417
  132.683746 100.0 242
  135.582016 116.0 281
  143.69296300000002 200.0 485
  156.44457400000002 124.0 301
  160.27520800000002 88.0 213
  160.736786 48.0 116
  164.01713600000002 152.0 369
  165.99168400000002 224.0 543
  175.793137 180.0 436
  176.083328 113.129845 274
  193.78268400000002 180.0 436
  194.888641 144.0 349
  197.846069 152.0 369
  200.180542 132.0 320
  204.679413 68.0 165
  207.04904200000001 152.0 369
  208.855453 180.0 436
  209.06573500000002 200.0 485
  211.93248 180.0 436
  213.376877 144.0 349
  213.53865100000002 280.0 679
  214.584122 104.0 252
  217.04135100000002 136.0 330
  222.409775 232.0 563
  228.859497 176.0 427
  255.099487 156.031906 378
//
