ACCESSION: CCMSLIB00000079689
RECORD_TITLE: decoy
DATE: 2015.11.20
AUTHORS: Administrator
LICENSE: CC BY-SA
CH$NAME: decoy
CH$COMPOUND_CLASS: Natural Product
CH$FORMULA: C23H27N3O3
CH$EXACT_MASS: 393.205241724
CH$SMILES: N/A
CH$IUPAC: decoy
CH$LINK: N/A
AC$INSTRUMENT: decoy
AC$INSTRUMENT_TYPE: decoy
AC$MASS_SPECTROMETRY: MS_TYPE MS2
AC$MASS_SPECTROMETRY: ION_MODE POSITIVE
AC$MASS_SPECTROMETRY: COLLISION_ENERGY 10 V
MS$FOCUSED_ION: PRECURSOR_M/Z 394
MS$FOCUSED_ION: PRECURSOR_TYPE [M+H]+
PK$NUM_PEAK: 1880
PK$PEAK: m/z int. rel.int.
  39.188443 252.0 2
  44.909683 148.0 1
  45.109413 80.0 0
  45.131546 28.0 0
  45.138336 100.0 1
  45.238197 232.0 1
  45.250408 176.0 1
  45.297668 212.0 1
  45.340485 188.0 1
  45.355846 156.0 1
  45.391571 128.0 1
  45.500378000000005 152.0 1
  45.552471000000004 212.0 1
  45.634258 184.0 1
  45.708622 92.0 1
  45.950047000000005 168.0 1
  46.028332 156.0 1
  46.062428000000004 172.0 1
  46.17416 80.0 0
  46.181721 176.0 1
  46.182285 192.0 1
  46.244579 200.0 1
  46.406425 140.0 1
  46.412613 236.0 1
  46.442947000000004 152.0 1
  46.499859 152.0 1
  46.952358000000004 204.0 1
  46.963139 260.0 2
  47.036613 252.0 2
  47.303181 132.0 1
  47.303928 156.0 1
  47.39286 180.0 1
  47.56134 148.0 1
  47.706482 128.0 1
  47.795986 128.0 1
  47.927971 188.0 1
  47.986069 192.0 1
  48.251991000000004 96.0 1
  48.520721 80.0 0
  48.586967 156.0 1
  48.922901 140.0 1
  48.962334 188.0 1
  49.204716000000005 184.0 1
  49.214478 92.0 1
  49.689121 316.0 2
  49.752537000000004 200.0 1
  49.7729 136.0 1
  49.783424000000004 204.0 1
  49.798794 44.0 0
  49.888836000000005 180.0 1
  49.920776000000004 208.0 1
  49.934650000000005 156.0 1
  50.246132 48.0 0
  50.325508 172.0 1
  50.394814000000004 212.0 1
  50.452534 156.0 1
  50.481331000000004 252.0 2
  51.070297000000004 168.0 1
  51.094723 136.0 1
  51.466568 176.0 1
  51.779617 184.0 1
  52.076504 168.0 1
  52.083042 220.0 1
  52.119556 172.0 1
  52.199764 132.0 1
  52.457691000000004 132.0 1
  52.491394 168.0 1
  52.837349 132.0 1
  52.974884 252.0 2
  53.053001 192.0 1
  53.229702 192.0 1
  53.232281 188.0 1
  53.427773 140.0 1
  53.485317 136.0 1
  53.719383 76.0 0
  53.945786 204.0 1
  54.298313 144.0 1
  54.305744000000004 148.0 1
  54.446922 172.0 1
  54.467121 204.0 1
  54.554577 132.0 1
  54.690655 184.0 1
  54.921761000000004 184.0 1
  55.089897 96.0 1
  55.156483 120.0 1
  55.179634 116.0 1
  55.269283 172.0 1
  55.308388 44.0 0
  55.469643000000005 140.0 1
  55.587856 96.0 1
  55.944622 184.0 1
  56.181831 92.0 1
  56.421726 252.0 2
  56.638531 204.0 1
  56.905987 176.0 1
  56.942375 160.0 1
  56.993164 264.0 2
  57.020058 140.0 1
  57.062538 268.0 2
  57.135571 164.0 1
  57.141598 144.0 1
  57.462105 188.0 1
  57.619640000000004 120.0 1
  57.678856 176.0 1
  57.741077000000004 180.0 1
  57.770889000000004 220.0 1
  57.879578 124.0 1
  57.956097 260.0 2
  57.966515 200.0 1
  58.054111 132.0 1
  58.064545 164.0 1
  58.146378 40.0 0
  58.371681 148.0 1
  58.59613 156.0 1
  58.917053 84.0 1
  58.978477 156.0 1
  58.991699000000004 176.0 1
  59.209824000000005 148.0 1
  59.294346000000004 116.0 1
  59.444283 256.0 2
  59.668648000000005 140.0 1
  59.806385 168.0 1
  59.812637 192.0 1
  60.060388 148.0 1
  60.255268 152.0 1
  60.327213 156.0 1
  60.506897 148.0 1
  60.508263 148.0 1
  60.722649000000004 120.0 1
  60.900776 212.0 1
  61.084541 172.0 1
  61.215332000000004 176.0 1
  61.496876 140.0 1
  61.661148000000004 180.0 1
  61.767765000000004 176.0 1
  61.928909000000004 184.0 1
  62.34164 84.0 1
  62.450314 260.0 2
  62.471008000000005 136.0 1
  62.632092 112.0 1
  62.663837 84.0 1
  62.682892 124.0 1
  62.914597 160.0 1
  62.91914 156.0 1
  62.956043 164.0 1
  63.051273 152.0 1
  63.099609 132.0 1
  63.156471 112.0 1
  63.410957 188.0 1
  63.466457 152.0 1
  63.520599000000004 176.0 1
  63.644867000000005 144.0 1
  63.913353 128.0 1
  64.182945 200.0 1
  64.23352799999999 248.0 2
  64.34094999999999 176.0 1
  64.55098 68.0 0
  64.681587 196.0 1
  64.684151 128.0 1
  64.81427 196.0 1
  64.96318099999999 128.0 1
  65.40505999999999 156.0 1
  65.416557 160.0 1
  65.574951 132.0 1
  65.58196299999999 140.0 1
  66.273033 268.0 2
  66.336761 160.0 1
  66.815849 212.0 1
  67.074913 108.0 1
  67.28841399999999 224.0 1
  67.48387899999999 144.0 1
  67.72469299999999 156.0 1
  68.217361 208.0 1
  68.25199099999999 176.0 1
  68.28744499999999 272.0 2
  68.497086 180.0 1
  68.706345 196.0 1
  68.78924599999999 116.0 1
  68.85645299999999 156.0 1
  69.012604 180.0 1
  69.136269 128.0 1
  69.195511 140.0 1
  69.274643 140.0 1
  69.35041 176.0 1
  69.361145 144.0 1
  69.550591 124.0 1
  69.84874699999999 148.0 1
  69.90347299999999 200.0 1
  70.145409 152.0 1
  70.166153 196.0 1
  70.34593199999999 100.0 1
  70.357788 120.0 1
  70.411598 100.0 1
  70.615921 140.0 1
  70.642517 164.0 1
  70.720474 180.0 1
  70.738945 184.0 1
  71.17995499999999 200.0 1
  71.604507 148.0 1
  72.23544299999999 188.0 1
  72.33283999999999 124.0 1
  72.36728699999999 188.0 1
  72.450615 160.0 1
  72.505569 48.0 0
  72.54240399999999 204.0 1
  72.571068 152.0 1
  72.60941299999999 168.0 1
  72.72005499999999 188.0 1
  72.94547999999999 196.0 1
  73.18759899999999 52.0 0
  73.203964 156.0 1
  73.29847699999999 240.0 1
  73.55856299999999 168.0 1
  73.62036099999999 164.0 1
  73.657753 28.0 0
  73.76741799999999 204.0 1
  73.848244 120.0 1
  73.912506 140.0 1
  74.01252 160.0 1
  74.269348 196.0 1
  74.57133499999999 136.0 1
  74.865479 176.0 1
  75.11232 168.0 1
  75.142281 196.0 1
  75.182419 140.0 1
  75.18341099999999 176.0 1
  75.564735 152.0 1
  75.6259 256.0 2
  75.632217 152.0 1
  75.72756199999999 116.0 1
  75.88068399999999 140.0 1
  75.88690899999999 148.0 1
  75.99292 140.0 1
  76.270868 148.0 1
  76.42205 68.0 0
  76.61872899999999 160.0 1
  76.66525299999999 160.0 1
  76.70841999999999 220.0 1
  76.858261 120.0 1
  76.90792099999999 152.0 1
  76.96514099999999 160.0 1
  77.02771 172.0 1
  77.079391 168.0 1
  77.082321 128.0 1
  77.347961 264.0 2
  77.477936 196.0 1
  77.988396 236.0 1
  78.06090499999999 140.0 1
  78.11640899999999 168.0 1
  78.570786 204.0 1
  78.574265 116.0 1
  78.66122399999999 160.0 1
  78.830421 168.0 1
  79.36889599999999 148.0 1
  79.547523 184.0 1
  79.891182 152.0 1
  79.95532299999999 256.0 2
  79.98248299999999 184.0 1
  80.281723 172.0 1
  80.337166 176.0 1
  80.34091199999999 132.0 1
  80.344917 116.0 1
  80.37760899999999 180.0 1
  80.391571 148.0 1
  80.420547 160.0 1
  80.579117 196.0 1
  80.602547 208.0 1
  80.699951 148.0 1
  80.92012799999999 172.0 1
  81.029648 160.0 1
  81.819115 436.0 3
  81.97885099999999 128.0 1
  82.02063 272.0 2
  82.33406099999999 188.0 1
  82.379189 32.0 0
  82.399284 196.0 1
  82.62934899999999 172.0 1
  82.66322299999999 148.0 1
  82.75634 180.0 1
  82.761017 152.0 1
  83.401077 96.0 1
  83.447784 112.0 1
  83.53255499999999 140.0 1
  83.66643499999999 308.0 2
  83.75945999999999 264.0 2
  83.85125699999999 200.0 1
  83.92779499999999 168.0 1
  84.078857 148.0 1
  84.275909 88.0 1
  84.38499499999999 152.0 1
  84.84368099999999 144.0 1
  84.867317 104.0 1
  85.13297999999999 224.0 1
  85.61872899999999 196.0 1
  85.702179 128.0 1
  85.973221 200.0 1
  86.05794499999999 168.0 1
  86.09054599999999 144.0 1
  86.14338699999999 144.0 1
  86.24389599999999 116.0 1
  86.263313 156.0 1
  86.358261 128.0 1
  86.36492199999999 172.0 1
  86.489525 148.0 1
  86.832695 160.0 1
  86.859535 116.0 1
  87.03389 200.0 1
  87.21418 124.0 1
  87.239723 176.0 1
  87.315804 236.0 1
  87.321266 160.0 1
  87.342682 164.0 1
  87.36483 224.0 1
  87.71122 220.0 1
  88.438408 180.0 1
  88.59545899999999 148.0 1
  88.71913099999999 208.0 1
  88.785614 160.0 1
  88.96755999999999 148.0 1
  89.129707 140.0 1
  89.258865 220.0 1
  89.329231 192.0 1
  89.45573399999999 156.0 1
  89.484016 136.0 1
  89.499969 148.0 1
  89.92472099999999 80.0 0
  90.303162 144.0 1
  90.59509999999999 312.0 2
  90.81380499999999 148.0 1
  91.002663 220.0 1
  91.33004799999999 108.0 1
  91.336525 136.0 1
  91.460022 92.0 1
  91.58899799999999 148.0 1
  91.62445799999999 176.0 1
  91.776772 112.0 1
  92.057182 916.0 6
  92.16723599999999 180.0 1
  92.18904099999999 252.0 2
  92.232491 184.0 1
  92.638351 136.0 1
  92.752861 148.0 1
  92.852592 172.0 1
  93.071259 2940.0 18
  93.319344 148.0 1
  93.78846 132.0 1
  93.931305 112.0 1
  93.956108 56.0 0
  94.110382 160.0 1
  94.193878 180.0 1
  94.194237 148.0 1
  94.39332599999999 196.0 1
  94.44773099999999 212.0 1
  94.496017 112.0 1
  94.522758 164.0 1
  94.526634 288.0 2
  94.532265 164.0 1
  94.765732 188.0 1
  95.039345 152.0 1
  95.08479299999999 960.0 6
  95.10013599999999 204.0 1
  95.18682899999999 164.0 1
  95.218758 160.0 1
  95.25555399999999 156.0 1
  95.31598699999999 136.0 1
  95.367424 264.0 2
  95.46749899999999 148.0 1
  95.55265 152.0 1
  95.600601 312.0 2
  95.75205199999999 108.0 1
  95.754959 188.0 1
  95.78475999999999 168.0 1
  95.90181 168.0 1
  96.045486 52.0 0
  96.07183099999999 180.0 1
  96.16984599999999 252.0 2
  96.203148 184.0 1
  96.25433299999999 180.0 1
  96.33416 148.0 1
  96.37312299999999 136.0 1
  96.38967099999999 164.0 1
  96.412804 140.0 1
  96.50885 164.0 1
  96.827271 80.0 0
  97.06420899999999 176.0 1
  97.07122 160.0 1
  97.101357 5528.0 34
  97.634773 152.0 1
  98.05032299999999 164.0 1
  98.179367 304.0 2
  98.28098299999999 68.0 0
  98.28862799999999 168.0 1
  98.511826 168.0 1
  98.62001 296.0 2
  98.632751 172.0 1
  98.91616099999999 100.0 1
  98.92551399999999 120.0 1
  98.95156899999999 244.0 1
  98.980446 188.0 1
  99.041145 464.0 3
  99.043365 148.0 1
  99.17759699999999 180.0 1
  99.265549 112.0 1
  99.48776199999999 160.0 1
  99.546303 224.0 1
  99.8564 84.0 1
  99.878288 140.0 1
  99.991936 180.0 1
  100.05435899999999 304.0 2
  100.061729 216.0 1
  100.09099599999999 56.0 0
  100.311409 176.0 1
  100.328392 140.0 1
  100.46906299999999 136.0 1
  100.817162 196.0 1
  100.88091299999999 148.0 1
  100.883682 100.0 1
  101.062332 172.0 1
  101.240257 176.0 1
  101.37043 160.0 1
  101.447037 14.72727 0
  101.45503199999999 172.0 1
  101.498047 156.0 1
  101.523682 3.125 0
  101.586693 4.0 0
  101.586868 168.0 1
  101.73541999999999 156.0 1
  101.864616 356.0 2
  101.913101 128.0 1
  101.916359 136.0 1
  101.927353 48.0 0
  101.96469099999999 128.0 1
  101.989998 124.0 1
  102.04180099999999 168.0 1
  102.126511 168.0 1
  102.31929 184.0 1
  102.371933 180.0 1
  102.391075 112.0 1
  102.41480299999999 196.0 1
  102.552742 156.0 1
  102.587616 64.0 0
  102.61535599999999 144.0 1
  102.61881299999999 18.29167 0
  102.660912 136.0 1
  102.827095 180.0 1
  102.863159 92.0 1
  102.86556999999999 176.0 1
  103.076454 184.0 1
  103.082146 168.0 1
  103.08596 176.0 1
  103.123741 48.0 0
  103.331543 152.0 1
  103.378868 140.0 1
  103.57712599999999 88.0 1
  103.62046099999999 200.0 1
  103.687393 156.0 1
  103.719124 88.0 1
  103.761856 148.0 1
  103.79377 136.0 1
  104.181953 144.0 1
  104.338387 208.0 1
  104.484032 60.0 0
  104.49845099999999 132.0 1
  104.524254 3.816667 0
  104.72824899999999 172.0 1
  104.814262 172.0 1
  104.918098 164.0 1
  104.94828 160.0 1
  105.034172 348.0 2
  105.03688799999999 16.605619 0
  105.070526 4016.0 25
  105.206291 288.0 2
  105.25463099999999 272.0 2
  105.265869 148.0 1
  105.344788 168.0 1
  105.352989 148.0 1
  105.380333 140.0 1
  105.472038 176.0 1
  105.516151 124.0 1
  105.67555999999999 228.0 1
  105.727036 200.0 1
  105.85913099999999 148.0 1
  105.92826099999999 152.0 1
  105.94264199999999 392.0 2
  106.03347799999999 92.0 1
  106.217766 152.0 1
  106.37172699999999 164.0 1
  106.506897 196.0 1
  106.55863199999999 52.0 0
  106.577248 188.0 1
  106.726936 120.0 1
  106.86067999999999 168.0 1
  106.92237899999999 172.0 1
  107.07281499999999 176.0 1
  107.22260999999999 176.0 1
  107.26516699999999 56.332539 0
  107.267906 172.0 1
  107.29641699999999 116.0 1
  107.317139 120.0 1
  107.47926299999999 68.0 0
  107.51355 220.0 1
  107.62966899999999 180.0 1
  107.71951299999999 112.0 1
  107.875755 60.0 0
  107.89347799999999 92.0 1
  107.90586099999999 7.38447 0
  108.27374999999999 172.0 1
  108.543442 48.0 0
  108.579178 144.0 1
  108.684387 92.0 1
  108.942078 68.0 0
  109.063431 800.0 5
  109.078094 172.0 1
  109.14797999999999 60.0 0
  109.57199899999999 244.0 1
  109.69381 52.0 0
  109.702209 220.0 1
  109.786362 212.0 1
  110.164093 172.0 1
  110.264946 124.0 1
  110.322823 152.0 1
  110.380348 272.0 2
  110.393982 172.0 1
  110.70545999999999 160.0 1
  110.89415699999999 212.0 1
  110.944069 60.0 0
  111.016396 192.0 1
  111.082681 452.0 3
  111.20268999999999 80.0 0
  111.235039 172.0 1
  111.26769999999999 160.0 1
  111.389473 124.0 1
  111.400162 176.0 1
  111.45120999999999 92.0 1
  111.820572 156.0 1
  111.91984599999999 180.0 1
  112.43691299999999 112.0 1
  112.582588 68.0 0
  112.644066 248.0 2
  112.67096699999999 132.0 1
  112.810684 144.0 1
  112.833244 132.0 1
  112.987442 168.0 1
  112.994034 140.0 1
  113.099335 96.0 1
  113.11009999999999 168.0 1
  113.116135 136.0 1
  113.29630999999999 116.0 1
  113.32414999999999 212.0 1
  113.44944799999999 48.0 0
  113.46479799999999 164.0 1
  113.56208799999999 92.0 1
  113.737808 128.0 1
  113.745926 120.0 1
  113.747818 204.0 1
  113.82043499999999 144.0 1
  113.850754 156.0 1
  113.873589 132.0 1
  113.948509 212.0 1
  113.99604 152.0 1
  114.049934 184.0 1
  114.08019999999999 204.0 1
  114.165855 184.0 1
  114.299904 40.0 0
  114.36966699999999 200.0 1
  114.41004199999999 140.0 1
  114.84954099999999 152.0 1
  114.86514299999999 124.0 1
  114.89214299999999 96.0 1
  114.89813199999999 188.0 1
  115.012154 164.0 1
  115.05536699999999 270.0 2
  115.111176 280.0 2
  115.125496 156.0 1
  115.14990999999999 3.15625 0
  115.165123 88.0 1
  115.219528 168.0 1
  115.370087 144.0 1
  115.468025 172.0 1
  115.482903 188.0 1
  115.48842599999999 176.0 1
  115.595016 92.0 1
  115.753075 72.0 0
  115.82884999999999 192.0 1
  115.913551 200.0 1
  116.00858299999999 152.0 1
  116.257256 172.0 1
  116.267845 192.0 1
  116.27564199999999 148.0 1
  116.38952599999999 148.0 1
  116.47365599999999 68.0 0
  116.50521099999999 2.960526 0
  116.564774 148.0 1
  116.571991 160.0 1
  116.64066299999999 152.0 1
  116.69009399999999 172.0 1
  116.741112 196.0 1
  116.96418 168.0 1
  117.046021 148.0 1
  117.057541 1520.0 9
  117.071091 692.0 4
  117.081825 212.0 1
  117.203278 44.0 0
  117.24628399999999 200.0 1
  117.269829 216.0 1
  117.693863 196.0 1
  117.85520199999999 148.0 1
  117.911293 160.0 1
  117.976852 128.0 1
  118.018013 192.0 1
  118.056747 128.0 1
  118.064613 492.0 3
  118.198112 148.0 1
  118.220512 132.0 1
  118.33620499999999 124.0 1
  118.387199 140.0 1
  118.477127 152.0 1
  118.491013 152.0 1
  118.58816499999999 240.0 1
  118.660721 272.0 2
  118.79547099999999 192.0 1
  118.811798 108.0 1
  118.815208 252.0 2
  118.979424 136.0 1
  119.04978899999999 1884.0 12
  119.09165999999999 196.0 1
  119.136269 136.0 1
  119.16772499999999 68.0 0
  119.185707 224.0 1
  119.20140099999999 196.0 1
  119.41758 136.0 1
  119.58370199999999 188.0 1
  119.595665 132.0 1
  119.844337 172.0 1
  119.87138399999999 76.0 0
  119.924599 64.0 0
  120.016899 156.0 1
  120.052521 148.0 1
  120.05708299999999 144.0 1
  120.21704899999999 164.0 1
  120.223427 144.0 1
  120.235992 36.0 0
  120.40484599999999 148.0 1
  120.52909199999999 172.0 1
  120.80498499999999 164.0 1
  120.86046599999999 172.0 1
  121.30968499999999 40.0 0
  121.360001 144.0 1
  121.62364199999999 152.0 1
  121.69781499999999 88.0 1
  121.75638599999999 136.0 1
  121.886192 328.0 2
  121.93968199999999 208.0 1
  122.02950299999999 140.0 1
  122.06738299999999 464.0 3
  122.09679399999999 1552.0 10
  122.274963 100.0 1
  122.275436 84.0 1
  122.282181 116.0 1
  122.34601599999999 232.0 1
  122.365845 144.0 1
  122.428947 76.0 0
  122.43255599999999 148.0 1
  122.436905 204.0 1
  122.480232 140.0 1
  122.495491 136.0 1
  122.522606 184.0 1
  122.712898 148.0 1
  122.72509799999999 216.0 1
  122.971092 88.0 1
  123.042328 364.0 2
  123.153931 72.0 0
  123.228668 36.0 0
  124.057571 148.0 1
  124.268692 164.0 1
  124.400894 14.16964 0
  124.51741799999999 220.0 1
  124.52763399999999 132.0 1
  124.552177 184.0 1
  124.56800799999999 116.0 1
  124.58657799999999 168.0 1
  124.633797 176.0 1
  124.69760099999999 112.0 1
  124.790596 172.0 1
  124.82157099999999 108.0 1
  124.863304 88.0 1
  124.903137 120.0 1
  124.923058 172.0 1
  125.148758 172.0 1
  125.316704 104.0 1
  125.395966 136.0 1
  125.396187 92.0 1
  125.467445 176.0 1
  125.882492 180.0 1
  125.884941 176.0 1
  125.97153499999999 160.0 1
  125.99396499999999 88.0 1
  126.17521699999999 128.0 1
  126.287758 144.0 1
  126.427414 96.0 1
  126.441536 208.0 1
  126.68603499999999 120.0 1
  126.78417999999999 152.0 1
  126.816322 136.0 1
  126.83824899999999 48.0 0
  126.883163 296.0 2
  127.03616299999999 1516.0 9
  127.05349 1068.0 7
  127.084526 136.0 1
  127.34932699999999 184.0 1
  127.552162 148.0 1
  127.843132 140.0 1
  127.893524 136.0 1
  127.89439399999999 216.0 1
  127.965668 164.0 1
  127.970131 40.0 0
  127.99938999999999 188.0 1
  128.051392 396.0 2
  128.064941 196.0 1
  128.088043 100.0 1
  128.088837 136.0 1
  128.091873 144.0 1
  128.106064 140.0 1
  128.239517 144.0 1
  128.40062 200.0 1
  128.550568 128.0 1
  128.630722 176.0 1
  128.64064 284.0 2
  128.845657 196.0 1
  129.04341100000002 144.0 1
  129.050339 172.0 1
  129.284836 132.0 1
  129.310486 52.0 0
  129.55152900000002 232.0 1
  129.658722 68.0 0
  129.96623200000002 188.0 1
  130.407349 3.020833 0
  130.42305000000002 52.0 0
  130.562073 120.0 1
  130.697418 112.0 1
  130.839767 172.0 1
  130.863113 120.0 1
  131.072586 2644.0 16
  131.224548 132.0 1
  131.818207 44.0 0
  132.038101 68.0 0
  132.08166500000002 144.0 1
  132.082718 180.0 1
  132.12532000000002 208.0 1
  132.19206200000002 104.0 1
  132.250626 76.0 0
  132.26881400000002 272.0 2
  132.35463000000001 156.0 1
  132.359879 164.0 1
  132.373276 140.0 1
  132.39093 88.0 1
  132.40472400000002 140.0 1
  132.92549100000002 180.0 1
  133.019577 348.0 2
  133.132904 56.0 0
  133.15266400000002 216.0 1
  133.336319 68.0 0
  133.365601 192.0 1
  133.43412800000002 116.0 1
  133.457794 204.0 1
  133.535828 132.0 1
  133.837402 160.0 1
  133.842361 136.0 1
  133.886719 152.0 1
  133.979095 200.0 1
  134.107529 92.0 1
  134.187881 152.0 1
  134.340424 240.0 1
  134.371033 112.0 1
  134.38703900000002 196.0 1
  134.527725 224.0 1
  134.954202 212.0 1
  135.095032 75.120262 0
  135.124771 136.0 1
  135.132233 172.0 1
  135.22261 232.0 1
  135.426117 192.0 1
  135.470627 152.0 1
  135.91394 64.0 0
  136.04657 176.0 1
  136.07397500000002 5116.0 31
  136.09397900000002 148.0 1
  136.42309600000002 144.0 1
  136.65527300000002 196.0 1
  136.768265 132.0 1
  136.79118300000002 116.0 1
  136.873932 292.0 2
  136.929855 76.0 0
  136.93408200000002 116.0 1
  137.094818 680.0 4
  137.189713 92.0 1
  137.292587 128.0 1
  137.34393300000002 188.0 1
  137.405609 80.0 0
  137.47717300000002 120.0 1
  137.635513 224.0 1
  137.669174 184.0 1
  137.685638 164.0 1
  137.829849 52.0 0
  138.13707000000002 76.0 0
  138.22515900000002 316.0 2
  138.286423 212.0 1
  138.47129800000002 168.0 1
  138.55323800000002 160.0 1
  138.579803 120.0 1
  138.77101100000002 128.0 1
  138.798538 160.0 1
  139.033386 136.0 1
  139.059845 124.0 1
  139.112503 188.0 1
  139.470627 124.0 1
  139.832886 112.0 1
  139.856201 204.0 1
  140.061203 216.0 1
  140.10466 180.0 1
  140.282608 156.0 1
  140.356049 56.0 0
  140.36702 188.0 1
  140.409927 120.0 1
  140.513306 180.0 1
  140.55607600000002 136.0 1
  140.724121 148.0 1
  140.786484 148.0 1
  140.927933 164.0 1
  141.065582 244.0 1
  141.094772 248.0 2
  141.134308 212.0 1
  141.54504400000002 4.339286 0
  141.62428300000002 180.0 1
  141.875763 164.0 1
  142.01507600000002 68.0 0
  142.104828 2236.0 14
  142.22894300000002 32.0 0
  142.46369900000002 136.0 1
  142.962692 120.0 1
  142.99357600000002 192.0 1
  143.07942200000002 172.0 1
  143.090866 1048.0 6
  143.149948 180.0 1
  143.15910300000002 172.0 1
  143.23223900000002 88.0 1
  143.420456 132.0 1
  143.606186 168.0 1
  143.677994 180.0 1
  143.678696 176.0 1
  143.72305300000002 152.0 1
  143.78654500000002 80.0 0
  143.893066 192.0 1
  143.981232 156.0 1
  144.05796800000002 152.0 1
  144.080597 264.0 2
  144.127441 204.0 1
  144.16528300000002 184.0 1
  144.198837 76.0 0
  144.307373 204.0 1
  144.57103 152.0 1
  144.626877 128.0 1
  144.686203 132.0 1
  144.723206 172.0 1
  144.88368200000002 140.0 1
  145.002945 192.0 1
  145.27847300000002 8.333333 0
  145.51289400000002 184.0 1
  145.55685400000002 148.0 1
  145.571594 64.0 0
  145.61840800000002 48.0 0
  145.955658 160.0 1
  146.005234 148.0 1
  146.034637 2628.0 16
  146.38107300000001 164.0 1
  146.535202 164.0 1
  146.679947 164.0 1
  146.69206200000002 64.0 0
  146.729385 180.0 1
  146.825851 180.0 1
  147.04393000000002 2448.0 15
  147.044968 16264.0 100
  147.11874400000002 336.0 2
  147.133286 116.0 1
  147.17733800000002 204.0 1
  147.21893300000002 132.0 1
  147.227136 180.0 1
  147.393921 264.0 2
  147.408218 176.0 1
  147.45477300000002 164.0 1
  147.521942 200.0 1
  147.64137300000002 88.0 1
  147.677094 208.0 1
  147.683762 168.0 1
  147.89239500000002 172.0 1
  147.949142 104.0 1
  148.216766 96.0 1
  148.26384000000002 176.0 1
  148.33783 248.0 2
  148.347687 72.0 0
  148.476715 172.0 1
  148.480362 200.0 1
  148.497772 168.0 1
  148.63342300000002 176.0 1
  148.976456 124.0 1
  148.987244 84.0 1
  149.058289 280.0 2
  149.092743 244.0 1
  149.097382 292.0 2
  149.176163 188.0 1
  149.27887 36.0 0
  149.357605 160.0 1
  149.446732 148.0 1
  149.471619 300.0 2
  149.536697 224.0 1
  149.63588000000001 44.0 0
  149.666763 128.0 1
  149.721588 68.0 0
  149.783661 192.0 1
  149.89952100000002 80.0 0
  149.916458 152.0 1
  149.932632 132.0 1
  149.950806 144.0 1
  150.09269700000002 716.0 4
  150.116104 84.0 1
  150.178131 160.0 1
  150.184372 240.0 1
  150.281189 72.0 0
  150.29277000000002 100.0 1
  150.29367100000002 188.0 1
  150.35926800000001 144.0 1
  150.41127 92.0 1
  150.58393900000002 204.0 1
  150.611008 96.0 1
  150.670715 80.0 0
  150.695404 84.0 1
  150.89321900000002 236.0 1
  150.945984 176.0 1
  151.07470700000002 162984.0 999
  151.109848 72.0 0
  151.47254900000001 300.0 2
  151.613922 120.0 1
  151.97331200000002 184.0 1
  152.11819500000001 36.0 0
  152.142548 112.0 1
  152.663406 60.0 0
  152.673401 84.0 1
  152.70550500000002 144.0 1
  152.718781 96.0 1
  152.839111 104.0 1
  153.005157 144.0 1
  153.029816 1108.0 7
  153.065186 328.0 2
  153.123795 192.0 1
  153.221313 48.0 0
  153.23126200000002 40.0 0
  153.80328400000002 196.0 1
  153.95723 228.0 1
  154.02499400000002 180.0 1
  154.105148 176.0 1
  154.10844400000002 308.0 2
  154.13197300000002 168.0 1
  154.67176800000001 168.0 1
  154.824768 64.0 0
  154.838455 140.0 1
  154.88647500000002 156.0 1
  154.906509 112.0 1
  154.940155 184.0 1
  155.08467100000001 2932.0 18
  155.32629400000002 36.0 0
  155.342026 208.0 1
  155.477448 80.0 0
  155.558212 188.0 1
  155.833176 160.0 1
  156.03363000000002 128.0 1
  156.03564500000002 104.0 1
  156.08900500000001 436.0 3
  156.278748 304.0 2
  156.403671 184.0 1
  156.729462 156.0 1
  156.813782 180.0 1
  156.96258500000002 236.0 1
  156.98176600000002 172.0 1
  157.012085 156.0 1
  157.12973 128.0 1
  157.152557 168.0 1
  157.368225 64.0 0
  157.44094800000002 92.0 1
  157.671967 100.0 1
  157.990341 136.0 1
  158.020218 128.0 1
  158.06517 116.0 1
  158.12226900000002 144.0 1
  158.19931 180.0 1
  158.292969 200.0 1
  158.38801600000002 2.335648 0
  158.442932 156.0 1
  158.606705 176.0 1
  158.692825 128.0 1
  158.837891 132.0 1
  159.043808 23744.0 146
  159.07698100000002 336.0 2
  159.34196500000002 180.0 1
  159.504669 116.0 1
  159.640442 136.0 1
  159.70137 144.0 1
  159.71936 108.0 1
  159.77444500000001 144.0 1
  159.91629 152.0 1
  159.979736 160.0 1
  160.123367 347.0 2
  160.22580000000002 156.0 1
  160.26019300000002 124.0 1
  160.395218 164.0 1
  160.396805 14.54735 0
  160.428574 52.0 0
  160.512878 108.0 1
  160.69438200000002 152.0 1
  160.71257 132.0 1
  160.789993 72.0 0
  161.040588 1584.0 10
  161.270767 100.0 1
  161.37265000000002 156.0 1
  161.594086 48.0 0
  161.848389 156.0 1
  161.901917 260.0 2
  161.906128 156.0 1
  162.04068 224.0 1
  162.192001 172.0 1
  162.198013 144.0 1
  162.321838 68.0 0
  162.67970300000002 168.0 1
  162.82016000000002 152.0 1
  162.833618 156.0 1
  163.010696 424.0 3
  163.059235 172.0 1
  163.25267 280.0 2
  163.484375 212.0 1
  163.632019 180.0 1
  163.633118 9.453908 0
  163.68124400000002 56.0 0
  163.784042 200.0 1
  164.043518 220.0 1
  164.07264700000002 340.0 2
  164.25349400000002 248.0 2
  164.423843 120.0 1
  164.527985 224.0 1
  164.658615 48.0 0
  165.030304 136.0 1
  165.105026 212.0 1
  165.176666 188.0 1
  165.245132 200.0 1
  165.794708 72.0 0
  165.80818200000002 152.0 1
  165.873779 140.0 1
  165.96369900000002 60.0 0
  166.29826400000002 212.0 1
  166.37132300000002 104.0 1
  166.444824 104.0 1
  166.807907 132.0 1
  166.823257 248.0 2
  166.854935 176.0 1
  166.95262100000002 148.0 1
  167.081299 152.0 1
  167.265289 124.0 1
  167.267831 176.0 1
  167.513977 120.0 1
  167.856506 176.0 1
  168.072205 160.0 1
  168.135208 88.0 1
  168.454269 144.0 1
  168.555038 152.0 1
  168.780609 152.0 1
  168.968689 72.0 0
  169.033768 644.0 4
  169.063873 924.0 6
  169.076477 13420.0 82
  169.10806300000002 180.0 1
  169.30818200000002 144.0 1
  169.419754 332.0 2
  169.510696 112.0 1
  169.569565 108.0 1
  169.840729 104.0 1
  170.15579200000002 120.0 1
  170.244492 164.0 1
  170.279083 76.0 0
  170.400101 36.0 0
  170.412384 124.0 1
  170.472748 92.0 1
  170.53143300000002 148.0 1
  170.561752 72.0 0
  170.56852700000002 136.0 1
  170.71147200000001 172.0 1
  170.80967700000002 296.0 2
  170.824478 168.0 1
  171.053635 144.0 1
  171.26911900000002 128.0 1
  171.471542 80.0 0
  171.66644300000002 76.0 0
  171.669861 192.0 1
  171.71275300000002 132.0 1
  171.904648 156.0 1
  172.07470700000002 2112.0 13
  172.086182 336.0 2
  172.169495 260.0 2
  172.20898400000002 32.0 0
  172.310516 176.0 1
  172.384872 220.0 1
  172.447067 128.0 1
  172.635757 124.0 1
  172.696838 124.0 1
  173.059311 108.0 1
  173.071304 9280.0 57
  173.16166700000002 188.0 1
  173.37162800000002 176.0 1
  173.37927200000001 180.0 1
  173.42543 168.0 1
  173.43441800000002 108.0 1
  173.59613000000002 52.0 0
  173.789917 96.0 1
  173.930054 124.0 1
  173.980667 136.0 1
  174.002411 176.0 1
  174.09634400000002 136.0 1
  174.282562 132.0 1
  174.400711 176.0 1
  174.54814100000002 140.0 1
  174.680969 112.0 1
  174.777863 76.0 0
  174.828888 116.0 1
  174.886337 76.0 0
  174.96772800000002 376.0 2
  174.968872 168.0 1
  175.015244 160.0 1
  175.029221 368.0 2
  175.037292 172.0 1
  175.159256 128.0 1
  175.356415 152.0 1
  175.36415100000002 156.0 1
  175.595215 224.0 1
  175.883881 160.0 1
  175.88957200000002 76.0 0
  175.95314000000002 180.0 1
  176.00202900000002 152.0 1
  176.49073800000002 136.0 1
  176.583405 176.0 1
  177.052307 376.0 2
  177.09050000000002 720.0 4
  177.166489 1835.0 11
  177.288071 148.0 1
  177.337006 144.0 1
  177.490036 156.0 1
  177.96344000000002 148.0 1
  178.00029 10.01858 0
  178.02525300000002 136.0 1
  178.05371100000002 156.0 1
  178.07766700000002 3768.0 23
  178.117142 172.0 1
  178.451996 168.0 1
  178.512085 28.0 0
  178.750427 13.88153 0
  178.990982 160.0 1
  179.103653 58.510872 0
  179.29466200000002 216.0 1
  179.511246 176.0 1
  179.652344 208.0 1
  179.697372 76.0 0
  179.728012 104.0 1
  179.95433 188.0 1
  180.06672700000001 124.0 1
  180.110794 240.0 1
  180.239059 108.0 1
  180.336288 80.0 0
  180.391205 168.0 1
  180.457031 120.0 1
  180.506561 124.0 1
  180.809692 244.0 1
  180.81869500000002 212.0 1
  180.989044 2.535 0
  181.14016700000002 10.77778 0
  181.308533 88.0 1
  181.31864900000002 92.0 1
  181.653885 60.0 0
  181.72082500000002 200.0 1
  181.810257 152.0 1
  181.90567000000001 124.0 1
  182.081818 780.0 5
  182.166595 104.0 1
  182.23370400000002 144.0 1
  182.28434800000002 228.0 1
  182.31410200000002 160.0 1
  182.370575 124.0 1
  182.523438 136.0 1
  182.53663600000002 124.0 1
  182.69610600000001 48.0 0
  182.75486800000002 48.0 0
  183.04715000000002 252.0 2
  183.37080400000002 76.0 0
  183.59762600000002 60.0 0
  183.885498 14.12927 0
  184.02362100000002 88.0 1
  184.023682 1004.0 6
  184.234482 140.0 1
  184.28353900000002 200.0 1
  185.208755 324.0 2
  185.394226 40.0 0
  185.51130700000002 160.0 1
  185.645172 48.0 0
  185.926987 132.0 1
  185.94172700000001 100.0 1
  185.970688 236.0 1
  186.006424 100.0 1
  186.102585 844.0 5
  186.238968 100.0 1
  186.253906 188.0 1
  186.422226 96.0 1
  186.544037 144.0 1
  186.57276900000002 28.0 0
  186.649506 104.0 1
  186.83221400000002 180.0 1
  186.89205900000002 152.0 1
  186.998199 72.0 0
  187.014359 216.0 1
  187.095901 140.0 1
  187.20622300000002 176.0 1
  187.31246900000002 204.0 1
  187.629242 224.0 1
  187.715317 136.0 1
  187.805618 148.0 1
  187.826019 76.0 0
  187.855713 80.0 0
  188.05865500000002 22.60745 0
  188.068893 128.0 1
  188.08183300000002 20388.0 125
  188.180634 148.0 1
  188.208664 96.0 1
  188.25914 148.0 1
  188.548843 148.0 1
  188.717941 52.0 0
  188.780975 120.0 1
  188.830994 156.0 1
  188.940369 208.0 1
  189.21580500000002 160.0 1
  189.22203100000002 60.0 0
  189.28320300000001 132.0 1
  189.65652500000002 120.0 1
  189.65715 164.0 1
  189.825745 140.0 1
  189.88519300000002 164.0 1
  189.911179 128.0 1
  189.96571400000002 152.0 1
  190.263687 60.0 0
  190.35643000000002 284.0 2
  190.578751 60.0 0
  190.618851 80.0 0
  190.688171 92.0 1
  190.865204 176.0 1
  190.90901200000002 168.0 1
  190.976517 80.0 0
  191.01989700000001 148.0 1
  191.10968 108.0 1
  191.341858 172.0 1
  191.35379 228.0 1
  191.38041700000002 48.0 0
  191.44838000000001 180.0 1
  191.539948 92.0 1
  191.636154 64.0 0
  191.673203 176.0 1
  191.97511300000002 124.0 1
  192.14807100000002 140.0 1
  192.264847 44.0 0
  192.39447 128.0 1
  192.472061 112.0 1
  192.587173 108.0 1
  192.59260600000002 180.0 1
  192.648331 188.0 1
  193.09217800000002 440.0 3
  193.100739 1688.0 10
  193.105515 6228.0 38
  193.121735 156.0 1
  193.233109 56.0 0
  193.54454 112.0 1
  193.700836 116.0 1
  193.838409 120.0 1
  193.872192 224.0 1
  193.895737 176.0 1
  194.152466 48.0 0
  194.326706 208.0 1
  194.712097 236.0 1
  194.997589 160.0 1
  195.051071 340.0 2
  195.113907 124.0 1
  195.149002 72.0 0
  195.22168000000002 180.0 1
  195.245316 296.0 2
  195.53228800000002 200.0 1
  195.57939100000002 160.0 1
  195.66940300000002 124.0 1
  195.807602 68.0 0
  195.847382 72.0 0
  196.03259300000002 28.0 0
  196.304688 28.0 0
  196.485474 140.0 1
  196.607529 204.0 1
  196.763031 120.0 1
  196.90097 112.0 1
  197.309845 6.166209 0
  197.476227 132.0 1
  197.485992 140.0 1
  197.712173 72.0 0
  197.745361 320.0 2
  197.87506100000002 68.0 0
  198.457916 228.0 1
  198.499908 136.0 1
  198.724396 124.0 1
  198.92572 144.0 1
  199.06736800000002 168.0 1
  199.268204 156.0 1
  199.591217 176.0 1
  199.936554 144.0 1
  200.131042 236.0 1
  200.364594 104.0 1
  200.384903 40.0 0
  200.578888 192.0 1
  200.79864500000002 136.0 1
  201.044205 144.0 1
  201.101501 28656.0 176
  201.12492400000002 368.0 2
  201.15123 168.0 1
  201.303223 104.0 1
  201.453598 32.0 0
  201.646667 72.0 0
  201.993454 164.0 1
  202.084641 6928.0 42
  202.090881 100.0 1
  202.114014 168.0 1
  202.19639600000002 156.0 1
  202.245132 156.0 1
  202.26242100000002 124.0 1
  202.436127 192.0 1
  202.5616 156.0 1
  202.99490400000002 168.0 1
  203.160065 140.0 1
  203.36792 156.0 1
  203.45344500000002 80.0 0
  203.580139 40.0 0
  203.6474 72.0 0
  204.097916 400.0 2
  204.251145 168.0 1
  204.320511 172.0 1
  204.44783 176.0 1
  204.725021 132.0 1
  205.008408 116.0 1
  205.10434 512.0 3
  205.115494 120.0 1
  205.260284 176.0 1
  205.300714 252.0 2
  205.32238800000002 272.0 2
  205.829269 164.0 1
  205.87217700000002 124.0 1
  206.060425 312.0 2
  206.26822800000002 72.0 0
  206.384232 68.0 0
  206.498703 144.0 1
  206.76828 240.0 1
  207.41249100000002 64.0 0
  207.97331200000002 220.0 1
  207.999939 116.0 1
  208.03997800000002 204.0 1
  208.119064 580.0 4
  208.382507 112.0 1
  208.702301 188.0 1
  208.72868300000002 124.0 1
  209.120743 120.0 1
  209.382492 104.0 1
  209.42622400000002 128.0 1
  209.48732 160.0 1
  209.576645 36.0 0
  209.652267 164.0 1
  209.699097 136.0 1
  209.794937 96.0 1
  209.81599400000002 124.0 1
  209.843109 176.0 1
  210.042358 72.0 0
  210.05323800000002 172.0 1
  210.565765 88.0 1
  210.82534800000002 64.0 0
  210.99231 104.0 1
  211.089462 392.0 2
  211.092682 7504.0 46
  211.46708700000002 7.398374 0
  212.07122800000002 468.0 3
  212.15013100000002 224.0 1
  212.326538 60.0 0
  212.565872 180.0 1
  212.81504800000002 112.0 1
  212.909256 332.0 2
  213.017807 52.0 0
  213.126099 3296.0 20
  213.17652900000002 96.0 1
  213.51834100000002 116.0 1
  213.984253 204.0 1
  214.073044 244.0 1
  214.085159 172.0 1
  214.12922700000001 3572.0 22
  214.374466 136.0 1
  214.737488 196.0 1
  215.099548 196.0 1
  215.165771 128.0 1
  215.17480500000002 152.0 1
  215.372299 284.0 2
  215.59227 300.0 2
  215.631805 180.0 1
  215.70105 64.0 0
  215.879211 84.0 1
  215.900223 196.0 1
  216.157135 164.0 1
  216.202866 168.0 1
  216.391434 52.0 0
  216.513428 112.0 1
  216.72735600000001 88.0 1
  216.777679 168.0 1
  216.956421 156.0 1
  217.05780000000001 300.0 2
  217.452255 148.0 1
  217.541214 44.0 0
  217.65957600000002 296.0 2
  217.722733 120.0 1
  217.785706 40.0 0
  217.822662 208.0 1
  218.10763500000002 152.0 1
  218.265182 208.0 1
  218.696777 196.0 1
  218.704803 64.0 0
  219.05610000000001 384.0 2
  219.1353 184.0 1
  219.23078900000002 184.0 1
  219.352493 72.0 0
  219.583023 184.0 1
  219.88768000000002 140.0 1
  219.897659 276.0 2
  219.927994 168.0 1
  220.18064900000002 88.0 1
  220.201233 240.0 1
  220.697998 144.0 1
  220.970551 148.0 1
  221.061859 128.0 1
  221.144302 112.0 1
  221.73147600000001 228.0 1
  221.833389 192.0 1
  221.85977200000002 160.0 1
  221.965958 76.0 0
  222.23794600000002 40.0 0
  222.599487 24.0 0
  222.71608 108.0 1
  222.763565 208.0 1
  223.427277 232.0 1
  223.768677 184.0 1
  223.91008000000002 148.0 1
  224.049393 320.0 2
  224.399414 200.0 1
  224.700409 52.0 0
  225.103653 196.0 1
  225.162552 152.0 1
  225.22103900000002 35.667889 0
  225.309448 76.0 0
  225.44755600000002 100.0 1
  225.55806 152.0 1
  226.230988 156.0 1
  226.683365 260.0 2
  226.996689 192.0 1
  227.023056 9192.0 56
  227.16781600000002 212.0 1
  227.35458400000002 252.0 2
  227.59883100000002 44.0 0
  227.76701400000002 48.0 0
  228.114182 872.0 5
  228.30075100000002 60.0 0
  228.320831 28.0 0
  228.52328500000002 176.0 1
  228.593262 48.0 0
  229.13742100000002 32.0 0
  229.33264200000002 56.0 0
  229.66037 140.0 1
  230.053604 152.0 1
  230.064072 1284.0 8
  230.185349 56.0 0
  230.232391 168.0 1
  230.533951 32.0 0
  230.61209100000002 200.0 1
  231.079758 4084.0 25
  231.15918000000002 136.0 1
  231.477386 108.0 1
  231.86102300000002 60.0 0
  232.045105 248.0 2
  232.071289 84.0 1
  232.194275 152.0 1
  232.26387 88.0 1
  232.302017 184.0 1
  232.413574 148.0 1
  232.53067000000001 56.0 0
  232.535675 120.0 1
  232.702438 156.0 1
  232.925552 68.0 0
  232.927567 140.0 1
  233.061417 7584.0 46
  233.091415 124.0 1
  233.18403600000002 212.0 1
  233.299576 104.0 1
  233.398422 176.0 1
  233.697403 140.0 1
  233.697586 108.0 1
  233.94296300000002 22.88179 0
  233.949051 124.0 1
  234.00624100000002 208.0 1
  234.475769 292.0 2
  235.14299 160.0 1
  235.18515000000002 128.0 1
  235.23262 124.0 1
  235.31732200000002 76.0 0
  235.41954 60.0 0
  235.696564 148.0 1
  235.759491 20.0 0
  235.875305 120.0 1
  235.92240900000002 164.0 1
  236.237885 76.0 0
  236.30238300000002 172.0 1
  236.59329200000002 100.0 1
  237.012344 96.0 1
  237.099106 144.0 1
  237.110443 144.0 1
  237.161438 128.0 1
  237.40974400000002 168.0 1
  237.493164 180.0 1
  237.76178000000002 476.0 3
  238.20996100000002 112.0 1
  238.489655 140.0 1
  239.05426 336.0 2
  239.831863 22.215891 0
  240.22975200000002 184.0 1
  240.653595 164.0 1
  240.6604 104.0 1
  240.81204200000002 40.0 0
  240.85136400000002 144.0 1
  240.94189500000002 80.0 0
  241.08410600000002 112.0 1
  241.121094 300.0 2
  241.155334 620.0 4
  241.177444 120.0 1
  241.701309 124.0 1
  241.81126400000002 112.0 1
  241.985107 360.0 2
  242.012344 106.098099 1
  242.278885 152.0 1
  242.41861 68.0 0
  242.54423500000001 36.0 0
  243.330093 132.0 1
  244.011612 48.0 0
  244.310699 100.0 1
  244.941818 164.0 1
  245.093521 172.0 1
  245.11724900000002 9900.0 61
  245.357529 108.0 1
  245.373825 124.0 1
  245.60188300000002 52.0 0
  245.743896 68.0 0
  245.765625 88.0 1
  245.88118 120.0 1
  246.29187000000002 136.0 1
  246.794159 308.0 2
  247.510239 56.0 0
  248.084259 64.0 0
  248.19863900000001 160.0 1
  248.670502 184.0 1
  249.151657 172.0 1
  249.158981 26.0947 0
  249.361435 252.0 2
  250.12904400000002 588.0 4
  250.783051 148.0 1
  250.884766 156.0 1
  251.012909 196.0 1
  251.180237 216.0 1
  251.33374 140.0 1
  251.526779 100.0 1
  251.651306 156.0 1
  251.68360900000002 116.0 1
  252.146194 44.0 0
  252.263641 72.0 0
  252.37265000000002 64.0 0
  252.991974 320.0 2
  253.010284 152.0 1
  253.077744 88.0 1
  253.193283 208.0 1
  253.926559 176.0 1
  254.39411900000002 136.0 1
  254.457825 212.0 1
  254.526169 108.0 1
  255.094101 284.0 2
  255.379211 92.0 1
  255.448013 164.0 1
  255.80809000000002 48.0 0
  256.525879 68.0 0
  256.554749 144.0 1
  256.937134 140.0 1
  257.183655 96.0 1
  257.782806 284.0 2
  257.838348 200.0 1
  257.934601 220.0 1
  258.020935 188.0 1
  258.79830899999996 152.0 1
  259.458801 524.0 3
  259.463074 156.0 1
  259.517517 164.0 1
  260.214813 44.0 0
  260.54071 100.0 1
  260.55181899999997 48.0 0
  260.681702 92.0 1
  261.04769899999997 232.0 1
  261.078125 268.0 2
  261.09783899999996 188.0 1
  261.206238 56.0 0
  261.231201 112.0 1
  261.66918899999996 56.0 0
  261.997437 80.0 0
  262.247528 224.0 1
  262.562347 180.0 1
  262.608948 84.0 1
  263.09542799999997 156.0 1
  263.277313 84.0 1
  263.421204 80.0 0
  263.63690199999996 148.0 1
  263.911133 84.0 1
  264.20550499999996 144.0 1
  264.454712 92.0 1
  264.478027 140.0 1
  264.513336 68.0 0
  264.738068 172.0 1
  265.009552 328.0 2
  265.457611 152.0 1
  265.82894899999997 200.0 1
  265.93926999999996 80.0 0
  266.68869 132.0 1
  266.81042499999995 68.0 0
  266.836395 156.0 1
  267.004028 84.0 1
  267.036316 184.0 1
  267.175842 132.0 1
  267.207611 60.0 0
  267.64773599999995 192.0 1
  267.80535899999995 288.0 2
  268.06582599999996 72.0 0
  268.20971699999996 120.0 1
  268.36029099999996 344.0 2
  268.38485699999995 52.0 0
  268.51071199999996 10.70525 0
  268.60791 140.0 1
  270.071686 176.0 1
  270.247803 36.0 0
  271.503815 52.0 0
  271.68353299999995 116.0 1
  272.25384499999996 144.0 1
  272.621918 220.0 1
  273.050812 200.0 1
  273.136597 928.0 6
  273.326569 84.0 1
  274.09741199999996 604.0 4
  274.14498899999995 1720.0 11
  274.296051 76.0 0
  274.83111599999995 120.0 1
  276.048676 64.0 0
  276.68206799999996 172.0 1
  277.29153399999996 88.0 1
  278.60611 180.0 1
  279.094971 26050.289062 160
  280.192993 44.0 0
  280.26028399999996 152.0 1
  280.392761 192.0 1
  280.401794 144.0 1
  280.658325 48.0 0
  281.297424 108.0 1
  281.35995499999996 176.0 1
  282.060303 168.0 1
  282.06816999999995 168.0 1
  282.491577 124.0 1
  282.656036 244.0 1
  282.85379 116.0 1
  282.967468 40.0 0
  283.137726 156.0 1
  283.164398 180.0 1
  283.34844999999996 92.0 1
  284.013153 232.0 1
  284.094391 228.0 1
  284.157104 96.0 1
  284.436554 184.0 1
  284.44134499999996 124.0 1
  284.54116799999997 172.0 1
  285.02667199999996 152.0 1
  285.201874 64.0 0
  285.36914099999996 208.0 1
  287.382904 176.0 1
  287.610504 48.0 0
  288.028412 404.0 2
  288.118896 268.0 2
  288.55029299999995 52.0 0
  289.07388299999997 204.0 1
  290.63708499999996 92.0 1
  291.651123 172.0 1
  292.318207 56.0 0
  292.418732 100.0 1
  293.082062 120.0 1
  293.494324 56.0 0
  294.786346 148.0 1
  295.058228 168.0 1
  295.248901 184.0 1
  295.46151699999996 176.0 1
  295.549988 96.0 1
  296.413666 112.0 1
  296.95257599999997 64.0 0
  297.79837 120.0 1
  298.270599 228.0 1
  298.98599199999995 72.0 0
  299.08078 148.0 1
  299.092407 160.0 1
  299.166931 524.0 3
  300.21795699999996 28.0 0
  300.24060099999997 184.0 1
  300.473328 88.0 1
  300.942749 112.0 1
  302.14694199999997 48.0 0
  302.491852 148.0 1
  302.90939299999997 120.0 1
  302.913727 108.0 1
  303.06723 124.0 1
  303.12496899999996 448.0 3
  303.795685 164.0 1
  304.161438 80.0 0
  304.88964899999996 84.0 1
  305.005859 92.0 1
  305.17425499999996 168.0 1
  305.60873399999997 144.0 1
  305.88903799999997 120.0 1
  306.05157499999996 180.0 1
  306.07046499999996 2280.0 14
  306.078033 88.0 1
  307.111084 1332.0 8
  307.165131 96.0 1
  307.637146 36.0 0
  307.80569499999996 72.0 0
  308.799316 80.0 0
  308.841431 160.0 1
  309.115753 340.0 2
  309.119446 144.0 1
  309.13259899999997 132.0 1
  309.88931299999996 180.0 1
  309.95507799999996 68.0 0
  310.48718299999996 140.0 1
  310.847443 232.0 1
  314.90939299999997 52.0 0
  315.246643 72.0 0
  315.293793 108.0 1
  316.47686799999997 40.0 0
  317.12942499999997 128.0 1
  317.731049 208.0 1
  317.94455 132.0 1
  317.954498 388.0 2
  318.008087 132.0 1
  318.15106199999997 164.0 1
  318.61706499999997 92.0 1
  318.708313 72.0 0
  318.71817 48.0 0
  318.925812 140.0 1
  319.19281 152.0 1
  320.68557699999997 108.0 1
  320.80422999999996 120.0 1
  321.322388 128.0 1
  321.887695 60.0 0
  322.92571999999996 140.0 1
  323.712921 76.0 0
  324.944122 36.0 0
  325.185791 256.0 2
  325.67926 184.0 1
  326.108002 128.0 1
  326.123657 136.0 1
  330.04949999999997 168.0 1
  330.401642 152.0 1
  331.58050499999996 144.0 1
  331.93685899999997 96.0 1
  331.954071 152.0 1
  332.088501 192.0 1
  333.30337499999996 100.0 1
  333.761444 44.0 0
  333.929199 124.0 1
  333.945496 160.0 1
  334.568207 48.0 0
  334.953979 160.0 1
  335.059174 267.668213 2
  335.22189299999997 96.0 1
  335.462738 144.0 1
  335.93746899999996 172.0 1
  336.006256 84.0 1
  336.060944 136.0 1
  336.231018 56.0 0
  337.10614 140.0 1
  338.002258 80.0 0
  338.774903 152.0 1
  339.26724199999995 80.0 0
  340.17108199999996 168.0 1
  340.34750399999996 56.0 0
  342.883026 300.0 2
  343.30029299999995 172.0 1
  343.410309 76.0 0
  343.815948 36.0 0
  344.513245 32.0 0
  346.12927199999996 148.0 1
  348.42965699999996 112.0 1
  348.966278 152.0 1
  349.056878 168.0 1
  349.086975 176.0 1
  350.36087 12.10547 0
  351.002869 48.0 0
  351.134125 216.0 1
  351.406891 60.0 0
  351.853882 232.0 1
  352.13559 40.0 0
  353.65924099999995 80.0 0
  355.309509 128.0 1
  355.55593899999997 132.0 1
  355.62799099999995 204.0 1
  355.8461 148.0 1
  356.54711899999995 1.666667 0
  356.70190399999996 144.0 1
  356.883179 56.0 0
  357.19409199999996 124.0 1
  357.955353 140.0 1
  358.205627 108.0 1
  359.86407499999996 120.0 1
  359.96936 112.0 1
  361.024078 324.0 2
  361.03070099999997 60.0 0
  361.06781 204.0 1
  361.169067 88.0 1
  361.345337 152.0 1
  361.638733 116.0 1
  361.75527999999997 248.0 2
  361.91983 84.0 1
  363.20764199999996 48.0 0
  363.349792 32.0 0
  363.587738 44.0 0
  364.899811 36.0 0
  365.123627 3736.0 23
  366.545746 144.0 1
  367.028778 232.0 1
  367.46734599999996 160.0 1
  368.106476 128.0 1
  368.54528799999997 76.0 0
  369.198273 512.0 3
  369.58282499999996 152.0 1
  370.794983 128.0 1
  370.970032 156.0 1
  371.82458499999996 76.0 0
  373.623749 92.0 1
  373.879669 100.0 1
  373.940521 80.0 0
  375.55545 124.0 1
  376.40423599999997 232.0 1
  376.595123 104.0 1
  376.730347 92.0 1
  378.096527 180.0 1
  378.126038 160.0 1
  378.528778 184.0 1
  378.721069 236.0 1
  379.87094099999996 108.0 1
  381.59268199999997 144.0 1
  382.07482899999997 156.0 1
  386.050385 1126.831055 7
  386.193268 112.0 1
  388.193878 108.0 1
  388.859711 184.0 1
  391.12008699999996 100.0 1
  394.20764199999996 160.0 1
//
