ACCESSION: CCMSLIB00000079413
RECORD_TITLE: decoy
DATE: 2015.11.20
AUTHORS: Administrator
LICENSE: CC BY-SA
CH$NAME: decoy
CH$COMPOUND_CLASS: Natural Product
CH$FORMULA: C23H25N3O4
CH$EXACT_MASS: 407.18450628000005
CH$SMILES: N/A
CH$IUPAC: decoy
CH$LINK: N/A
AC$INSTRUMENT: decoy
AC$INSTRUMENT_TYPE: decoy
AC$MASS_SPECTROMETRY: MS_TYPE MS2
AC$MASS_SPECTROMETRY: ION_MODE POSITIVE
AC$MASS_SPECTROMETRY: COLLISION_ENERGY 10 V
MS$FOCUSED_ION: PRECURSOR_M/Z 408
MS$FOCUSED_ION: PRECURSOR_TYPE [M+H]+
PK$NUM_PEAK: 3022
PK$PEAK: m/z int. rel.int.
  44.940411000000005 240.0 1
  45.081661000000004 152.0 1
  45.108051 168.0 1
  45.108253000000005 148.0 1
  45.19318 80.0 0
  45.208767 216.0 1
  45.2841 188.0 1
  45.448685000000005 152.0 1
  45.574814 160.0 1
  45.696686 184.0 1
  45.735043000000005 308.0 2
  45.794563000000004 176.0 1
  45.921482000000005 140.0 1
  46.066986 228.0 1
  46.143475 220.0 1
  46.16172 204.0 1
  46.19051 180.0 1
  46.409431000000005 204.0 1
  46.420212 188.0 1
  46.455677 180.0 1
  46.464848 124.0 1
  46.483589 204.0 1
  46.765427 172.0 1
  46.908524 112.0 1
  46.995747 84.0 0
  47.187355000000004 148.0 1
  47.259377 164.0 1
  47.339043000000004 140.0 1
  47.459854 176.0 1
  47.48558 64.0 0
  47.695896000000005 320.0 2
  47.715836 176.0 1
  47.924824 184.0 1
  47.935261000000004 168.0 1
  47.968433000000005 152.0 1
  47.991615 132.0 1
  47.995918 176.0 1
  48.022305 60.0 0
  48.162655 184.0 1
  48.191445 124.0 1
  48.384895 224.0 1
  48.591122 132.0 1
  48.602116 172.0 1
  48.677277000000004 124.0 1
  48.887779 148.0 1
  49.142662 188.0 1
  49.21085 192.0 1
  49.22831 160.0 1
  49.420364 216.0 1
  49.477692000000005 164.0 1
  49.493412 244.0 1
  49.505314 148.0 1
  49.535885 120.0 1
  49.592175000000005 76.0 0
  49.595833 112.0 1
  49.621605 104.0 1
  49.642864 176.0 1
  49.712128 164.0 1
  49.745071 140.0 1
  49.81926 144.0 1
  49.867264 180.0 1
  49.980522 180.0 1
  50.035603 136.0 1
  50.066521 152.0 1
  50.140446000000004 184.0 1
  50.213402 112.0 1
  50.239380000000004 180.0 1
  50.373234000000004 228.0 1
  50.486267 168.0 1
  50.722504 60.0 0
  50.742119 168.0 1
  50.931229 96.0 1
  51.088387000000004 160.0 1
  51.127045 256.0 1
  51.130596000000004 172.0 1
  51.226704 152.0 1
  51.235798 132.0 1
  51.24168 256.0 1
  51.323483 116.0 1
  51.327236 124.0 1
  51.422516 80.0 0
  51.490768 224.0 1
  51.517471 152.0 1
  51.619926 204.0 1
  51.830059 304.0 2
  51.899235000000004 192.0 1
  52.025375000000004 188.0 1
  52.114849 124.0 1
  52.296764 116.0 1
  52.38604 196.0 1
  52.398251 232.0 1
  52.472755 92.0 0
  52.486977 160.0 1
  52.572102 132.0 1
  52.72036 164.0 1
  52.755558 200.0 1
  52.857845000000005 104.0 1
  52.871426 148.0 1
  52.901958 184.0 1
  53.04697 176.0 1
  53.092876000000004 128.0 1
  53.180824 128.0 1
  53.196518000000005 216.0 1
  53.336594 244.0 1
  53.346745 200.0 1
  53.449688 164.0 1
  53.484497000000005 132.0 1
  53.608265 160.0 1
  53.657265 120.0 1
  53.718864 196.0 1
  53.724319 72.0 0
  53.728634 188.0 1
  53.796284 140.0 1
  53.839199 188.0 1
  53.860001000000004 148.0 1
  53.884609000000005 188.0 1
  53.916496 128.0 1
  53.938030000000005 144.0 1
  54.019016 68.0 0
  54.042107 124.0 1
  54.079636 168.0 1
  54.221313 180.0 1
  54.260422 384.0 2
  54.277599 132.0 1
  54.587502 164.0 1
  54.616199 168.0 1
  54.634499 164.0 1
  54.794975 144.0 1
  54.877106000000005 192.0 1
  54.895374000000004 144.0 1
  54.899445 148.0 1
  55.091671 168.0 1
  55.218849 188.0 1
  55.355934000000005 184.0 1
  55.450394 184.0 1
  55.461964 172.0 1
  55.694057 160.0 1
  55.733982000000005 124.0 1
  55.843151 220.0 1
  55.918629 132.0 1
  55.980423 172.0 1
  56.014343000000004 148.0 1
  56.088734 244.0 1
  56.213444 136.0 1
  56.264614 176.0 1
  56.266159 124.0 1
  56.298679 188.0 1
  56.401886000000005 132.0 1
  56.444855000000004 64.0 0
  56.471573 188.0 1
  56.575909 60.0 0
  56.605099 168.0 1
  56.732956 168.0 1
  56.819271 172.0 1
  56.961220000000004 116.0 1
  57.039932 176.0 1
  57.072109000000005 160.0 1
  57.105618 144.0 1
  57.349277 188.0 1
  57.511524 152.0 1
  57.550674 176.0 1
  57.695847 236.0 1
  57.732330000000005 116.0 1
  57.778042 220.0 1
  57.811573 232.0 1
  57.840015 84.0 0
  57.868561 128.0 1
  57.870693 172.0 1
  57.958717 188.0 1
  58.284267 36.0 0
  58.379932000000004 108.0 1
  58.487949 124.0 1
  58.527683 220.0 1
  58.53587 144.0 1
  58.545063 168.0 1
  58.558521 180.0 1
  58.598984 172.0 1
  58.60128 144.0 1
  58.918877 144.0 1
  58.989326 164.0 1
  59.066639 180.0 1
  59.084747 176.0 1
  59.201591 96.0 1
  59.278400000000005 224.0 1
  59.939713000000005 148.0 1
  60.155239 180.0 1
  60.415779 136.0 1
  60.429523 48.0 0
  60.773285 164.0 1
  60.842793 208.0 1
  60.865677 144.0 1
  60.933884 216.0 1
  61.020504 188.0 1
  61.041817 164.0 1
  61.152149 224.0 1
  61.183136000000005 320.0 2
  61.301083 144.0 1
  61.643089 188.0 1
  61.659592 248.0 1
  61.76413 184.0 1
  61.85532 152.0 1
  61.878864 200.0 1
  61.902763 140.0 1
  61.960701 172.0 1
  61.989441 148.0 1
  62.033703 164.0 1
  62.235916 320.0 2
  62.250027 144.0 1
  62.301334000000004 128.0 1
  62.485889 144.0 1
  62.50153 184.0 1
  62.569695 236.0 1
  62.579792000000005 152.0 1
  62.633362 180.0 1
  62.775753 208.0 1
  62.803509 152.0 1
  62.87989 128.0 1
  62.895535 172.0 1
  62.908733 184.0 1
  63.014431 60.0 0
  63.078945000000004 160.0 1
  63.156002 184.0 1
  63.160706000000005 168.0 1
  63.214245 120.0 1
  63.300034000000004 116.0 1
  63.316341 168.0 1
  63.344147 308.0 2
  63.46312 56.0 0
  63.465588000000004 132.0 1
  63.687717 148.0 1
  63.771156000000005 144.0 1
  63.775063 212.0 1
  63.776611 136.0 1
  63.902237 120.0 1
  63.937576 184.0 1
  63.964741000000004 176.0 1
  63.991730000000004 156.0 1
  64.021027 152.0 1
  64.034065 204.0 1
  64.053871 140.0 1
  64.113129 136.0 1
  64.147514 176.0 1
  64.19229899999999 48.0 0
  64.236244 196.0 1
  64.315269 300.0 2
  64.351105 200.0 1
  64.542206 176.0 1
  64.617027 148.0 1
  64.644386 156.0 1
  64.704475 48.0 0
  64.74192 140.0 1
  64.79984999999999 144.0 1
  64.859673 160.0 1
  64.919113 128.0 1
  64.954025 124.0 1
  65.038124 76.0 0
  65.162392 212.0 1
  65.26812699999999 264.0 1
  65.375343 144.0 1
  65.437057 132.0 1
  65.47049 156.0 1
  65.52516899999999 204.0 1
  65.573471 232.0 1
  65.6539 148.0 1
  65.78649899999999 176.0 1
  65.799438 124.0 1
  65.80805199999999 188.0 1
  65.84449 160.0 1
  65.96914699999999 112.0 1
  66.03743 176.0 1
  66.05384099999999 184.0 1
  66.065849 220.0 1
  66.071877 36.0 0
  66.13269799999999 256.0 1
  66.206818 168.0 1
  66.208191 144.0 1
  66.264771 200.0 1
  66.390335 112.0 1
  66.427467 220.0 1
  66.44773099999999 108.0 1
  66.48127699999999 104.0 1
  66.50685899999999 164.0 1
  66.52709999999999 144.0 1
  66.56314099999999 188.0 1
  66.567146 180.0 1
  66.686836 224.0 1
  66.78534699999999 160.0 1
  66.953705 272.0 1
  67.202446 352.0 2
  67.29826399999999 196.0 1
  67.330795 156.0 1
  67.35677299999999 160.0 1
  67.46575899999999 232.0 1
  67.494385 152.0 1
  67.559258 148.0 1
  67.59866299999999 156.0 1
  67.677872 176.0 1
  67.864143 108.0 1
  67.950211 176.0 1
  68.219574 116.0 1
  68.23374899999999 160.0 1
  68.52091999999999 148.0 1
  68.67341599999999 200.0 1
  68.761635 284.0 2
  68.79791999999999 160.0 1
  68.876488 132.0 1
  68.91901399999999 240.0 1
  68.921104 140.0 1
  69.147285 148.0 1
  69.21932199999999 64.0 0
  69.25367 152.0 1
  69.35814699999999 108.0 1
  69.42785599999999 136.0 1
  69.44099399999999 152.0 1
  69.57215099999999 224.0 1
  69.76366399999999 72.0 0
  69.80131499999999 80.0 0
  69.93642399999999 180.0 1
  70.033829 176.0 1
  70.174263 136.0 1
  70.217773 236.0 1
  70.223198 116.0 1
  70.277008 192.0 1
  70.534286 168.0 1
  70.620415 124.0 1
  70.70661199999999 168.0 1
  70.86400599999999 96.0 1
  71.128807 196.0 1
  71.239998 128.0 1
  71.487701 132.0 1
  71.74279 120.0 1
  71.74382 192.0 1
  71.978859 128.0 1
  72.01482399999999 192.0 1
  72.05409999999999 96.0 1
  72.06140099999999 108.0 1
  72.11653899999999 148.0 1
  72.161621 64.0 0
  72.164276 184.0 1
  72.170982 192.0 1
  72.262322 120.0 1
  72.28240199999999 116.0 1
  72.305077 136.0 1
  72.35490399999999 204.0 1
  72.366463 216.0 1
  72.530846 196.0 1
  72.596046 240.0 1
  72.691093 188.0 1
  72.72874499999999 184.0 1
  73.033998 164.0 1
  73.13784 104.0 1
  73.235901 128.0 1
  73.370087 100.0 1
  73.674461 160.0 1
  73.915092 236.0 1
  73.978088 144.0 1
  74.039536 260.0 1
  74.065269 152.0 1
  74.085579 144.0 1
  74.116058 144.0 1
  74.159561 144.0 1
  74.20371999999999 188.0 1
  74.206779 152.0 1
  74.213478 168.0 1
  74.34091199999999 136.0 1
  74.34790799999999 240.0 1
  74.497795 168.0 1
  74.52521499999999 148.0 1
  74.542328 172.0 1
  74.64793399999999 108.0 1
  74.64939899999999 100.0 1
  74.66851 284.0 2
  74.843094 232.0 1
  74.87728899999999 56.0 0
  75.05716 156.0 1
  75.093857 184.0 1
  75.121613 228.0 1
  75.232475 96.0 1
  75.401443 160.0 1
  75.430786 164.0 1
  75.567291 152.0 1
  75.60874899999999 204.0 1
  75.717422 188.0 1
  75.831398 124.0 1
  75.926285 236.0 1
  76.120674 136.0 1
  76.25782799999999 236.0 1
  76.38383499999999 96.0 1
  76.41613799999999 248.0 1
  76.60646799999999 140.0 1
  76.740608 64.0 0
  76.775505 168.0 1
  76.91283399999999 140.0 1
  76.96747599999999 124.0 1
  77.179802 236.0 1
  77.18193799999999 180.0 1
  77.19223799999999 144.0 1
  77.25131999999999 180.0 1
  77.316147 136.0 1
  77.508522 164.0 1
  77.51877599999999 176.0 1
  77.55189499999999 204.0 1
  77.806694 144.0 1
  77.913277 164.0 1
  77.98320799999999 152.0 1
  78.016472 120.0 1
  78.02469599999999 120.0 1
  78.088737 268.0 1
  78.113396 184.0 1
  78.174026 172.0 1
  78.186478 160.0 1
  78.240158 188.0 1
  78.45912899999999 208.0 1
  78.516533 112.0 1
  78.542099 160.0 1
  78.551926 204.0 1
  78.64563799999999 188.0 1
  78.647369 244.0 1
  78.649429 192.0 1
  78.825882 132.0 1
  78.905357 164.0 1
  79.178146 188.0 1
  79.197639 148.0 1
  79.263161 180.0 1
  79.90090199999999 152.0 1
  79.943421 144.0 1
  79.970665 116.0 1
  80.264297 164.0 1
  80.314613 84.0 0
  80.44092599999999 164.0 1
  80.48784599999999 128.0 1
  80.52656599999999 208.0 1
  80.53727699999999 180.0 1
  80.555489 108.0 1
  80.624275 96.0 1
  80.87822 72.0 0
  80.914017 124.0 1
  81.04467799999999 156.0 1
  81.094246 136.0 1
  81.132835 184.0 1
  81.45903799999999 168.0 1
  81.54435699999999 200.0 1
  81.617195 348.0 2
  81.663376 180.0 1
  81.908379 176.0 1
  81.938103 160.0 1
  81.951279 216.0 1
  82.020851 132.0 1
  82.293213 140.0 1
  82.441391 132.0 1
  82.592766 168.0 1
  82.62301599999999 160.0 1
  82.794083 144.0 1
  82.837029 108.0 1
  83.059891 148.0 1
  83.065773 176.0 1
  83.073166 172.0 1
  83.102036 148.0 1
  83.20479599999999 172.0 1
  83.258949 176.0 1
  83.261703 140.0 1
  83.28417999999999 216.0 1
  83.363075 280.0 2
  83.381058 184.0 1
  83.411835 108.0 1
  83.552917 184.0 1
  83.55336799999999 156.0 1
  83.62928799999999 200.0 1
  83.63377399999999 188.0 1
  83.801086 112.0 1
  83.807068 84.0 0
  83.83418999999999 220.0 1
  83.846481 156.0 1
  83.99344599999999 36.0 0
  84.24763499999999 64.0 0
  84.24806199999999 224.0 1
  84.303017 216.0 1
  84.42487299999999 176.0 1
  84.790657 172.0 1
  85.00103 148.0 1
  85.09241499999999 128.0 1
  85.127907 148.0 1
  85.20664199999999 152.0 1
  85.212723 208.0 1
  85.339119 324.0 2
  85.44730399999999 176.0 1
  85.50385999999999 232.0 1
  85.517822 180.0 1
  85.560593 196.0 1
  85.721931 220.0 1
  85.866844 196.0 1
  85.913078 276.0 1
  85.933121 144.0 1
  86.039299 80.0 0
  86.08603699999999 152.0 1
  86.087685 316.0 2
  86.17369799999999 232.0 1
  86.259529 48.0 0
  86.338203 148.0 1
  86.389946 148.0 1
  86.428123 200.0 1
  86.69609799999999 168.0 1
  86.776596 184.0 1
  86.801575 104.0 1
  86.95996099999999 148.0 1
  87.01036099999999 144.0 1
  87.124825 144.0 1
  87.23451999999999 172.0 1
  87.263268 220.0 1
  87.327827 228.0 1
  87.598213 132.0 1
  87.619751 136.0 1
  87.62564099999999 148.0 1
  87.78643 96.0 1
  87.786667 176.0 1
  87.890266 148.0 1
  87.896599 88.0 0
  88.05921199999999 132.0 1
  88.16502399999999 140.0 1
  88.181648 124.0 1
  88.292496 168.0 1
  88.39873499999999 244.0 1
  88.50260899999999 68.0 0
  88.54060399999999 224.0 1
  88.628586 48.0 0
  88.68289899999999 208.0 1
  88.685249 204.0 1
  88.696281 40.0 0
  88.708328 144.0 1
  88.92674299999999 144.0 1
  88.933357 184.0 1
  89.06599399999999 176.0 1
  89.07553899999999 156.0 1
  89.17906199999999 212.0 1
  89.205467 180.0 1
  89.290443 180.0 1
  89.418022 148.0 1
  89.710274 200.0 1
  89.711891 136.0 1
  89.82212799999999 180.0 1
  89.830215 120.0 1
  89.9468 176.0 1
  89.95000499999999 160.0 1
  90.06734499999999 124.0 1
  90.19090299999999 184.0 1
  90.455872 152.0 1
  90.491013 204.0 1
  90.521896 140.0 1
  90.548103 216.0 1
  90.571716 124.0 1
  90.575279 172.0 1
  90.662949 192.0 1
  90.664665 136.0 1
  90.83509799999999 264.0 1
  90.921432 172.0 1
  91.002342 172.0 1
  91.173729 236.0 1
  91.493027 72.0 0
  91.71051 188.0 1
  91.82486 204.0 1
  91.846764 196.0 1
  91.922173 168.0 1
  91.928879 168.0 1
  91.943939 152.0 1
  92.049759 156.0 1
  92.203476 56.0 0
  92.27847299999999 152.0 1
  92.41317 196.0 1
  92.443726 96.0 1
  92.63754999999999 160.0 1
  92.819626 84.0 0
  92.84039299999999 84.0 0
  93.058258 200.0 1
  93.06446799999999 340.0 2
  93.23908999999999 96.0 1
  93.354401 72.0 0
  93.601112 152.0 1
  93.639946 168.0 1
  93.78892499999999 236.0 1
  93.876808 180.0 1
  93.930275 280.0 2
  94.06517 1208.0 6
  94.082909 128.0 1
  94.102837 180.0 1
  94.236443 80.0 0
  94.344635 72.0 0
  94.39158599999999 152.0 1
  94.52557399999999 184.0 1
  94.550697 144.0 1
  94.552971 184.0 1
  94.61018399999999 196.0 1
  94.657364 280.0 2
  94.807724 132.0 1
  94.93234299999999 204.0 1
  94.995773 144.0 1
  95.006165 160.0 1
  95.046509 212.0 1
  95.050896 112.0 1
  95.066711 104.0 1
  95.22309899999999 192.0 1
  95.338348 108.0 1
  95.39495799999999 144.0 1
  95.404839 140.0 1
  95.657585 212.0 1
  95.67761999999999 204.0 1
  95.69395399999999 112.0 1
  95.968262 248.0 1
  96.063187 604.0 3
  96.08003199999999 39212.0 210
  96.092964 140.0 1
  96.16107199999999 248.0 1
  96.206543 176.0 1
  96.345497 132.0 1
  96.353714 204.0 1
  96.45717599999999 136.0 1
  96.471199 176.0 1
  96.622429 228.0 1
  96.623314 136.0 1
  96.818542 208.0 1
  97.028481 332.0 2
  97.03156999999999 200.0 1
  97.056793 184.0 1
  97.10936 336.0 2
  97.129593 192.0 1
  97.14145699999999 80.0 0
  97.20103499999999 148.0 1
  97.25785099999999 184.0 1
  97.289108 244.0 1
  97.34763299999999 136.0 1
  97.385757 136.0 1
  97.53165399999999 132.0 1
  97.617813 392.0 2
  97.62969199999999 204.0 1
  97.84022499999999 92.0 0
  97.87528999999999 164.0 1
  97.91046899999999 88.0 0
  98.05935699999999 416.0 2
  98.101624 100.0 1
  98.10962699999999 172.0 1
  98.12046799999999 152.0 1
  98.20917499999999 164.0 1
  98.32846099999999 132.0 1
  98.35762 152.0 1
  98.41088099999999 192.0 1
  98.44094799999999 72.0 0
  98.49844399999999 224.0 1
  98.498978 144.0 1
  98.500412 232.0 1
  98.535187 140.0 1
  98.553528 88.0 0
  98.56536899999999 120.0 1
  98.581177 376.0 2
  98.611542 96.0 1
  98.630775 116.0 1
  98.68268599999999 140.0 1
  98.74398799999999 76.0 0
  98.791252 168.0 1
  98.80111699999999 144.0 1
  98.907623 160.0 1
  98.92366 140.0 1
  98.967331 168.0 1
  98.98378 128.0 1
  98.990219 300.0 2
  99.172394 192.0 1
  99.195549 136.0 1
  99.205231 192.0 1
  99.28994 208.0 1
  99.340172 128.0 1
  99.45149199999999 92.0 0
  99.52141599999999 144.0 1
  99.557785 72.0 0
  99.750664 160.0 1
  99.75785099999999 116.0 1
  99.97829399999999 264.0 1
  100.068794 184.0 1
  100.06889299999999 180.0 1
  100.11689799999999 244.0 1
  100.35333299999999 196.0 1
  100.36301399999999 336.0 2
  100.37733499999999 68.0 0
  100.392967 88.0 0
  100.51265699999999 212.0 1
  100.70648999999999 176.0 1
  100.836967 164.0 1
  100.971115 160.0 1
  101.149048 48.0 0
  101.15375499999999 124.0 1
  101.23153699999999 212.0 1
  101.24080699999999 144.0 1
  101.255394 180.0 1
  101.331688 220.0 1
  101.46817 156.0 1
  101.48209399999999 132.0 1
  101.555504 188.0 1
  101.56163799999999 52.0 0
  101.607552 184.0 1
  101.65679899999999 76.0 0
  101.69049799999999 148.0 1
  101.73454299999999 116.0 1
  101.76538799999999 148.0 1
  101.82862899999999 168.0 1
  101.989975 132.0 1
  102.130905 192.0 1
  102.203987 104.0 1
  102.244637 228.0 1
  102.271057 44.0 0
  102.298035 176.0 1
  102.40922499999999 232.0 1
  102.438042 164.0 1
  102.574753 100.0 1
  102.641312 180.0 1
  102.65087899999999 192.0 1
  102.708176 60.0 0
  102.764084 128.0 1
  102.772545 136.0 1
  102.80883 204.0 1
  102.820488 172.0 1
  102.85799399999999 164.0 1
  102.858543 180.0 1
  102.978928 148.0 1
  103.020996 164.0 1
  103.054527 5916.0 32
  103.05510699999999 6148.0 33
  103.07654699999999 152.0 1
  103.10762 148.0 1
  103.13227099999999 192.0 1
  103.141342 116.0 1
  103.24346899999999 80.0 0
  103.26894399999999 88.0 0
  103.337784 236.0 1
  103.357475 224.0 1
  103.43382299999999 160.0 1
  103.56501 96.0 1
  103.705101 160.0 1
  103.713821 168.0 1
  103.78714799999999 76.0 0
  103.799049 240.0 1
  104.01915699999999 164.0 1
  104.049004 336.0 2
  104.049431 1244.0 7
  104.140526 132.0 1
  104.14311199999999 180.0 1
  104.14357 188.0 1
  104.28865099999999 108.0 1
  104.29813399999999 84.0 0
  104.334457 160.0 1
  104.47378499999999 176.0 1
  104.53712499999999 120.0 1
  104.546593 128.0 1
  104.650055 116.0 1
  104.66648099999999 88.0 0
  104.728416 136.0 1
  105.029495 248.0 1
  105.094444 108.0 1
  105.14666 112.0 1
  105.204033 132.0 1
  105.28727699999999 168.0 1
  105.329826 368.0 2
  105.35735299999999 96.0 1
  105.359932 88.0 0
  105.441963 208.0 1
  105.462685 132.0 1
  105.508163 72.0 0
  105.520378 16.26449 0
  105.53791 200.0 1
  105.544052 156.0 1
  105.615685 148.0 1
  105.817551 164.0 1
  105.883957 224.0 1
  105.954788 108.0 1
  105.971718 164.0 1
  106.045723 188.0 1
  106.070297 268.0 1
  106.104317 124.0 1
  106.11161 136.0 1
  106.15535 156.0 1
  106.551071 160.0 1
  106.562378 176.0 1
  106.613052 40.0 0
  106.777496 200.0 1
  106.81532299999999 76.0 0
  106.837486 52.0 0
  106.852127 172.0 1
  106.86874399999999 188.0 1
  106.871254 308.0 2
  106.878357 172.0 1
  106.937057 128.0 1
  107.047348 988.0 5
  107.049179 44.760422 0
  107.060738 68.0 0
  107.068497 292.0 2
  107.069992 456.0 2
  107.094505 404.0 2
  107.19912 156.0 1
  107.28176099999999 188.0 1
  107.316093 132.0 1
  107.412094 160.0 1
  107.429459 68.0 0
  107.714897 84.0 0
  107.92006699999999 108.0 1
  108.017838 104.0 1
  108.146988 8.708333 0
  108.17678799999999 152.0 1
  108.176857 192.0 1
  108.27153799999999 184.0 1
  108.28465299999999 112.0 1
  108.311989 92.0 0
  108.473587 196.0 1
  108.63559 196.0 1
  108.6502 240.0 1
  108.67845899999999 192.0 1
  108.724854 136.0 1
  108.81996199999999 180.0 1
  108.84496299999999 192.0 1
  108.87862399999999 168.0 1
  108.89188399999999 284.0 2
  108.891922 112.0 1
  108.914154 36.0 0
  108.91494 68.0 0
  108.99988599999999 140.0 1
  109.064949 596.0 3
  109.080902 184.0 1
  109.103172 17.84321 0
  109.137238 100.0 1
  109.210999 44.0 0
  109.59325399999999 192.0 1
  109.885086 28.0 0
  109.976952 156.0 1
  109.999344 164.0 1
  110.047691 120.0 1
  110.095345 144.0 1
  110.157494 244.0 1
  110.18260199999999 112.0 1
  110.293663 324.0 2
  110.31085999999999 200.0 1
  110.358719 64.0 0
  110.528763 64.0 0
  110.57990299999999 128.0 1
  110.60069999999999 200.0 1
  110.683022 92.0 0
  110.69039199999999 148.0 1
  110.70760299999999 116.0 1
  110.741051 156.0 1
  110.76660899999999 164.0 1
  110.793938 148.0 1
  110.845985 172.0 1
  110.90699 332.0 2
  110.923233 124.0 1
  110.937851 44.0 0
  110.95803799999999 144.0 1
  111.000816 440.0 2
  111.004036 376.0 2
  111.046646 172.0 1
  111.047462 224.0 1
  111.048203 224.0 1
  111.05446599999999 276.0 1
  111.18833199999999 152.0 1
  111.23539 508.0 3
  111.289665 256.0 1
  111.37129999999999 80.0 0
  111.389679 164.0 1
  111.39188399999999 148.0 1
  111.452766 200.0 1
  111.479012 112.0 1
  111.56901599999999 108.0 1
  111.581688 148.0 1
  111.70680999999999 184.0 1
  111.75733199999999 156.0 1
  111.91734299999999 224.0 1
  112.153679 204.0 1
  112.18579899999999 144.0 1
  112.25484499999999 116.0 1
  112.398933 188.0 1
  112.50267799999999 204.0 1
  112.607491 84.0 0
  112.655937 208.0 1
  112.90779099999999 196.0 1
  112.940041 192.0 1
  112.95505499999999 120.0 1
  112.974403 176.0 1
  112.98082699999999 184.0 1
  113.05100999999999 344.0 2
  113.12596099999999 144.0 1
  113.13375099999999 84.0 0
  113.2593 52.0 0
  113.35777999999999 188.0 1
  113.48005699999999 140.0 1
  113.49297299999999 60.0 0
  113.55648 132.0 1
  113.55671699999999 204.0 1
  113.646896 236.0 1
  113.665077 144.0 1
  113.67906199999999 136.0 1
  113.73374899999999 64.0 0
  113.75235699999999 288.0 2
  113.79148099999999 100.0 1
  113.90731 180.0 1
  113.930077 108.0 1
  113.988625 212.0 1
  114.064415 316.0 2
  114.14686599999999 180.0 1
  114.19251299999999 124.0 1
  114.214203 152.0 1
  114.224739 32.0 0
  114.31028699999999 148.0 1
  114.56908399999999 220.0 1
  114.577919 132.0 1
  114.59565699999999 112.0 1
  114.60108899999999 140.0 1
  114.680725 132.0 1
  114.880409 236.0 1
  114.98685499999999 124.0 1
  115.034706 236.0 1
  115.05336799999999 1932.0 10
  115.08524299999999 132.0 1
  115.091408 120.0 1
  115.13722999999999 124.0 1
  115.15819499999999 184.0 1
  115.218063 168.0 1
  115.346367 108.0 1
  115.453919 216.0 1
  115.45444499999999 228.0 1
  115.514877 52.0 0
  115.52510799999999 120.0 1
  115.554024 164.0 1
  115.727921 60.0 0
  115.756783 40.23373 0
  115.803406 176.0 1
  115.85331 156.0 1
  115.976357 196.0 1
  116.139259 92.0 0
  116.16218599999999 144.0 1
  116.235664 132.0 1
  116.260925 280.0 2
  116.301559 152.0 1
  116.457512 152.0 1
  116.464233 188.0 1
  116.496422 180.0 1
  116.49683399999999 84.0 0
  116.59008 204.0 1
  116.67940499999999 184.0 1
  116.73563399999999 52.0 0
  116.756981 160.0 1
  116.766731 192.0 1
  116.83423599999999 156.0 1
  116.83500699999999 92.0 0
  116.844009 96.0 1
  116.97125199999999 212.0 1
  117.027931 244.0 1
  117.110649 156.0 1
  117.163406 284.0 2
  117.323624 184.0 1
  117.41429099999999 140.0 1
  117.417458 200.0 1
  117.595299 144.0 1
  117.60977899999999 208.0 1
  117.667976 120.0 1
  117.72615099999999 84.0 0
  117.777504 188.0 1
  117.84770999999999 112.0 1
  117.86483799999999 228.0 1
  117.875565 124.0 1
  117.930145 204.0 1
  117.986916 184.0 1
  118.002342 128.0 1
  118.06487299999999 1588.0 9
  118.065765 808.0 4
  118.069931 312.0 2
  118.102768 180.0 1
  118.144791 116.0 1
  118.276512 152.0 1
  118.33956099999999 176.0 1
  118.344292 132.0 1
  118.409691 176.0 1
  118.41171999999999 132.0 1
  118.41330699999999 33.669991 0
  118.425941 232.0 1
  118.426468 64.0 0
  118.43624899999999 60.0 0
  118.462379 176.0 1
  118.488884 192.0 1
  118.59359699999999 120.0 1
  118.720215 156.0 1
  118.816864 148.0 1
  118.955185 140.0 1
  118.976433 196.0 1
  119.044418 176.0 1
  119.048065 4268.0 23
  119.08502999999999 1484.0 8
  119.106033 128.0 1
  119.125694 36.0 0
  119.157669 196.0 1
  119.165207 172.0 1
  119.170372 220.0 1
  119.304008 172.0 1
  119.368607 60.0 0
  119.455742 196.0 1
  119.467278 64.0 0
  119.48232999999999 160.0 1
  119.493416 168.0 1
  119.49352999999999 184.0 1
  119.50692699999999 236.0 1
  119.57526399999999 204.0 1
  119.593277 76.0 0
  119.622704 80.0 0
  119.75085399999999 132.0 1
  119.83172599999999 120.0 1
  120.006569 172.0 1
  120.065079 356.0 2
  120.37332199999999 196.0 1
  120.377625 104.0 1
  120.487991 224.0 1
  120.52626 160.0 1
  120.565033 156.0 1
  120.604942 144.0 1
  120.61887399999999 196.0 1
  120.692291 136.0 1
  120.79431899999999 188.0 1
  120.86322 148.0 1
  120.88134799999999 144.0 1
  120.90976699999999 120.0 1
  120.95354499999999 176.0 1
  121.02902999999999 32836.0 176
  121.04315199999999 364.0 2
  121.06236299999999 940.0 5
  121.077354 200.0 1
  121.09086599999999 100.0 1
  121.10067699999999 188.0 1
  121.170609 80.0 0
  121.17783399999999 108.0 1
  121.199615 180.0 1
  121.24323299999999 29.906679 0
  121.316818 152.0 1
  121.39119699999999 156.0 1
  121.45210999999999 108.0 1
  121.452141 132.0 1
  121.50061799999999 144.0 1
  121.564377 120.0 1
  121.65814999999999 188.0 1
  121.744614 168.0 1
  121.902176 180.0 1
  121.94307699999999 60.0 0
  122.004151 80.0 0
  122.01199299999999 160.0 1
  122.174995 208.0 1
  122.21058699999999 100.0 1
  122.22112299999999 108.0 1
  122.260498 164.0 1
  122.359917 132.0 1
  122.393822 172.0 1
  122.456863 372.0 2
  122.55834999999999 156.0 1
  122.579315 216.0 1
  122.75930799999999 136.0 1
  122.811768 128.0 1
  122.85060899999999 76.0 0
  122.959702 60.0 0
  122.993393 220.0 1
  123.080536 2072.0 11
  123.20914499999999 208.0 1
  123.40547199999999 164.0 1
  123.441284 108.0 1
  123.535294 160.0 1
  123.543037 228.0 1
  123.56192 196.0 1
  123.573494 96.0 1
  123.64544699999999 96.0 1
  123.74735299999999 212.0 1
  123.785072 224.0 1
  123.78508 208.0 1
  123.916862 156.0 1
  124.17687199999999 148.0 1
  124.186264 208.0 1
  124.24793199999999 172.0 1
  124.25093799999999 176.0 1
  124.326653 4.763889 0
  124.36981999999999 212.0 1
  124.42218 204.0 1
  124.462341 132.0 1
  124.50683599999999 76.0 0
  124.513168 168.0 1
  124.54006199999999 17.72003 0
  124.59820599999999 160.0 1
  124.667992 148.0 1
  124.739494 116.0 1
  124.769875 96.0 1
  124.803207 120.0 1
  124.90934 164.0 1
  124.971848 160.0 1
  125.028267 304.0 2
  125.093674 244.0 1
  125.13615399999999 272.0 1
  125.16098 148.0 1
  125.28607199999999 220.0 1
  125.30399299999999 192.0 1
  125.354874 112.0 1
  125.402222 148.0 1
  125.51862299999999 152.0 1
  125.530479 172.0 1
  125.541557 176.0 1
  125.553238 124.0 1
  125.691734 32.0 0
  125.71571399999999 156.0 1
  125.79567 200.0 1
  125.905746 160.0 1
  125.930656 156.0 1
  126.044975 360.0 2
  126.078606 112.0 1
  126.12885299999999 1144.0 6
  126.13478099999999 164.0 1
  126.194351 152.0 1
  126.28559899999999 68.0 0
  126.295288 144.0 1
  126.367943 144.0 1
  126.476936 132.0 1
  126.481079 324.0 2
  126.491844 160.0 1
  126.51724999999999 240.0 1
  126.526443 44.0 0
  126.56295 176.0 1
  126.801491 240.0 1
  126.805313 136.0 1
  126.866394 200.0 1
  126.90581499999999 68.0 0
  127.009468 132.0 1
  127.094444 124.0 1
  127.103691 56.0 0
  127.123398 240.0 1
  127.409813 60.0 0
  127.471863 184.0 1
  127.475456 152.0 1
  127.608002 236.0 1
  127.692696 200.0 1
  127.74797099999999 152.0 1
  127.885002 144.0 1
  128.02101100000002 152.0 1
  128.023056 208.0 1
  128.033005 108.0 1
  128.086136 84.0 0
  128.132904 116.0 1
  128.290665 152.0 1
  128.374573 228.0 1
  128.377274 76.0 0
  128.421265 196.0 1
  128.605103 100.0 1
  128.623154 108.0 1
  128.677231 136.0 1
  128.67953500000002 148.0 1
  128.683724 188.0 1
  128.959732 140.0 1
  128.965225 248.0 1
  128.97070300000001 152.0 1
  128.995026 176.0 1
  129.034561 804.0 4
  129.057861 1820.0 10
  129.068161 300.0 2
  129.068924 1668.0 9
  129.090881 9.001068 0
  129.170792 208.0 1
  129.186157 228.0 1
  129.23465000000002 176.0 1
  129.323608 212.0 1
  129.328384 116.0 1
  129.39205900000002 128.0 1
  129.42659 220.0 1
  129.50576800000002 136.0 1
  129.544846 184.0 1
  129.55801400000001 180.0 1
  129.560272 188.0 1
  129.712769 184.0 1
  129.762131 180.0 1
  129.825958 168.0 1
  129.895691 184.0 1
  130.04177900000002 216.0 1
  130.042419 188.0 1
  130.04418900000002 340.0 2
  130.19644200000002 148.0 1
  130.21936 144.0 1
  130.304031 260.0 1
  130.35136400000002 88.0 0
  130.359924 128.0 1
  130.432724 136.0 1
  130.59570300000001 220.0 1
  130.621521 200.0 1
  130.676041 108.0 1
  130.75404400000002 12.03712 0
  131.044937 136.0 1
  131.073563 804.0 4
  131.103714 392.0 2
  131.137268 160.0 1
  131.14201400000002 112.0 1
  131.156677 120.0 1
  131.185776 80.0 0
  131.48339800000002 352.0 2
  131.494461 148.0 1
  131.514084 96.0 1
  131.603714 108.0 1
  131.728958 96.0 1
  131.739944 64.0 0
  131.87445100000002 160.0 1
  131.901352 140.0 1
  132.044495 124.0 1
  132.08221400000002 380.0 2
  132.21348600000002 184.0 1
  132.252365 112.0 1
  132.323776 108.0 1
  132.460358 224.0 1
  132.636154 136.0 1
  132.69464100000002 52.0 0
  132.734055 92.0 0
  132.736374 148.0 1
  132.853745 64.0 0
  132.91925 200.0 1
  133.060181 104.0 1
  133.077728 1056.0 6
  133.10011300000002 2284.0 12
  133.101868 155.589401 1
  133.117523 148.0 1
  133.147705 204.0 1
  133.337952 156.0 1
  133.424927 200.0 1
  133.475769 356.0 2
  133.51413 192.0 1
  133.562836 128.0 1
  133.58467100000001 212.0 1
  133.609879 248.0 1
  133.648163 180.0 1
  133.650269 11.06838 0
  133.657486 180.0 1
  133.65969800000002 140.0 1
  133.902481 120.0 1
  133.941177 36.0 0
  133.963242 460.0 2
  133.966644 192.0 1
  133.98533600000002 204.0 1
  134.00798 208.0 1
  134.05659500000002 128.0 1
  134.057587 196.0 1
  134.058044 224.0 1
  134.062576 304.0 2
  134.11398300000002 48.0 0
  134.168701 28.0 0
  134.329178 220.0 1
  134.42828400000002 156.0 1
  134.4366 140.0 1
  134.553772 248.0 1
  134.686844 188.0 1
  134.79068 148.0 1
  134.866364 204.0 1
  134.930847 68.0 0
  134.977249 216.0 1
  135.054337 668.0 4
  135.100067 256.0 1
  135.20442200000002 184.0 1
  135.23730500000002 112.0 1
  135.42063900000002 152.0 1
  135.47447200000002 152.0 1
  135.48465000000002 36.0 0
  135.484848 72.0 0
  135.55667100000002 160.0 1
  135.581238 76.0 0
  135.71489 144.0 1
  135.720581 60.0 0
  135.850815 196.0 1
  135.87454200000002 164.0 1
  135.900055 160.0 1
  135.90875200000002 68.0 0
  135.92279100000002 156.0 1
  136.012695 92.0 0
  136.109985 172.0 1
  136.310989 128.0 1
  136.37977600000002 224.0 1
  136.493713 172.0 1
  136.572586 44.0 0
  136.62887600000002 124.0 1
  136.706436 152.0 1
  136.949692 28.0 0
  136.983292 188.0 1
  137.05809000000002 964.0 5
  137.06041000000002 444.0 2
  137.11140400000002 324.0 2
  137.12411500000002 160.0 1
  137.163422 164.0 1
  137.19258100000002 112.0 1
  137.378952 244.0 1
  137.39946 156.0 1
  137.497299 2.667339 0
  137.58725 140.0 1
  137.670151 124.0 1
  137.72250400000001 100.0 1
  137.736801 84.0 0
  138.110397 44.0 0
  138.20794700000002 176.0 1
  138.295486 172.0 1
  138.440536 152.0 1
  138.520691 172.0 1
  138.581848 124.0 1
  138.71814 204.0 1
  138.848587 204.0 1
  138.93408200000002 176.0 1
  138.96798700000002 180.0 1
  138.981918 108.0 1
  138.982773 180.0 1
  138.99232500000002 156.0 1
  138.99501 71672.0 384
  139.00737 136.0 1
  139.014511 160.0 1
  139.11467000000002 56.0 0
  139.230209 164.0 1
  139.351227 140.0 1
  139.483078 220.0 1
  139.531509 180.0 1
  139.743011 156.0 1
  139.78627 140.0 1
  139.800995 120.0 1
  140.069443 500.0 3
  140.103531 176.0 1
  140.186218 180.0 1
  140.19601400000002 108.0 1
  140.301025 64.0 0
  140.306168 84.0 0
  140.31788600000002 160.0 1
  140.44639600000002 9.337963 0
  140.485214 200.0 1
  140.62046800000002 220.0 1
  140.659424 156.0 1
  140.84423800000002 180.0 1
  140.92865 244.0 1
  141.019302 188.0 1
  141.051834 188.0 1
  141.06835900000002 348.0 2
  141.068726 28.29752 0
  141.070816 7628.0 41
  141.08891300000002 184.0 1
  141.10926800000001 144.0 1
  141.135025 168.0 1
  141.15033 28.0 0
  141.230362 196.0 1
  141.239166 180.0 1
  141.267715 144.0 1
  141.28675800000002 180.0 1
  141.358078 148.0 1
  141.48571800000002 176.0 1
  141.50740100000002 188.0 1
  141.591309 228.0 1
  141.633224 168.0 1
  141.772659 212.0 1
  141.778366 188.0 1
  141.829834 108.0 1
  141.897003 172.0 1
  141.900482 132.0 1
  141.95863300000002 172.0 1
  141.977386 236.0 1
  142.07692 1340.0 7
  142.13832100000002 32.0 0
  142.14634700000002 208.0 1
  142.31419400000001 88.0 0
  142.34478800000002 128.0 1
  142.345581 228.0 1
  142.372879 124.0 1
  142.430283 132.0 1
  142.46777300000002 156.0 1
  142.49104300000002 104.0 1
  142.58126800000002 168.0 1
  142.610611 128.0 1
  142.6147 200.0 1
  142.654526 172.0 1
  142.718094 220.0 1
  142.76348900000002 112.0 1
  142.797806 156.0 1
  142.812927 144.0 1
  142.872604 332.0 2
  143.158386 208.0 1
  143.19944800000002 176.0 1
  143.545319 148.0 1
  143.57782 208.0 1
  143.79632600000002 76.0 0
  143.80401600000002 144.0 1
  143.83166500000002 56.0 0
  143.904022 84.0 0
  143.927933 40.0 0
  143.93846100000002 220.0 1
  144.08174100000002 5960.0 32
  144.12141400000002 96.0 1
  144.329437 156.0 1
  144.379639 152.0 1
  144.385971 168.0 1
  144.396271 188.0 1
  144.46017500000002 108.0 1
  144.468018 156.0 1
  144.53804 52.0 0
  144.66592400000002 148.0 1
  144.69592300000002 168.0 1
  144.79173300000002 120.0 1
  144.79762300000002 60.0 0
  145.01413 168.0 1
  145.040634 188.0 1
  145.066406 184.0 1
  145.151611 76.0 0
  145.16185000000002 56.0 0
  145.165939 184.0 1
  145.18519600000002 104.0 1
  145.27417 200.0 1
  145.325577 184.0 1
  145.36642500000002 144.0 1
  145.484833 248.0 1
  145.73945600000002 152.0 1
  145.867645 212.0 1
  145.899719 184.0 1
  145.925461 260.0 1
  145.945343 140.0 1
  146.021591 136.0 1
  146.029495 196.0 1
  146.034409 428.0 2
  146.06019600000002 1756.0 9
  146.108002 56.0 0
  146.186646 144.0 1
  146.199219 136.0 1
  146.242432 112.0 1
  146.420151 76.0 0
  146.43038900000002 180.0 1
  146.634399 100.0 1
  146.688309 160.0 1
  146.73301700000002 160.0 1
  146.733978 188.0 1
  146.784882 64.0 0
  146.813919 164.0 1
  147.014709 336.0 2
  147.079193 172.0 1
  147.16052200000001 184.0 1
  147.226761 60.0 0
  147.291748 128.0 1
  147.32359300000002 160.0 1
  147.35939000000002 140.0 1
  147.372192 148.0 1
  147.593857 6.335318 0
  147.614655 196.0 1
  147.62767 172.0 1
  147.648254 60.0 0
  147.728699 140.0 1
  147.75798 5.224856 0
  147.79916400000002 84.0 0
  147.875458 192.0 1
  147.964951 228.0 1
  147.97413600000002 48.0 0
  148.07728600000002 432.0 2
  148.10484300000002 220.0 1
  148.145645 28.0 0
  148.24073800000002 200.0 1
  148.258148 13.5744 0
  148.37385600000002 168.0 1
  148.41738900000001 68.0 0
  148.542908 188.0 1
  148.636292 96.0 1
  148.776215 224.0 1
  148.837616 168.0 1
  149.011765 196.0 1
  149.014938 116.0 1
  149.05328400000002 276.0 1
  149.057388 1188.0 6
  149.06800800000002 232.0 1
  149.262756 7.047348 0
  149.275879 132.0 1
  149.29129 44.0 0
  149.394058 164.0 1
  149.425613 180.0 1
  149.61900300000002 260.0 1
  149.74057000000002 168.0 1
  149.76232900000002 156.0 1
  149.927078 25.796301 0
  149.96310400000002 68.0 0
  150.230164 184.0 1
  150.37432900000002 120.0 1
  150.42309600000002 208.0 1
  150.45790100000002 212.0 1
  150.516479 208.0 1
  150.53389 136.0 1
  150.569107 104.0 1
  150.611862 144.0 1
  150.646469 140.0 1
  150.751999 160.0 1
  150.816528 152.0 1
  150.895248 92.0 0
  150.959 204.0 1
  151.01178000000002 156.0 1
  151.038528 156.0 1
  151.06376600000002 3236.0 17
  151.10874900000002 140.0 1
  151.174789 92.0 0
  151.180161 256.0 1
  151.38545200000002 228.0 1
  151.410995 76.0 0
  151.507172 100.0 1
  151.61196900000002 160.0 1
  151.631302 180.0 1
  151.679153 180.0 1
  151.69899 44.0 0
  151.776001 48.0 0
  151.79303000000002 240.0 1
  151.86142 128.0 1
  151.905136 116.0 1
  152.078903 432.0 2
  152.148538 176.0 1
  152.21057100000002 176.0 1
  152.235397 96.0 1
  152.250931 60.0 0
  152.27560400000002 4.963235 0
  152.276855 228.0 1
  152.47821000000002 40.216358 0
  152.49108900000002 172.0 1
  152.585281 92.0 0
  152.613708 68.0 0
  152.770767 164.0 1
  152.839111 104.0 1
  153.03453100000002 176.0 1
  153.056152 160.0 1
  153.061279 6168.0 33
  153.101501 32.0 0
  153.19035300000002 200.0 1
  153.284241 100.0 1
  153.530991 96.0 1
  153.626495 188.0 1
  153.665939 212.0 1
  153.680145 164.0 1
  153.796967 104.0 1
  153.79731800000002 92.0 0
  153.879578 152.0 1
  153.97970600000002 176.0 1
  154.020584 176.0 1
  154.028107 160.0 1
  154.050217 188.0 1
  154.077896 130.892807 1
  154.093307 116.0 1
  154.12149000000002 176.0 1
  154.36930800000002 156.0 1
  154.458557 224.0 1
  154.76258900000002 60.0 0
  154.79177900000002 220.0 1
  154.82933 160.0 1
  154.910248 140.0 1
  154.91403200000002 184.0 1
  154.915558 140.0 1
  154.97224400000002 168.0 1
  154.97920200000002 160.0 1
  155.08371 296.0 2
  155.104401 140.0 1
  155.14492800000002 312.0 2
  155.165359 180.0 1
  155.249878 156.0 1
  155.281799 27.510229 0
  155.45529200000001 172.0 1
  155.48713700000002 64.0 0
  155.577744 40.0 0
  155.801514 12306.204102 66
  155.812866 192.0 1
  155.882797 80.0 0
  155.913757 164.0 1
  155.998734 392.0 2
  156.034256 176.0 1
  156.04208400000002 176.0 1
  156.060562 144.0 1
  156.11779800000002 200.0 1
  156.169937 292.0 2
  156.372513 216.0 1
  156.416931 152.0 1
  156.51499900000002 180.0 1
  156.58363300000002 188.0 1
  156.705002 204.0 1
  156.70695500000002 180.0 1
  156.709473 136.0 1
  156.89798000000002 128.0 1
  157.05212400000002 168.0 1
  157.092331 192.0 1
  157.220581 148.0 1
  157.389404 140.0 1
  157.582443 152.0 1
  157.584381 116.0 1
  157.614655 192.0 1
  157.79783600000002 232.0 1
  157.997131 72.0 0
  157.997253 176.0 1
  158.034683 208.0 1
  158.10110500000002 116.0 1
  158.15467800000002 176.0 1
  158.1577 208.0 1
  158.265625 84.0 0
  158.378815 5.034091 0
  158.559906 212.0 1
  158.59367400000002 104.0 1
  158.862122 296.0 2
  158.88136300000002 172.0 1
  159.083618 212.0 1
  159.162003 112.0 1
  159.19191 136.0 1
  159.265823 32.0 0
  159.31684900000002 256.0 1
  159.319412 52.0 0
  159.323441 76.0 0
  159.339478 208.0 1
  159.3423 76.0 0
  159.457031 192.0 1
  159.632889 164.0 1
  159.91493200000002 156.0 1
  159.953232 168.0 1
  159.98275800000002 128.0 1
  160.01680000000002 100.0 1
  160.268661 96.0 1
  160.28491200000002 42.668812 0
  160.591904 176.0 1
  160.601501 72.0 0
  160.63060000000002 244.0 1
  160.790588 152.0 1
  160.845551 124.0 1
  161.00679 116.0 1
  161.095718 16.40341 0
  161.097733 200.0 1
  161.199142 80.0 0
  161.49215700000002 128.0 1
  161.51033 244.0 1
  161.517288 184.0 1
  161.777557 364.0 2
  162.120575 160.0 1
  162.243698 168.0 1
  162.286301 184.0 1
  162.369812 120.0 1
  162.384277 112.0 1
  162.390366 128.0 1
  162.40979000000002 200.0 1
  162.64476000000002 28.0 0
  162.780762 96.0 1
  162.79457100000002 208.0 1
  162.81672700000001 240.0 1
  162.887345 200.0 1
  162.965302 120.0 1
  162.985611 136.0 1
  163.033463 177.0 1
  163.060913 756.0 4
  163.556915 188.0 1
  163.58483900000002 120.0 1
  163.815536 192.0 1
  163.82710300000002 124.0 1
  163.891953 92.0 0
  164.02444500000001 92.0 0
  164.117828 152.0 1
  164.119339 364.0 2
  164.15947 88.0 0
  164.19584700000001 192.0 1
  164.48259000000002 116.0 1
  164.50967400000002 48.0 0
  164.881302 204.0 1
  164.926575 216.0 1
  165.058746 112.0 1
  165.068985 2244.0 12
  165.070251 1192.0 6
  165.247131 4.341667 0
  165.365982 336.0 2
  165.486343 48.0 0
  165.532654 180.0 1
  165.65901200000002 10.33333 0
  165.76602200000002 88.0 0
  165.814728 136.0 1
  165.859726 172.0 1
  165.92334 80.0 0
  166.013718 140.0 1
  166.065369 248.0 1
  166.08110000000002 184.0 1
  166.08784500000002 988.0 5
  166.480591 204.0 1
  166.50512700000002 140.0 1
  166.620148 268.0 1
  166.679672 228.0 1
  166.699631 192.0 1
  166.769577 164.0 1
  166.779297 192.0 1
  166.912643 192.0 1
  167.016998 80.0 0
  167.017434 116.0 1
  167.037308 40.0 0
  167.044296 7.489 0
  167.07217400000002 136.0 1
  167.153061 156.0 1
  167.51036100000002 156.0 1
  167.53653 152.0 1
  167.553131 56.0 0
  167.57243300000002 92.0 0
  167.769531 216.0 1
  167.826309 136.0 1
  167.90519700000002 156.0 1
  168.053558 212.0 1
  168.059097 156.0 1
  168.07164 180.0 1
  168.246872 108.0 1
  168.258179 140.0 1
  168.26696800000002 208.0 1
  168.33642600000002 208.0 1
  168.399261 72.0 0
  168.485046 160.0 1
  168.554474 196.0 1
  168.647842 136.0 1
  168.676834 116.0 1
  168.873245 208.0 1
  169.068619 128.0 1
  169.076706 1312.0 7
  169.12117 164.0 1
  169.26973 132.0 1
  169.355103 320.0 2
  169.429123 140.0 1
  169.57891800000002 108.0 1
  169.82328800000002 240.0 1
  169.836624 172.0 1
  169.850754 140.0 1
  170.152603 108.0 1
  170.202515 204.0 1
  170.33015400000002 132.0 1
  170.409027 76.0 0
  170.542618 156.0 1
  170.727936 140.0 1
  170.96521 144.0 1
  171.072021 336.0 2
  171.177658 172.0 1
  171.20755 232.0 1
  171.234955 148.0 1
  171.258804 64.0 0
  171.317719 44.0 0
  171.375107 164.0 1
  171.378998 164.0 1
  171.43730200000002 140.0 1
  171.534943 140.0 1
  171.589096 176.0 1
  171.797333 116.0 1
  171.816528 192.0 1
  171.843536 40.0 0
  172.025177 144.0 1
  172.120819 728.0 4
  172.181198 108.0 1
  172.206757 128.0 1
  172.232681 156.0 1
  172.317871 48.0 0
  172.344315 176.0 1
  172.46533200000002 168.0 1
  172.510117 32.0 0
  172.53019700000002 148.0 1
  172.569397 32.0 0
  173.01416 112.0 1
  173.171219 188.0 1
  173.334167 192.0 1
  173.347 116.0 1
  173.404968 208.0 1
  173.462006 132.0 1
  173.478241 120.0 1
  173.481628 216.0 1
  173.572281 208.0 1
  173.72837800000002 196.0 1
  173.768311 40.0 0
  173.820877 10.538 0
  173.990067 152.0 1
  174.174744 72.0 0
  174.542801 132.0 1
  174.62832600000002 164.0 1
  174.691345 172.0 1
  174.745392 172.0 1
  174.973038 196.0 1
  175.005539 164.0 1
  175.10273700000002 176.0 1
  175.126999 164.0 1
  175.131729 84.0 0
  175.249771 84.0 0
  175.271027 204.0 1
  175.27821400000002 148.0 1
  175.511703 96.0 1
  175.58049 124.0 1
  175.704407 116.0 1
  175.791763 148.0 1
  175.965469 3.104167 0
  176.037842 444.0 2
  176.051819 68.0 0
  176.059311 164.0 1
  176.12655600000002 104.0 1
  176.14772000000002 40.0 0
  176.176666 44.0 0
  176.240936 204.0 1
  176.346909 180.0 1
  176.438019 180.0 1
  176.506744 68.0 0
  176.553894 68.0 0
  176.602676 92.0 0
  176.77903700000002 136.0 1
  176.899704 148.0 1
  177.053772 3464.0 19
  177.08963 2116.0 11
  177.129196 132.0 1
  177.37879900000001 180.0 1
  177.497681 84.0 0
  177.570724 88.0 0
  177.597473 160.0 1
  177.64653 156.0 1
  177.713883 40.0 0
  177.774536 160.0 1
  177.805832 132.0 1
  177.816223 80.0 0
  178.027649 336.0 2
  178.05049100000002 180.0 1
  178.06114200000002 80.0 0
  178.109192 148.0 1
  178.125763 164.0 1
  178.31517 44.0 0
  178.690323 156.0 1
  178.816238 176.0 1
  178.832916 148.0 1
  178.88330100000002 164.0 1
  178.90811200000002 208.0 1
  179.022141 152.0 1
  179.03405800000002 124.0 1
  179.146622 104.0 1
  179.314209 96.0 1
  179.401703 212.0 1
  179.411911 12.17014 0
  179.537308 84.0 0
  179.61763000000002 92.0 0
  179.805145 144.0 1
  179.89222700000002 156.0 1
  179.92979400000002 160.0 1
  179.944061 60.0 0
  180.088776 48.0 0
  180.391266 124.0 1
  180.393585 160.0 1
  180.44194000000002 112.0 1
  180.48379500000001 128.0 1
  180.53027300000002 132.0 1
  180.62257400000001 32.0 0
  180.65664700000002 68.0 0
  180.714874 176.0 1
  180.737106 228.0 1
  180.83847 120.0 1
  180.89592000000002 132.0 1
  180.94369500000002 168.0 1
  181.077042 1184.0 6
  181.09355200000002 23.30208 0
  181.09634400000002 376.0 2
  181.097855 352.0 2
  181.196198 44.0 0
  181.300552 184.0 1
  181.303146 180.0 1
  181.33891300000002 148.0 1
  181.466293 172.0 1
  181.823959 112.0 1
  181.90278600000002 32.0 0
  181.962097 156.0 1
  181.990341 1616.0 9
  182.01237500000002 260.0 1
  182.01622 148.0 1
  182.02037 64.0 0
  182.13098100000002 26.57781 0
  182.192459 176.0 1
  182.216843 64.0 0
  182.23374900000002 132.0 1
  182.552399 176.0 1
  182.708344 100.0 1
  182.740005 172.0 1
  182.881256 216.0 1
  182.973953 52.0 0
  182.988617 168.0 1
  183.170578 96.0 1
  183.3423 140.0 1
  183.348083 212.0 1
  183.911469 128.0 1
  184.02868700000002 124.0 1
  184.032867 7104.0 38
  184.066818 120.0 1
  184.086395 680.0 4
  184.10775800000002 156.0 1
  184.109573 212.0 1
  184.112549 34780.0 186
  184.197021 448.0 2
  184.32487500000002 152.0 1
  184.50709500000002 156.0 1
  184.51379400000002 84.0 0
  184.614777 96.0 1
  185.020554 84.0 0
  185.210754 244.0 1
  185.273468 84.0 0
  185.349182 52.0 0
  185.40831 140.0 1
  185.72399900000002 172.0 1
  185.73588600000002 44.0 0
  185.805664 144.0 1
  186.1987 276.0 1
  186.213852 5.761364 0
  186.45245400000002 104.0 1
  186.53083800000002 96.0 1
  186.650833 116.0 1
  186.80067400000001 112.0 1
  186.80238300000002 4.948994 0
  186.828125 252.0 1
  186.835892 120.0 1
  186.85261500000001 124.0 1
  187.036011 1480.0 8
  187.073944 174.919296 1
  187.167023 52.0 0
  187.203552 36.0 0
  187.33058200000002 40.0 0
  187.366745 124.0 1
  187.37832600000002 116.0 1
  187.505493 136.0 1
  187.664398 44.0 0
  187.69111600000002 152.0 1
  188.06926 15.04817 0
  188.070938 176.0 1
  188.077591 196.0 1
  188.104553 140.0 1
  188.10844400000002 156.0 1
  188.11531100000002 2672.0 14
  188.121292 300.0 2
  188.18450900000002 148.0 1
  188.186234 168.0 1
  188.29718 124.0 1
  188.53746 164.0 1
  188.56680300000002 188.0 1
  188.63089000000002 52.0 0
  188.719635 176.0 1
  188.817932 168.0 1
  188.847565 136.0 1
  189.027588 164.0 1
  189.072372 928.0 5
  189.216095 28.0 0
  189.28997800000002 156.0 1
  189.331207 104.0 1
  189.468018 260.0 1
  189.74842800000002 168.0 1
  189.806473 88.0 0
  189.81535300000002 136.0 1
  190.122345 1904.0 10
  190.130157 144.0 1
  190.136536 148.0 1
  190.148224 20.0 0
  190.173462 160.0 1
  190.20709200000002 140.0 1
  190.325165 140.0 1
  190.45674100000002 104.0 1
  190.619888 144.0 1
  190.632462 56.0 0
  190.678131 232.0 1
  190.922302 88.0 0
  190.979767 44.0 0
  191.032867 186400.0 999
  191.04066500000002 124.0 1
  191.041489 212.0 1
  191.084763 3.940025 0
  191.10668900000002 364.0 2
  191.25593600000002 40.0 0
  191.28154 184.0 1
  191.300934 80.0 0
  191.346115 48.0 0
  191.46698 140.0 1
  191.48661800000002 108.0 1
  191.543396 252.0 1
  191.60621600000002 160.0 1
  191.62835700000002 244.0 1
  191.64270000000002 228.0 1
  191.836502 48.0 0
  191.849884 92.0 0
  191.894821 244.0 1
  191.920181 112.0 1
  192.116806 68.0 0
  192.154083 144.0 1
  192.209824 36.0 0
  192.314514 36.0 0
  192.646332 308.0 2
  192.670837 60.0 0
  192.717453 140.0 1
  192.847488 64.0 0
  193.078033 164.0 1
  193.109634 120.0 1
  193.163971 136.0 1
  193.207336 120.0 1
  193.245621 108.0 1
  193.566788 156.0 1
  193.77307100000002 92.0 0
  193.809326 364.0 2
  193.83876 100.0 1
  193.896286 60.0 0
  193.913483 120.0 1
  193.971497 496.0 3
  193.976257 128.0 1
  194.036148 172.0 1
  194.057053 188.0 1
  194.095642 19708.0 106
  194.096359 3758.447998 20
  194.10659800000002 136.0 1
  194.37648000000002 48.0 0
  194.39939900000002 180.0 1
  194.417542 60.0 0
  194.454544 0.061482 0
  194.568115 160.0 1
  194.62883000000002 92.0 0
  194.712646 200.0 1
  194.936935 156.0 1
  194.96907000000002 220.0 1
  195.004242 84.0 0
  195.04740900000002 140.0 1
  195.516785 144.0 1
  195.57295200000002 220.0 1
  195.647644 148.0 1
  195.68782000000002 132.0 1
  195.804367 104.0 1
  196.136765 244.0 1
  196.204056 136.0 1
  196.20529200000001 44.0 0
  196.255661 100.0 1
  196.40531900000002 160.0 1
  196.51855500000002 64.0 0
  196.766602 164.0 1
  196.76774600000002 112.0 1
  196.915802 120.0 1
  197.026642 1572.96521 8
  197.117645 1340.0 7
  197.178268 68.0 0
  197.29499800000002 252.0 1
  197.367477 216.0 1
  197.46353100000002 144.0 1
  197.50846900000002 208.0 1
  197.68042 88.0 0
  197.689499 240.0 1
  197.75228900000002 60.0 0
  197.906799 152.0 1
  198.08775300000002 44.0 0
  198.111694 13952.0 75
  198.434479 11.88281 0
  198.744156 188.0 1
  198.808044 156.0 1
  198.817398 156.0 1
  198.88922100000002 116.0 1
  198.92652900000002 208.0 1
  198.95666500000002 6.906746 0
  199.07324200000002 86.077431 0
  199.33908100000002 52.0 0
  199.55174300000002 84.0 0
  199.601913 52.0 0
  199.653976 132.0 1
  199.688736 72.0 0
  199.71313500000002 164.0 1
  199.764343 88.0 0
  199.76611300000002 192.0 1
  199.823471 164.0 1
  199.94584700000001 144.0 1
  200.057007 104.0 1
  200.100342 2384.0 13
  200.213638 15260.359375 82
  200.282028 320.0 2
  200.287003 112.0 1
  200.33178700000002 96.0 1
  200.399506 144.0 1
  200.592926 112.0 1
  200.792587 196.0 1
  200.879196 52.0 0
  200.920334 192.0 1
  200.933807 84.0 0
  200.953079 164.0 1
  200.96215800000002 192.0 1
  201.06637600000002 168.0 1
  201.372604 108.0 1
  201.446899 116.0 1
  201.739273 128.0 1
  201.87016300000002 208.0 1
  202.03469800000002 148.0 1
  202.077805 244.0 1
  202.09021 172.0 1
  202.112015 140.0 1
  202.13841200000002 216.0 1
  202.22996500000002 192.0 1
  202.267899 84.0 0
  202.33363300000002 116.0 1
  202.406769 176.0 1
  202.450638 124.0 1
  202.482651 172.0 1
  202.958054 84.0 0
  203.02742 172.0 1
  203.221115 184.0 1
  203.236557 104.0 1
  203.259964 80.0 0
  203.346802 272.0 1
  203.37321500000002 156.0 1
  203.43129000000002 14.7 0
  203.613327 164.0 1
  203.665558 176.0 1
  203.782837 92.0 0
  203.933975 156.0 1
  204.072662 236.0 1
  204.102676 36.0 0
  204.238022 152.0 1
  204.260895 88.0 0
  204.799179 164.0 1
  204.991913 60.0 0
  205.06282000000002 316.0 2
  205.300613 132.0 1
  205.30084200000002 32.0 0
  205.45365900000002 112.0 1
  205.460678 36.0 0
  206.026733 204.0 1
  206.054855 196.0 1
  206.10199 148.0 1
  206.19082600000002 144.0 1
  206.192383 112.0 1
  206.280731 180.0 1
  206.43351800000002 132.0 1
  206.49501 168.0 1
  206.54245 128.0 1
  206.631424 188.0 1
  206.640625 20.45837 0
  206.727539 52.0 0
  206.74482700000002 48.0 0
  206.76670800000002 176.0 1
  207.03663600000002 2199.0 12
  207.057999 932.0 5
  207.11724900000002 1312.0 7
  207.175247 152.0 1
  207.214279 24.598721 0
  207.426926 144.0 1
  207.486679 48.0 0
  207.51585400000002 48.0 0
  207.558243 56.0 0
  207.666489 136.0 1
  207.98593100000002 109.993202 1
  208.086868 252.0 1
  208.112274 48.0 0
  208.24182100000002 112.0 1
  208.262146 124.0 1
  208.64390600000002 112.0 1
  208.74220300000002 56.0 0
  208.83441200000001 192.0 1
  208.980377 136.0 1
  209.130707 368.0 2
  209.167587 2.0 0
  209.18339500000002 6.427083 0
  209.24234 172.0 1
  209.3629 196.0 1
  209.381744 108.0 1
  209.454224 184.0 1
  209.46962000000002 188.0 1
  209.47657800000002 112.0 1
  209.58831800000002 172.0 1
  209.670456 52.0 0
  209.847778 180.0 1
  209.89819300000002 184.0 1
  209.97387700000002 172.0 1
  210.033768 96.0 1
  210.059448 128.0 1
  210.091003 3124.0 17
  210.135178 192.0 1
  210.18071 188.0 1
  210.181732 156.0 1
  210.295074 268.0 1
  210.52705400000002 180.0 1
  210.565887 192.0 1
  210.771851 56.0 0
  210.91180400000002 204.0 1
  210.933624 116.0 1
  210.99319500000001 140.0 1
  211.272583 36.0 0
  211.328384 216.0 1
  211.61824000000001 112.0 1
  211.926117 76.0 0
  212.02688600000002 224.0 1
  212.05522200000001 140.0 1
  212.091339 52.0 0
  212.105545 208.0 1
  212.15210000000002 656.0 4
  212.391098 172.0 1
  212.430038 156.0 1
  212.872589 208.0 1
  212.922852 124.0 1
  213.023788 89.288803 0
  213.151321 44.0 0
  213.15815700000002 140.0 1
  213.165253 188.0 1
  213.20898400000002 108.0 1
  213.282318 176.0 1
  213.451263 116.0 1
  213.795319 320.0 2
  213.801514 148.0 1
  213.812378 160.0 1
  214.036224 144.0 1
  214.04980500000002 368.0 2
  214.384995 284.0 2
  214.490509 140.0 1
  214.52951000000002 140.0 1
  214.55242900000002 216.0 1
  214.593994 116.0 1
  214.64999400000002 160.0 1
  214.671082 76.0 0
  214.7397 252.0 1
  215.01966900000002 144.0 1
  215.086578 464.0 2
  215.093927 120.0 1
  215.09938 468.0 3
  215.138947 156.0 1
  215.184052 164.0 1
  215.253952 76.0 0
  215.263306 200.0 1
  215.399811 152.0 1
  215.643066 152.0 1
  215.777588 152.0 1
  215.807739 172.0 1
  215.818619 88.0 0
  215.91583300000002 180.0 1
  215.934708 40.0 0
  215.94665500000002 176.0 1
  215.98133900000002 396.0 2
  215.98486300000002 200.0 1
  216.103882 160.174103 1
  216.11175500000002 124.0 1
  216.276947 128.0 1
  216.447067 228.0 1
  216.46125800000002 116.0 1
  216.67115800000002 232.0 1
  216.787552 144.0 1
  216.821411 28.0 0
  216.98202500000002 700.0 4
  217.03616300000002 80.0 0
  217.091904 148.0 1
  217.105331 156.0 1
  217.12046800000002 28.0 0
  217.231888 104.0 1
  217.277161 64.0 0
  217.326401 288.0 2
  217.48628200000002 200.0 1
  217.62233 164.0 1
  217.818558 76.0 0
  218.02006500000002 436.0 2
  218.083694 380.0 2
  218.1064 248.0 1
  218.38346900000002 224.0 1
  218.48645000000002 116.0 1
  218.516129 180.0 1
  218.555161 52.0 0
  218.59942600000002 100.0 1
  218.617569 172.0 1
  218.657349 132.0 1
  218.974579 160.0 1
  219.15425100000002 240.0 1
  219.174622 416.0 2
  219.424744 120.0 1
  219.54972800000002 108.0 1
  219.630005 76.0 0
  219.70773300000002 192.0 1
  219.71138000000002 64.0 0
  219.916336 140.0 1
  220.057724 128.0 1
  220.177246 2.9125 0
  220.298721 40.0 0
  220.364868 180.0 1
  220.519394 156.0 1
  220.697525 36.0 0
  220.699738 136.0 1
  220.741699 156.0 1
  221.026978 168.0 1
  221.041336 56.0 0
  221.10673500000001 136.0 1
  221.11528 236.0 1
  221.145386 168.0 1
  221.150116 200.0 1
  221.35202 72.0 0
  221.733109 88.0 0
  221.763123 156.0 1
  221.77095 188.0 1
  221.947754 48.0 0
  222.098846 216.0 1
  222.24585000000002 160.0 1
  222.429199 100.0 1
  222.461823 204.0 1
  222.67562900000001 124.0 1
  222.75825500000002 88.0 0
  222.94288600000002 128.0 1
  223.021469 204.0 1
  223.043747 560.0 3
  223.097229 196.0 1
  223.312225 180.0 1
  223.81938200000002 144.0 1
  223.851456 120.0 1
  223.88467400000002 100.0 1
  224.02783200000002 232.0 1
  224.118347 272.0 1
  224.13443 564.0 3
  224.15690600000002 328.0 2
  224.242172 132.0 1
  224.27487200000002 184.0 1
  224.358566 180.0 1
  224.470062 200.0 1
  224.51864600000002 48.0 0
  224.587692 168.0 1
  224.657974 92.0 0
  225.064133 844.0 5
  225.27766400000002 120.0 1
  225.337433 96.0 1
  225.357529 156.0 1
  225.37269600000002 84.0 0
  225.469955 196.0 1
  225.66261300000002 152.0 1
  225.77610800000002 42.373829 0
  226.053696 160.0 1
  226.261398 96.0 1
  226.54838600000002 148.0 1
  226.728134 160.0 1
  227.073776 356.0 2
  227.14061 148.0 1
  227.409164 172.0 1
  227.425339 112.0 1
  227.516983 224.0 1
  228.275589 92.0 0
  228.356369 152.0 1
  228.368912 108.0 1
  228.46765200000002 80.0 0
  228.578674 156.0 1
  228.66861 188.0 1
  228.680511 192.0 1
  228.745499 100.0 1
  228.90768400000002 48.0 0
  229.084427 156.0 1
  229.08812 1064.0 6
  229.159027 720.0 4
  229.214874 48.072529 0
  229.300095 144.0 1
  229.334213 280.0 2
  229.569656 168.0 1
  229.771194 37.325539 0
  229.84814500000002 280.0 2
  229.88389600000002 60.0 0
  230.03680400000002 208.0 1
  230.04821800000002 3956.0 21
  230.05732700000002 1420.0 8
  230.12428300000002 364.0 2
  230.628174 300.0 2
  230.63668800000002 52.0 0
  230.953903 3776.0 20
  231.698105 128.0 1
  231.75202900000002 40.0 0
  231.91282700000002 4.531863 0
  231.943939 92.0 0
  231.969742 156.0 1
  232.04461700000002 156.0 1
  232.074112 144.0 1
  232.089966 8.707559 0
  232.11341900000002 308.0 2
  232.45060700000002 80.0 0
  232.885864 124.0 1
  232.94125400000001 267.665985 1
  233.00122100000002 76.0 0
  233.038147 132.0 1
  233.057587 324.0 2
  233.102829 68.0 0
  233.22837800000002 72.0 0
  233.48126200000002 148.0 1
  233.757477 72.0 0
  233.84831200000002 236.0 1
  233.94769300000002 116.0 1
  234.01886000000002 1714.106934 9
  234.05479400000002 148.0 1
  234.10221900000002 256.0 1
  234.127274 144.0 1
  234.13952600000002 456.0 2
  234.37674 112.0 1
  234.436371 132.0 1
  234.438782 72.0 0
  234.44480900000002 52.0 0
  234.660889 148.0 1
  234.70442200000002 176.0 1
  234.86128200000002 92.0 0
  234.89192200000002 188.0 1
  235.073959 484.0 3
  235.323532 228.0 1
  235.35380600000002 132.0 1
  235.41983000000002 96.0 1
  235.747253 164.0 1
  235.821091 144.0 1
  235.85614 92.0 0
  236.035095 120.0 1
  236.165009 1.253906 0
  236.299484 56.0 0
  236.45648200000002 64.0 0
  236.467194 100.0 1
  236.71322600000002 152.0 1
  236.82797200000002 116.0 1
  236.89961200000002 112.0 1
  237.383911 168.0 1
  237.572968 112.0 1
  237.741364 168.0 1
  237.764252 40.0 0
  237.833344 48.0 0
  237.879211 380.0 2
  237.955795 72.0 0
  238.060684 144.0 1
  238.081299 116.0 1
  238.113312 160.0 1
  238.176468 72.0 0
  238.347427 80.0 0
  238.522064 84.0 0
  238.82920800000002 152.0 1
  239.135818 180.0 1
  239.17804 376.0 2
  239.28331 108.0 1
  239.40721100000002 52.0 0
  239.870529 228.0 1
  240.08303800000002 224.0 1
  240.118118 108.0 1
  240.183044 104.0 1
  240.326752 104.0 1
  240.43086200000002 432.0 2
  240.76658600000002 132.0 1
  240.812714 208.0 1
  240.8246 220.0 1
  240.943115 144.0 1
  240.97245800000002 64.0 0
  241.046341 160.0 1
  241.104568 184.0 1
  241.303741 256.0 1
  241.33612100000002 8.55787 0
  241.6064 164.0 1
  241.78653 108.0 1
  241.807953 152.0 1
  241.89527900000002 60.0 0
  242.04847700000002 92.0 0
  242.15141300000002 148.0 1
  242.21940600000002 140.0 1
  242.401962 164.0 1
  242.44580100000002 232.0 1
  242.462387 136.0 1
  242.47073400000002 56.0 0
  242.86805700000002 220.0 1
  242.954025 460.0 2
  242.96864300000001 108.0 1
  243.06102 204.0 1
  243.108597 35.133339 0
  243.210876 84.0 0
  243.27508500000002 1.168561 0
  243.47503700000001 27.38489 0
  243.740982 344.0 2
  243.86604300000002 164.0 1
  243.91954 140.0 1
  243.941086 152.0 1
  243.943451 148.0 1
  244.09710700000002 888.0 5
  244.10673500000001 23.286989 0
  244.10823100000002 8476.0 45
  244.13626100000002 2680.0 14
  244.163284 508.0 3
  244.345154 96.0 1
  244.39733900000002 152.0 1
  244.70430000000002 104.0 1
  244.97589100000002 164.0 1
  245.099014 572.0 3
  245.16835 176.0 1
  245.25984200000002 144.0 1
  245.2836 152.0 1
  245.73237600000002 172.0 1
  246.04277000000002 136.0 1
  246.35574300000002 144.0 1
  246.368454 112.0 1
  246.90562400000002 48.0 0
  246.952271 192.0 1
  247.016937 6668.0 36
  247.088287 2320.51709 12
  247.20898400000002 68.0 0
  247.43034400000002 232.0 1
  247.554932 180.0 1
  247.62406900000002 188.0 1
  247.656204 104.0 1
  247.68228100000002 84.0 0
  247.734283 156.0 1
  247.767502 156.0 1
  248.004929 48.0 0
  248.068283 180.0 1
  248.145798 112.0 1
  248.18718800000002 212.0 1
  248.361511 48.0 0
  248.750214 264.0 1
  248.86779800000002 6.805555 0
  249.072098 124.0 1
  249.178772 180.0 1
  249.240174 204.0 1
  249.29216 52.0 0
  250.019882 139.121094 1
  250.08586100000002 189.817596 1
  250.13269 100.0 1
  250.357941 92.0 0
  250.41871600000002 68.0 0
  250.479813 148.0 1
  250.560257 80.0 0
  250.577515 60.0 0
  250.67974900000002 176.0 1
  251.04774500000002 204.0 1
  251.09118700000002 408.0 2
  251.126923 40.723259 0
  251.142944 92.0 0
  251.210037 176.0 1
  251.41983000000002 96.0 1
  251.52861000000001 40.0 0
  251.67205800000002 44.0 0
  251.84526100000002 48.0 0
  252.01088000000001 216.0 1
  252.09376500000002 80.0 0
  252.102234 300.0 2
  252.136017 288.0 2
  252.185776 288.0 2
  252.292847 108.0 1
  252.297775 72.0 0
  252.45927400000002 164.0 1
  252.554932 132.0 1
  252.605331 96.0 1
  253.07894900000002 124.0 1
  253.11187700000002 52.0 0
  253.172897 368.0 2
  254.045227 136.0 1
  254.072372 56.0 0
  254.1035 3076.0 16
  254.173874 152.0 1
  254.263702 52.0 0
  254.634171 248.0 1
  254.726913 112.0 1
  254.867142 100.0 1
  255.032059 52.0 0
  255.092377 80.0 0
  255.147141 144.0 1
  255.21829200000002 156.0 1
  255.34198 184.0 1
  255.628769 156.0 1
  255.811752 160.0 1
  256.012878 144.0 1
  256.03363 52.0 0
  256.036835 140.0 1
  256.3797 132.0 1
  256.54776 68.0 0
  256.569855 208.0 1
  256.74118 60.0 0
  256.809052 60.0 0
  256.852325 48.0 0
  256.881866 88.0 0
  257.099884 204.0 1
  257.104401 144.0 1
  257.16284199999996 396.0 2
  257.18438699999996 184.0 1
  257.228455 132.0 1
  257.602631 40.0 0
  257.666901 180.0 1
  257.71072399999997 168.0 1
  257.79953 84.0 0
  258.043304 120.0 1
  258.14916999999997 396.0 2
  258.232056 104.0 1
  258.56100499999997 168.0 1
  258.677917 116.0 1
  258.821808 164.0 1
  258.928772 232.0 1
  259.088959 180.0 1
  259.117004 208.0 1
  259.34664899999996 108.0 1
  259.375793 288.0 2
  259.464325 248.0 1
  259.562317 168.0 1
  260.02255199999996 176.0 1
  260.039093 140.0 1
  260.153442 29.11846 0
  260.44458 172.0 1
  260.57595799999996 68.0 0
  260.76138299999997 124.0 1
  260.825317 36.0 0
  260.966974 100.0 1
  260.98709099999996 132.0 1
  261.010223 156.0 1
  261.19793699999997 152.0 1
  261.361633 40.0 0
  261.54092399999996 92.0 0
  261.577911 64.0 0
  262.284698 120.0 1
  262.429718 148.0 1
  262.59603899999996 168.0 1
  263.15673799999996 124.0 1
  263.171143 128.0 1
  263.184418 176.0 1
  263.425049 164.0 1
  263.464996 140.0 1
  263.538879 168.0 1
  263.58252 56.0 0
  263.65914899999996 72.0 0
  263.66391 18.81509 0
  263.678162 40.0 0
  263.911316 96.0 1
  264.01709 160.0 1
  264.040863 332.0 2
  264.04717999999997 148.0 1
  264.23571799999996 328.0 2
  264.41152999999997 80.0 0
  264.416656 44.0 0
  264.561584 184.0 1
  264.747284 60.0 0
  264.87793 60.0 0
  265.015625 188.0 1
  265.129913 120.0 1
  265.381714 132.0 1
  265.61364699999996 76.0 0
  265.74310299999996 196.0 1
  266.13055399999996 140.0 1
  266.18798799999996 108.0 1
  266.25708 40.0 0
  266.65033 72.0 0
  266.822449 124.0 1
  266.960785 80.0 0
  267.025604 80.0 0
  267.09011799999996 80.0 0
  267.138916 100.0 1
  267.227081 144.0 1
  267.627869 120.0 1
  268.124481 128.0 1
  268.177277 204.0 1
  268.379242 252.0 1
  268.39446999999996 60.0 0
  268.59664899999996 128.0 1
  268.65063499999997 112.0 1
  268.950653 56.0 0
  269.095825 152.0 1
  269.15417499999995 792.0 4
  269.199127 304.0 2
  269.368073 52.0 0
  269.511414 72.0 0
  269.52124 20.36566 0
  269.64816299999995 36.0 0
  269.853882 124.0 1
  269.98553499999997 144.0 1
  270.230927 32.0 0
  270.32568399999997 136.0 1
  271.062531 160.0 1
  271.064087 652.0 3
  271.155334 144.0 1
  271.253906 288.0 2
  271.28537 168.0 1
  271.535065 92.0 0
  271.836975 132.0 1
  271.857391 128.0 1
  272.443878 128.0 1
  272.951996 4.8 0
  272.988251 156.0 1
  273.08111599999995 1836.0 10
  273.274048 168.0 1
  274.13998399999997 92.0 0
  274.64410399999997 76.0 0
  275.122192 164.0 1
  275.286682 188.0 1
  275.309692 64.0 0
  275.332031 196.0 1
  276.13031 112.0 1
  276.51629599999995 64.0 0
  276.896881 172.0 1
  277.151703 232.0 1
  277.73547399999995 200.0 1
  278.03884899999997 3708.0 20
  278.339722 6.306159 0
  278.37615999999997 60.0 0
  278.636322 144.0 1
  279.102783 92.0 0
  279.19418299999995 140.0 1
  279.240417 180.0 1
  279.30029299999995 72.0 0
  279.8237 76.0 0
  280.456238 32.0 0
  280.64703399999996 64.0 0
  280.813477 152.0 1
  280.846954 68.0 0
  280.854218 21.72537 0
  280.897491 128.0 1
  281.060028 148.0 1
  281.64016699999996 188.0 1
  282.006134 96.0 1
  282.202026 52.0 0
  282.347351 60.0 0
  282.500793 140.0 1
  282.54717999999997 92.0 0
  283.0 40.0 0
  283.49508699999996 112.0 1
  283.572021 324.0 2
  284.004059 164.0 1
  284.117371 140.0 1
  284.26071199999996 168.0 1
  284.55474899999996 184.0 1
  284.605286 108.0 1
  284.64163199999996 116.0 1
  284.654877 104.0 1
  285.098572 116.0 1
  285.120728 124.0 1
  285.15270999999996 176.0 1
  285.183075 106.522102 1
  285.378387 76.0 0
  285.530396 48.0 0
  285.57428 39.790852 0
  285.704529 112.0 1
  285.820923 124.0 1
  285.837494 144.0 1
  286.010376 148.0 1
  286.10360699999995 144.0 1
  286.187683 112.0 1
  286.253082 300.0 2
  286.47085599999997 128.0 1
  286.496948 184.0 1
  286.87341299999997 224.0 1
  287.153351 80.0 0
  287.24499499999996 100.0 1
  287.31521599999996 68.0 0
  287.579102 124.0 1
  288.926941 144.0 1
  288.935272 76.0 0
  288.952789 224.0 1
  289.062592 116.0 1
  289.379547 156.0 1
  290.34106399999996 5.787037 0
  290.37667799999997 128.0 1
  290.406616 100.0 1
  290.431702 92.0 0
  290.90033 160.0 1
  291.057129 324.0 2
  291.057343 592.0 3
  291.48443599999996 128.0 1
  291.83428999999995 136.0 1
  292.223053 56.0 0
  292.439667 68.0 0
  292.565674 80.0 0
  292.781616 156.0 1
  292.785797 136.0 1
  293.342407 840.0 5
  293.422333 96.0 1
  293.71536299999997 40.0 0
  293.892029 52.0 0
  293.89404299999995 176.0 1
  293.94467199999997 116.0 1
  294.142517 88.0 0
  294.573914 76.0 0
  294.665527 104.0 1
  294.691711 92.0 0
  294.96392799999995 40.0 0
  295.01663199999996 160.0 1
  295.20516999999995 1436.0 8
  295.22146599999996 92.0 0
  295.391937 72.0 0
  295.50119 88.0 0
  295.88235499999996 124.0 1
  296.16516099999996 272.0 1
  296.260376 64.0 0
  296.29418899999996 152.0 1
  296.490417 116.0 1
  296.589539 40.0 0
  296.6203 96.0 1
  297.05361899999997 768.0 4
  297.120453 144.0 1
  297.148438 296.0 2
  297.153961 192.0 1
  297.901367 164.0 1
  298.138153 192.0 1
  298.143066 184.0 1
  298.446075 104.0 1
  298.76782199999997 260.0 1
  298.857422 80.0 0
  299.156769 116.0 1
  299.20095799999996 238.166702 1
  299.515015 28.0 0
  300.07003799999995 376.0 2
  300.14092999999997 148.0 1
  300.21289099999996 108.0 1
  301.118378 364.0 2
  301.13174399999997 228.0 1
  301.36145 52.0 0
  301.583649 52.0 0
  301.749603 140.0 1
  301.774408 124.0 1
  301.883057 76.0 0
  301.890747 72.0 0
  301.891235 156.0 1
  301.891754 124.0 1
  302.130615 12700.0 68
  302.194122 144.0 1
  302.62710599999997 208.0 1
  302.650421 116.0 1
  303.153839 348.0 2
  303.166901 132.0 1
  303.172668 248.0 1
  303.31591799999995 152.0 1
  303.66455099999996 60.0 0
  303.75451699999996 140.0 1
  303.921997 88.0 0
  304.197296 460.0 2
  304.447998 148.0 1
  305.02795399999997 160.0 1
  305.127747 148.0 1
  305.45944199999997 128.0 1
  305.738312 128.0 1
  305.782562 172.0 1
  306.25573699999995 5.130312 0
  307.098938 56.0 0
  307.11880499999995 1284.0 7
  307.211121 152.0 1
  307.380951 148.0 1
  307.430573 176.0 1
  307.544556 188.0 1
  307.81976299999997 96.0 1
  308.160797 192.0 1
  308.164154 208.0 1
  308.18512 44.0 0
  308.515991 84.0 0
  308.911774 76.0 0
  309.393982 104.0 1
  309.56503299999997 108.0 1
  309.85839799999997 56.0 0
  310.11294599999997 97.08075 1
  310.406708 96.0 1
  310.967712 184.0 1
  311.197388 1496.0 8
  311.483002 124.0 1
  312.03533899999996 112.0 1
  312.345032 128.0 1
  312.44537399999996 148.0 1
  312.83789099999996 108.0 1
  313.038818 140.0 1
  313.164764 196.0 1
  313.17776499999997 368.0 2
  313.178772 804.0 4
  313.79925499999996 68.0 0
  314.154724 972.0 5
  314.164825 131.516495 1
  314.279114 144.0 1
  314.392853 88.172096 0
  314.68670699999996 68.0 0
  314.796143 116.0 1
  314.82016 19.36937 0
  314.842377 120.0 1
  315.40191699999997 108.0 1
  317.22634899999997 108.0 1
  317.30658 356.0 2
  317.648865 144.0 1
  318.19741799999997 104.0 1
  318.25 1.161152 0
  318.34631299999995 76.0 0
  318.632843 64.0 0
  318.80715899999996 232.0 1
  318.818878 228.0 1
  319.51061999999996 76.0 0
  319.589905 120.0 1
  319.687103 76.0 0
  320.01602199999996 120.0 1
  320.1026 160.0 1
  320.167755 112.0 1
  320.240417 116.0 1
  320.61321999999996 204.0 1
  320.675476 96.0 1
  321.202118 144.0 1
  321.36364699999996 0.0 0
  321.45871 116.0 1
  322.096619 64.0 0
  322.197998 332.0 2
  322.240143 108.0 1
  322.39334099999996 140.0 1
  322.84551999999996 144.0 1
  323.202362 148.0 1
  323.603363 316.0 2
  325.04049699999996 136.0 1
  325.349182 112.0 1
  325.413483 227.924057 1
  326.06085199999995 140.0 1
  326.072723 304.0 2
  326.24939 100.0 1
  326.54684399999996 176.0 1
  326.62762499999997 64.0 0
  329.076233 160.0 1
  329.14669799999996 19336.0 104
  330.144775 264.0 1
  331.138641 80.0 0
  331.14135699999997 100.0 1
  331.202637 92.0 0
  331.686646 76.0 0
  332.258179 180.0 1
  332.44186399999995 140.0 1
  332.608887 72.0 0
  332.77002 64.0 0
  333.30441299999995 116.0 1
  333.37737999999996 1.736111 0
  333.552368 116.0 1
  334.103973 152.0 1
  334.183655 76.0 0
  334.95378999999997 168.0 1
  335.28656 92.0 0
  335.60986299999996 80.0 0
  336.607513 112.0 1
  336.762268 72.0 0
  337.00143399999996 76.0 0
  337.158905 164.0 1
  338.45257599999997 8.668011 0
  338.906891 104.0 1
  339.92407199999997 132.0 1
  340.08041399999996 128.0 1
  340.179962 3076.0 16
  340.55215499999997 152.0 1
  341.119629 200.0 1
  342.15054299999997 64.0 0
  342.22412099999997 188.0 1
  342.417328 120.0 1
  342.507202 5.916667 0
  342.979065 180.0 1
  343.81634499999996 148.0 1
  344.082092 152.0 1
  344.11911 172.0 1
  344.15039099999996 204.0 1
  344.25305199999997 76.0 0
  345.43179299999997 36.0 0
  345.70886199999995 76.0 0
  346.06604 128.0 1
  346.171722 14.025597 0
  346.638092 92.0 0
  347.103149 120.0 1
  347.189636 92.0 0
  347.33334399999995 7.084721 0
  347.61132799999996 192.0 1
  348.623657 2.669872 0
  349.93661499999996 124.0 1
  351.00134299999996 144.0 1
  351.082855 172.0 1
  351.175934 128.0 1
  351.734039 228.0 1
  351.95867899999996 120.0 1
  352.160889 176.0 1
  353.250183 56.0 0
  353.87203999999997 60.0 0
  354.422241 112.0 1
  354.544403 124.0 1
  355.03662099999997 132.0 1
  355.49182099999996 52.0 0
  356.173431 80.0 0
  356.19933399999996 136.0 1
  357.688904 6.075 0
  358.13458299999996 132.0 1
  358.16983 252.0 1
  358.194031 244.0 1
  358.50442499999997 64.0 0
  358.637543 11.60417 0
  359.10006699999997 96.0 1
  359.363617 7.202381 0
  360.426422 96.0 1
  360.490143 92.0 0
  360.873016 132.0 1
  361.967712 156.0 1
  362.05767799999995 7416.0 40
  362.571869 168.0 1
  363.962311 188.0 1
  365.16171299999996 152.0 1
  365.68960599999997 56.0 0
  365.705048 156.0 1
  365.863953 88.0 0
  365.957245 156.0 1
  366.01379399999996 116.0 1
  366.05810499999995 1228.0 7
  366.29760699999997 3.313636 0
  367.10238599999997 92.0 0
  367.446716 96.0 1
  367.67880199999996 88.0 0
  368.24175399999996 160.0 1
  368.35909999999996 112.0 1
  369.00778199999996 72.0 0
  369.42453 152.0 1
  369.438141 212.0 1
  369.957672 144.0 1
  370.78979499999997 92.0 0
  370.90649399999995 168.0 1
  371.09390299999995 272.577606 1
  372.074005 168.0 1
  372.85360699999995 88.0 0
  374.130402 128.0 1
  375.168457 112.0 1
  375.27236899999997 128.0 1
  375.57486 136.0 1
  376.075592 72.0 0
  377.27487199999996 60.0 0
  379.51800499999996 112.0 1
  380.388 136.0 1
  381.083557 108.0 1
  381.769257 160.0 1
  381.88476599999996 168.0 1
  381.985931 124.0 1
  382.505493 72.0 0
  382.525269 220.0 1
  382.573669 128.0 1
  382.57946799999996 852.0 5
  383.32946799999996 68.0 0
  384.432007 120.0 1
  385.10830699999997 124.0 1
  386.271545 120.0 1
  386.803955 84.0 0
  387.24609399999997 212.0 1
  387.526031 26.5625 0
  389.30481 84.0 0
  390.20077499999996 5.074912 0
  390.974426 124.0 1
  391.207092 152.0 1
  392.72412099999997 200.0 1
  392.915558 11.68913 0
  392.94064299999997 116.0 1
  395.198944 900.0 5
  395.84844999999996 70.346848 0
  396.106873 140.0 1
  398.15502899999996 104.0 1
  398.183411 120.0 1
  398.40072599999996 40.0 0
  398.561646 180.0 1
  398.623108 120.0 1
  399.89996299999996 336.0 2
  401.383148 92.0 0
  401.553833 140.0 1
  402.73291 172.0 1
  403.295715 116.0 1
  403.432465 112.0 1
  403.78372199999995 60.0 0
  404.01888399999996 180.0 1
  405.14282199999997 132.0 1
  405.586792 148.0 1
  406.098511 88.0 0
  406.32653799999997 68.0 0
  406.49197399999997 100.0 1
  406.878693 128.0 1
  408.18960599999997 888.0 5
//
