ACCESSION: CCMSLIB00000079404
RECORD_TITLE: decoy
DATE: 2015.11.20
AUTHORS: Administrator
LICENSE: CC BY-SA
CH$NAME: decoy
CH$COMPOUND_CLASS: Natural Product
CH$FORMULA: C10H10O3
CH$EXACT_MASS: 178.06299417999998
CH$SMILES: N/A
CH$IUPAC: decoy
CH$LINK: N/A
AC$INSTRUMENT: decoy
AC$INSTRUMENT_TYPE: decoy
AC$MASS_SPECTROMETRY: MS_TYPE MS2
AC$MASS_SPECTROMETRY: ION_MODE POSITIVE
AC$MASS_SPECTROMETRY: COLLISION_ENERGY 10 V
MS$FOCUSED_ION: PRECURSOR_M/Z 179
MS$FOCUSED_ION: PRECURSOR_TYPE [M+H]+
PK$NUM_PEAK: 45
PK$PEAK: m/z int. rel.int.
  46.285591000000004 132.0 65
  51.870102 116.0 57
  52.585384000000005 168.0 83
  53.777618000000004 180.0 89
  55.130692 116.0 57
  56.639843 176.0 87
  63.214802 148.0 73
  69.26396199999999 184.0 91
  75.281387 208.0 103
  76.052551 148.0 73
  77.590164 148.0 73
  82.522255 72.0 36
  84.142281 152.0 75
  85.033203 48.0 24
  88.563515 132.0 65
  97.35524699999999 176.0 87
  98.34732799999999 156.0 77
  99.080956 172.0 85
  101.41107199999999 140.0 69
  101.56916799999999 164.0 81
  103.86110699999999 132.0 65
  105.428322 112.0 55
  105.921768 116.0 57
  107.33612099999999 140.0 69
  110.87075 124.0 61
  112.96045699999999 120.0 59
  117.06929799999999 204.0 101
  122.090065 148.0 73
  124.461388 156.0 77
  126.388847 124.0 61
  126.501312 140.0 69
  130.90145900000002 184.0 91
  133.2397 120.0 59
  135.686127 256.0 127
  142.547943 60.0 30
  146.80543500000002 168.0 83
  146.88673400000002 180.0 89
  152.236481 4.416667 2
  158.847916 152.0 75
  163.03692600000002 484.0 239
  163.274765 168.0 83
  168.079742 2020.0 999
  169.59916700000002 248.0 123
  172.058853 176.0 87
  179.071 1.0 0
//
