ACCESSION: CCMSLIB00000078803
RECORD_TITLE: decoy
DATE: 2015.11.20
AUTHORS: Administrator
LICENSE: CC BY-SA
CH$NAME: decoy
CH$COMPOUND_CLASS: Natural Product
CH$FORMULA: C24H33NO3
CH$EXACT_MASS: 383.246043916
CH$SMILES: N/A
CH$IUPAC: decoy
CH$LINK: N/A
AC$INSTRUMENT: decoy
AC$INSTRUMENT_TYPE: decoy
AC$MASS_SPECTROMETRY: MS_TYPE MS2
AC$MASS_SPECTROMETRY: ION_MODE POSITIVE
AC$MASS_SPECTROMETRY: COLLISION_ENERGY 10 V
MS$FOCUSED_ION: PRECURSOR_M/Z 384
MS$FOCUSED_ION: PRECURSOR_TYPE [M+H]+
PK$NUM_PEAK: 1645
PK$PEAK: m/z int. rel.int.
  43.640634 172.0 0
  44.999447 124.0 0
  45.103901 184.0 0
  45.128796 188.0 0
  45.265751 92.0 0
  45.466099 76.0 0
  45.64925 184.0 0
  46.3223 104.0 0
  46.497448 236.0 1
  46.583134 180.0 0
  46.624367 208.0 1
  46.738125000000004 92.0 0
  46.746307 152.0 0
  46.808994 144.0 0
  47.295956000000004 120.0 0
  47.316982 180.0 0
  47.425117 200.0 0
  47.492645 224.0 1
  47.745827 152.0 0
  47.922153 140.0 0
  48.052677 84.0 0
  48.252247000000004 180.0 0
  48.396442 156.0 0
  48.416466 172.0 0
  48.957428 132.0 0
  49.156998 164.0 0
  49.53944 140.0 0
  49.586735000000004 168.0 0
  49.594105 136.0 0
  49.698914 148.0 0
  49.746746 172.0 0
  49.83057 96.0 0
  49.927811 224.0 1
  49.988834000000004 188.0 0
  50.02713 136.0 0
  50.050827 180.0 0
  50.097759 200.0 0
  50.18507 220.0 1
  50.640163 136.0 0
  50.650459000000005 108.0 0
  50.808224 120.0 0
  50.979179 148.0 0
  51.223801 180.0 0
  51.307739 196.0 0
  51.464695 136.0 0
  51.684666 148.0 0
  51.724762 160.0 0
  51.908928 148.0 0
  52.047684000000004 144.0 0
  52.179695 208.0 1
  52.62674 156.0 0
  52.962582000000005 180.0 0
  53.088158 204.0 0
  53.170689 152.0 0
  53.196762 60.0 0
  53.340679 152.0 0
  53.413513 84.0 0
  53.446865 212.0 1
  53.561653 164.0 0
  54.323566 196.0 0
  54.327393 148.0 0
  54.556915000000004 192.0 0
  54.865532 300.0 1
  54.867744 204.0 0
  54.936527 180.0 0
  55.0205 124.0 0
  55.095528 136.0 0
  55.799526 132.0 0
  55.877659 196.0 0
  55.934738 192.0 0
  55.94722 296.0 1
  56.228466000000004 176.0 0
  56.394718000000005 76.0 0
  56.5583 152.0 0
  56.712833 160.0 0
  56.983089 216.0 1
  57.031361000000004 168.0 0
  57.083649 216.0 1
  57.246948 212.0 1
  57.289379000000004 180.0 0
  57.529934000000004 200.0 0
  57.777653 84.0 0
  57.840435 208.0 1
  57.898067000000005 104.0 0
  57.956364 96.0 0
  58.031124 176.0 0
  58.441944 156.0 0
  58.456482 40.0 0
  58.689945 136.0 0
  59.052162 128.0 0
  59.056549000000004 172.0 0
  59.091381 256.0 1
  59.260838 132.0 0
  59.548306000000004 132.0 0
  59.665813 220.0 1
  59.803101 140.0 0
  59.945297000000004 136.0 0
  60.146587000000004 144.0 0
  60.17503 156.0 0
  60.256905 156.0 0
  60.432610000000004 172.0 0
  60.696823 68.0 0
  60.703167 176.0 0
  60.787613 48.0 0
  60.815945 196.0 0
  60.956837 152.0 0
  61.01524 84.0 0
  61.267147 180.0 0
  61.402004 208.0 1
  61.528870000000005 204.0 0
  61.659466 148.0 0
  61.950161 64.0 0
  62.234612 124.0 0
  62.238838 136.0 0
  62.569489000000004 144.0 0
  63.180065 128.0 0
  63.586334 148.0 0
  63.634762 240.0 1
  63.849663 188.0 0
  63.854164000000004 180.0 0
  63.905739000000004 112.0 0
  63.933754 96.0 0
  64.302368 144.0 0
  64.322243 140.0 0
  64.461441 176.0 0
  66.489662 188.0 0
  66.591782 208.0 1
  66.866982 148.0 0
  67.01683 112.0 0
  67.098801 160.0 0
  67.264366 148.0 0
  67.742104 208.0 1
  67.86367 160.0 0
  67.87866199999999 208.0 1
  68.29663799999999 204.0 0
  68.889191 188.0 0
  69.36965199999999 208.0 1
  69.42330899999999 48.0 0
  69.766487 152.0 0
  69.891785 64.0 0
  70.060555 184.0 0
  70.104828 128.0 0
  70.201172 108.0 0
  70.22299199999999 176.0 0
  70.43428 160.0 0
  71.208321 156.0 0
  71.210617 196.0 0
  71.43929299999999 168.0 0
  71.528488 172.0 0
  71.79811099999999 168.0 0
  72.087532 232.0 1
  72.485367 140.0 0
  72.78447 148.0 0
  72.871338 44.0 0
  72.889153 184.0 0
  73.21453899999999 136.0 0
  73.292328 148.0 0
  73.593246 128.0 0
  73.732216 216.0 1
  73.948189 148.0 0
  74.300484 136.0 0
  74.314842 76.0 0
  74.37673199999999 128.0 0
  74.857727 224.0 1
  74.92527 108.0 0
  74.97069499999999 184.0 0
  74.99756599999999 132.0 0
  75.167351 184.0 0
  75.886421 132.0 0
  75.943649 236.0 1
  76.222984 132.0 0
  76.579674 108.0 0
  76.589188 120.0 0
  76.703239 180.0 0
  76.72032899999999 148.0 0
  76.818382 200.0 0
  77.00666 352.0 1
  77.130493 124.0 0
  77.28620199999999 124.0 0
  77.345863 176.0 0
  77.402771 160.0 0
  77.606308 160.0 0
  78.161751 68.0 0
  78.63124099999999 208.0 1
  78.676018 220.0 1
  78.74363699999999 96.0 0
  78.95717599999999 144.0 0
  78.963905 208.0 1
  79.40770699999999 156.0 0
  79.68740799999999 144.0 0
  79.748756 164.0 0
  80.023743 96.0 0
  80.572014 148.0 0
  80.81397199999999 132.0 0
  81.01604499999999 204.0 0
  81.044952 64.0 0
  81.25666 168.0 0
  81.301689 140.0 0
  81.669418 156.0 0
  82.239166 140.0 0
  82.306 184.0 0
  82.745499 200.0 0
  82.763588 268.0 1
  82.966309 132.0 0
  82.998566 152.0 0
  83.13055399999999 132.0 0
  83.15502199999999 160.0 0
  83.366768 156.0 0
  83.41008 128.0 0
  84.464737 92.0 0
  84.47676799999999 140.0 0
  84.648354 220.0 1
  84.69934099999999 196.0 0
  84.703239 200.0 0
  84.836967 188.0 0
  84.98366499999999 216.0 1
  84.998978 208.0 1
  85.032608 164.0 0
  85.19494599999999 176.0 0
  85.534477 68.0 0
  85.936195 156.0 0
  86.16931199999999 156.0 0
  86.589867 176.0 0
  86.590797 148.0 0
  86.63649699999999 64.0 0
  86.651657 192.0 0
  87.203773 192.0 0
  87.30708299999999 260.0 1
  87.358902 208.0 1
  87.925636 200.0 0
  88.18950699999999 164.0 0
  88.215065 160.0 0
  88.219101 104.0 0
  89.016205 52.0 0
  89.620865 104.0 0
  89.653893 104.0 0
  90.09400199999999 156.0 0
  90.18539399999999 188.0 0
  90.247597 172.0 0
  90.295502 200.0 0
  90.66469599999999 80.0 0
  90.79371599999999 192.0 0
  91.00621799999999 160.0 0
  91.29300699999999 164.0 0
  91.61379199999999 144.0 0
  91.758163 156.0 0
  91.805397 128.0 0
  92.47050499999999 420.0 1
  92.481331 132.0 0
  92.48829699999999 184.0 0
  92.836197 48.0 0
  92.983543 92.0 0
  93.03166999999999 104.0 0
  93.373466 236.0 1
  93.89010599999999 80.0 0
  94.13396499999999 180.0 0
  94.25349399999999 268.0 1
  94.26930999999999 160.0 0
  94.542053 232.0 1
  94.555916 140.0 0
  94.562653 296.0 1
  94.571075 228.0 1
  94.57702599999999 352.0 1
  94.85548399999999 172.0 0
  94.862854 160.0 0
  95.047371 380.0 1
  95.130074 312.0 1
  95.195915 188.0 0
  95.50148 124.0 0
  95.50935399999999 40.0 0
  95.57534799999999 132.0 0
  95.58745599999999 128.0 0
  95.59047699999999 132.0 0
  96.02353699999999 88.0 0
  96.085625 212.0 1
  96.095322 168.0 0
  96.10694099999999 160.0 0
  96.20549 216.0 1
  96.502037 152.0 0
  97.12145199999999 104.0 0
  97.23597699999999 172.0 0
  97.43547799999999 84.0 0
  97.89564499999999 224.0 1
  98.011597 52.0 0
  98.137985 72.0 0
  98.13995399999999 124.0 0
  98.36271699999999 196.0 0
  98.405884 100.0 0
  98.448219 184.0 0
  98.460579 188.0 0
  98.518784 108.0 0
  98.56027999999999 348.0 1
  98.75276199999999 120.0 0
  98.76885999999999 140.0 0
  98.823982 140.0 0
  98.978828 152.0 0
  98.98698399999999 108.0 0
  99.079163 1336.0 3
  99.18730199999999 456.0 1
  99.22322799999999 152.0 0
  99.269882 120.0 0
  99.732986 116.0 0
  99.81369 136.0 0
  99.81560499999999 172.0 0
  100.002304 220.0 1
  100.274925 240.0 1
  100.362389 148.0 0
  100.362541 112.0 0
  100.54493 52.0 0
  100.694862 168.0 0
  100.766144 164.0 0
  100.881981 124.0 0
  100.97103899999999 132.0 0
  101.037827 216.0 1
  101.120384 108.0 0
  101.25363899999999 152.0 0
  101.33773799999999 44.0 0
  101.34410899999999 80.0 0
  101.42983199999999 40.0 0
  101.440086 176.0 0
  101.540009 136.0 0
  101.613243 44.0 0
  101.716011 204.0 0
  101.94889099999999 152.0 0
  101.949074 168.0 0
  101.952248 176.0 0
  102.13619999999999 136.0 0
  102.14546999999999 152.0 0
  102.19632 172.0 0
  102.31741299999999 176.0 0
  102.32455399999999 128.0 0
  102.33270999999999 128.0 0
  102.36661699999999 140.0 0
  102.44586199999999 168.0 0
  102.45562699999999 152.0 0
  102.63600199999999 216.0 1
  103.019188 156.0 0
  103.05401599999999 1236.0 3
  103.05459599999999 2384.0 6
  103.14649999999999 140.0 0
  103.573166 128.0 0
  103.57901799999999 200.0 0
  103.734978 176.0 0
  103.77892299999999 448.0 1
  103.94459499999999 152.0 0
  103.960297 244.0 1
  104.47953799999999 152.0 0
  104.543976 168.0 0
  104.613846 144.0 0
  104.88445999999999 252.0 1
  105.020432 19.680059 0
  105.24323299999999 116.0 0
  105.281212 204.0 0
  105.387329 216.0 1
  105.643829 124.0 0
  106.05983699999999 168.0 0
  106.370842 204.0 0
  106.429565 120.0 0
  106.496872 204.0 0
  106.6017 132.0 0
  106.63962599999999 84.0 0
  106.64046499999999 160.0 0
  106.849052 4.339286 0
  106.88101999999999 152.0 0
  106.90225199999999 160.0 0
  106.93486 348.0 1
  107.049713 11288.0 28
  107.06652799999999 184.0 0
  107.08073399999999 56.0 0
  107.236595 132.0 0
  107.306152 180.0 0
  107.53478199999999 140.0 0
  107.60614 160.0 0
  107.615883 172.0 0
  107.62840299999999 188.0 0
  107.62952399999999 104.0 0
  107.631081 148.0 0
  107.67227899999999 124.0 0
  107.753586 112.0 0
  107.79120599999999 160.0 0
  108.01158099999999 180.0 0
  108.199203 112.0 0
  108.267952 188.0 0
  108.30045299999999 124.0 0
  108.338898 128.0 0
  108.523781 192.0 0
  108.65066499999999 196.0 0
  108.66088099999999 128.0 0
  108.800232 352.0 1
  108.89074699999999 180.0 0
  108.967041 284.0 1
  109.046234 172.0 0
  109.216507 348.0 1
  109.27993 176.0 0
  109.35891699999999 84.0 0
  109.367088 116.0 0
  109.60041799999999 184.0 0
  109.643639 96.0 0
  109.89705699999999 132.0 0
  110.06150799999999 1664.0 4
  110.250778 220.0 1
  110.372772 196.0 0
  110.422829 160.0 0
  110.49490399999999 224.0 1
  110.517586 136.0 0
  110.66336799999999 192.0 0
  110.909668 200.0 0
  110.97067299999999 176.0 0
  111.103943 5.428571 0
  111.162605 136.0 0
  111.20453599999999 216.0 1
  111.32399 204.0 0
  111.364014 128.0 0
  111.383286 200.0 0
  111.467422 60.0 0
  111.740303 136.0 0
  111.8731 156.0 0
  111.987144 160.0 0
  111.998863 160.0 0
  112.021362 104.0 0
  112.16109499999999 28.0 0
  112.282883 132.0 0
  112.354942 200.0 0
  112.47242 160.0 0
  112.54143499999999 168.0 0
  112.547989 204.0 0
  112.691284 176.0 0
  112.694267 176.0 0
  112.974678 132.0 0
  113.02117899999999 100.0 0
  113.105835 116.0 0
  113.10887899999999 196.0 0
  113.34803799999999 108.0 0
  113.577637 116.0 0
  113.62558 140.0 0
  113.903252 56.0 0
  113.923981 168.0 0
  113.962952 108.0 0
  114.029327 224.0 1
  114.19247399999999 204.0 0
  114.264061 216.0 1
  114.279427 108.0 0
  114.45625299999999 132.0 0
  114.457268 216.0 1
  114.498741 88.0 0
  114.700188 208.0 1
  114.74478099999999 120.0 0
  114.995567 64.0 0
  115.084015 10.81079 0
  115.105728 176.0 0
  115.133247 48.0 0
  115.183205 180.0 0
  115.288574 140.0 0
  115.31826 48.0 0
  115.660179 120.0 0
  115.75709499999999 144.0 0
  115.82412699999999 44.0 0
  116.061363 304.0 1
  116.139725 156.0 0
  116.16452 196.0 0
  116.335617 136.0 0
  116.449829 152.0 0
  116.538986 136.0 0
  116.62381699999999 208.0 1
  116.99716199999999 164.0 0
  117.05277299999999 65.107269 0
  117.107536 128.0 0
  117.12911199999999 204.0 0
  117.258499 324.0 1
  117.49520899999999 5.333333 0
  117.51709 100.0 0
  117.73043799999999 144.0 0
  117.741829 56.0 0
  117.770218 160.0 0
  117.793472 140.0 0
  118.31028699999999 176.0 0
  118.49536099999999 176.0 0
  118.519836 68.0 0
  118.54040499999999 208.0 1
  118.631981 208.0 1
  118.832489 208.0 1
  118.840981 144.0 0
  119.044968 224.0 1
  119.04821 308.0 1
  119.28388199999999 168.0 0
  119.29982799999999 240.0 1
  119.329849 48.0 0
  119.461945 236.0 1
  119.523468 196.0 0
  119.808464 200.0 0
  119.81676499999999 216.0 1
  119.88061499999999 200.0 0
  119.915855 216.0 1
  119.97241199999999 140.0 0
  120.321991 152.0 0
  120.40158799999999 128.0 0
  120.410004 104.0 0
  120.447136 180.0 0
  120.517021 204.0 0
  120.56277499999999 148.0 0
  120.63456 148.0 0
  120.865967 88.0 0
  120.92605599999999 132.0 0
  121.071198 204.0 0
  121.08146699999999 68.0 0
  121.084373 492.0 1
  121.100174 192.0 0
  121.24220299999999 156.0 0
  121.268761 152.0 0
  121.30722 6.651209 0
  121.34729 300.0 1
  121.447441 160.0 0
  121.53096 23.891529 0
  121.77740499999999 112.0 0
  121.824265 160.0 0
  121.88111099999999 104.0 0
  122.09729 160.0 0
  122.097855 2224.0 5
  122.106529 176.0 0
  122.117386 256.0 1
  122.26699199999999 88.0 0
  122.33080299999999 108.0 0
  122.48301699999999 280.0 1
  122.508827 28.0 0
  122.539177 204.0 0
  122.53922999999999 52.0 0
  122.856567 92.0 0
  122.922371 136.0 0
  122.966667 236.0 1
  122.99752799999999 236.0 1
  123.01003299999999 192.0 0
  123.109657 132.0 0
  123.16326099999999 188.0 0
  123.410934 180.0 0
  123.437508 192.0 0
  123.596809 296.0 1
  123.694817 156.0 0
  123.80575599999999 160.0 0
  123.91388699999999 224.0 1
  123.93236499999999 56.0 0
  124.058495 208.0 1
  124.15283199999999 128.0 0
  124.17022 184.0 0
  124.458885 132.0 0
  124.52525299999999 128.0 0
  124.86331899999999 256.0 1
  125.026848 200.0 0
  125.71614799999999 80.0 0
  125.76780699999999 84.0 0
  125.77108 152.0 0
  125.94278 156.0 0
  126.413139 56.0 0
  126.498657 196.0 0
  126.60715499999999 128.0 0
  126.624443 132.0 0
  126.627319 212.0 1
  126.795555 164.0 0
  126.846954 164.0 0
  126.90920999999999 168.0 0
  126.98297099999999 208.0 1
  127.000687 180.0 0
  127.336151 88.0 0
  127.40877499999999 128.0 0
  127.417046 112.0 0
  127.62392399999999 152.0 0
  127.670715 124.0 0
  127.725861 164.0 0
  127.808838 424.0 1
  128.000931 184.0 0
  128.061111 760.0 2
  128.39035 172.0 0
  128.492096 172.0 0
  128.630966 5.228571 0
  128.746445 132.0 0
  128.95614 52.0 0
  129.10791 332.0 1
  129.171692 64.0 0
  129.26474000000002 156.0 0
  129.40136700000002 164.0 0
  129.522415 168.0 0
  129.543442 116.0 0
  129.94738800000002 248.0 1
  129.967667 100.0 0
  130.206726 140.0 0
  130.32489 240.0 1
  130.371506 192.0 0
  130.396637 44.0 0
  130.442947 152.0 0
  130.60032700000002 60.0 0
  130.609665 128.0 0
  130.63926700000002 172.0 0
  130.691177 152.0 0
  130.758438 92.0 0
  130.839462 136.0 0
  131.01847800000002 404.0 1
  131.01933300000002 30620.0 75
  131.04766800000002 156.0 0
  131.05043 340.0 1
  131.098236 128.0 0
  131.118164 144.0 0
  131.27693200000002 156.0 0
  131.31114200000002 64.0 0
  131.396317 104.0 0
  131.62660200000002 148.0 0
  131.652802 168.0 0
  131.779297 136.0 0
  132.009277 388.0 1
  132.085754 344.0 1
  132.100494 96.0 0
  132.168304 48.0 0
  132.2509 272.0 1
  132.26001000000002 148.0 0
  132.33325200000002 140.0 0
  132.514847 172.0 0
  132.604645 72.0 0
  132.680679 348.0 1
  132.79246500000002 168.0 0
  132.929031 216.0 1
  132.94278 160.0 0
  132.943466 164.0 0
  133.048416 276.0 1
  133.16879300000002 7.625 0
  133.333176 104.0 0
  133.60997 164.0 0
  133.643051 212.0 1
  133.88832100000002 164.0 0
  133.892975 156.0 0
  133.947617 180.0 0
  133.95077500000002 136.0 0
  134.038315 12.41667 0
  134.059875 1644.0 4
  134.111267 152.0 0
  134.174256 132.0 0
  134.200638 116.0 0
  134.421951 184.0 0
  134.83256500000002 348.0 1
  134.95716900000002 208.0 1
  135.04435700000002 376.0 1
  135.162811 10.66667 0
  135.440613 264.0 1
  135.494492 208.0 1
  135.60969500000002 144.0 0
  135.72456400000002 132.0 0
  135.85505700000002 36.0 0
  135.98745100000002 152.0 0
  136.15509 164.0 0
  136.19162 144.0 0
  136.23580900000002 120.0 0
  136.283951 160.0 0
  136.607452 132.0 0
  136.812759 180.0 0
  136.86615 148.0 0
  136.920227 140.0 0
  137.370087 152.0 0
  137.40437300000002 124.0 0
  137.568207 156.0 0
  137.586655 72.0 0
  137.782486 76.0 0
  137.946045 100.0 0
  137.967682 92.0 0
  138.150162 152.0 0
  138.33784500000002 236.0 1
  138.497681 164.0 0
  138.873413 132.0 0
  139.232773 156.0 0
  139.315887 268.0 1
  139.34433 76.0 0
  139.474487 116.0 0
  139.528549 180.0 0
  139.54916400000002 212.0 1
  139.640106 212.0 1
  140.08049 2292.0 6
  140.144562 220.0 1
  140.44052100000002 140.0 0
  140.496857 216.0 1
  140.61273200000002 192.0 0
  140.833328 1.651887 0
  141.038452 8.630952 0
  141.109726 2376.0 6
  141.59698500000002 112.0 0
  141.683273 144.0 0
  141.692474 144.0 0
  141.71585100000001 92.0 0
  141.89871200000002 104.0 0
  142.028534 184.0 0
  142.104523 160.0 0
  142.168472 76.0 0
  142.393631 116.0 0
  142.484161 164.0 0
  142.594177 244.0 1
  142.88673400000002 136.0 0
  142.90806600000002 176.0 0
  142.998917 184.0 0
  143.083054 152.0 0
  143.084473 708.0 2
  143.155786 184.0 0
  143.232086 200.0 0
  143.246002 140.0 0
  143.29800400000002 76.0 0
  143.54161100000002 64.0 0
  143.698181 116.0 0
  143.76121500000002 104.0 0
  143.868393 140.0 0
  143.979721 156.0 0
  144.08157300000002 212.0 1
  144.096497 196.0 0
  144.12252800000002 168.0 0
  144.709396 144.0 0
  144.754623 252.0 1
  144.950577 212.0 1
  145.010284 144.0 0
  145.094513 204.0 0
  145.106354 52.0 0
  145.196976 132.0 0
  145.360703 196.0 0
  145.499878 180.0 0
  145.504745 88.0 0
  145.69030800000002 200.0 0
  145.796265 176.0 0
  146.03337100000002 808.0 2
  146.05938700000002 1116.0 3
  146.069916 144.0 0
  146.095795 144.0 0
  146.12648000000002 228.0 1
  146.20166 152.0 0
  146.220276 76.0 0
  146.294159 132.0 0
  146.605515 8.888888 0
  146.631958 128.0 0
  146.89913900000002 140.0 0
  147.00920100000002 180.0 0
  147.02739 688.0 2
  147.109329 204.0 0
  147.11525 2376.0 6
  147.151978 180.0 0
  147.173813 64.0 0
  147.248199 176.0 0
  147.25029 156.0 0
  147.285233 196.0 0
  147.399368 5.748333 0
  147.41745 128.0 0
  147.423889 164.0 0
  147.43197600000002 65.883797 0
  147.69357300000001 112.0 0
  147.806732 52.0 0
  147.88089000000002 32.0 0
  147.892838 156.0 0
  148.23085 37.052792 0
  148.302231 168.0 0
  148.3797 64.0 0
  148.538879 196.0 0
  148.605927 128.0 0
  148.84906 192.0 0
  149.070831 71868.0 176
  149.480362 44.0 0
  149.502411 212.0 1
  149.504959 76.0 0
  149.51019300000002 116.0 0
  149.618866 180.0 0
  149.684021 196.0 0
  149.68460100000001 196.0 0
  149.709656 176.0 0
  149.734421 188.0 0
  149.793182 284.0 1
  150.062744 132.0 0
  150.09343 148.0 0
  150.13252300000002 660.0 2
  150.17520100000002 176.0 0
  150.17678800000002 96.0 0
  150.301208 148.0 0
  150.827164 212.0 1
  150.890091 184.0 0
  150.972702 112.0 0
  151.05217000000002 30.28241 0
  151.298889 180.0 0
  151.515778 184.0 0
  151.57254 108.0 0
  151.620743 84.0 0
  151.64682000000002 184.0 0
  151.80426 144.0 0
  152.062103 5308.0 13
  152.305054 228.0 1
  152.42932100000002 104.0 0
  152.90901200000002 160.0 0
  152.943192 164.0 0
  153.071289 9.518678 0
  153.083969 200.0 0
  153.17553700000002 252.0 1
  153.412994 56.0 0
  153.609894 148.0 0
  153.921646 96.0 0
  154.025543 152.0 0
  154.12286400000002 60.0 0
  154.44490100000002 66.691277 0
  154.46902500000002 156.0 0
  154.79942300000002 156.0 0
  154.86183200000002 96.0 0
  155.058456 700.0 2
  155.06778 140.0 0
  155.068939 152.0 0
  155.22554 80.0 0
  155.307785 176.0 0
  155.38999900000002 2.733333 0
  155.74176 180.0 0
  155.773987 48.0 0
  155.86909500000002 184.0 0
  156.05998200000002 228.0 1
  156.15205400000002 164.0 0
  156.25531 176.0 0
  156.36488300000002 132.0 0
  156.370438 128.0 0
  156.40728800000002 28.42148 0
  156.89946 148.0 0
  156.957443 176.0 0
  157.13642900000002 152.0 0
  157.144058 152.0 0
  157.174286 124.0 0
  157.20813 120.0 0
  157.238953 184.0 0
  157.35969500000002 212.0 1
  157.607895 236.0 1
  157.80577100000002 192.0 0
  157.941269 244.0 1
  157.95799300000002 152.0 0
  158.02401700000001 148.0 0
  158.096481 9040.0 22
  158.18045 40.0 0
  158.181992 72.0 0
  158.24305700000002 152.0 0
  158.676987 100.0 0
  158.806305 84.0 0
  158.829956 12.68056 0
  158.90077200000002 132.0 0
  159.076614 184.0 0
  159.09175100000002 152.0 0
  159.11711100000002 8440.0 21
  159.16684 80.0 0
  159.431534 176.0 0
  159.77096600000002 176.0 0
  159.849319 184.0 0
  159.893997 88.0 0
  159.925934 144.0 0
  160.004883 108.0 0
  160.02006500000002 56.0 0
  160.03564500000002 180.0 0
  160.087769 612.0 1
  160.654282 160.0 0
  160.786835 232.0 1
  161.062698 344.0 1
  161.09634400000002 128.0 0
  161.1241 60.0 0
  161.175186 112.0 0
  161.197678 192.0 0
  161.257156 268.0 1
  161.447571 144.0 0
  161.46455400000002 136.0 0
  161.50370800000002 164.0 0
  161.561646 168.0 0
  161.65347300000002 64.0 0
  161.657059 160.0 0
  161.7276 156.0 0
  161.758621 104.0 0
  161.899261 164.0 0
  162.05070500000002 684.0 2
  162.144791 112.0 0
  162.254288 180.0 0
  162.355164 172.0 0
  162.355591 84.0 0
  162.47789 40.0 0
  162.5009 152.0 0
  162.608841 148.0 0
  162.65274000000002 192.0 0
  163.09539800000002 200.0 0
  163.112061 684.0 2
  163.214508 120.0 0
  163.251358 96.722031 0
  163.318497 212.0 1
  163.412308 176.0 0
  163.414795 164.0 0
  163.503036 220.0 1
  163.640564 32.0 0
  164.02636700000002 140.0 0
  164.234207 140.0 0
  164.41767900000002 204.0 0
  164.721588 84.0 0
  165.070251 2004.0 5
  165.123718 347.0 1
  165.165375 80.0 0
  165.220032 148.0 0
  165.269318 152.0 0
  165.48841900000002 92.0 0
  165.62368800000002 56.0 0
  165.66549700000002 176.0 0
  165.79113800000002 144.0 0
  166.028549 100.0 0
  166.055786 196.0 0
  166.076477 53732.0 131
  166.099487 124.0 0
  166.151962 272.0 1
  166.232254 68.0 0
  167.070465 336.0 1
  167.152207 156.0 0
  167.219116 128.0 0
  167.364044 17.523649 0
  167.51770000000002 164.0 0
  168.18185400000002 88.0 0
  168.32248800000002 156.0 0
  168.81303400000002 168.0 0
  168.95082100000002 156.0 0
  169.061371 192.0 0
  169.446503 180.0 0
  169.807785 168.0 0
  169.815399 156.0 0
  170.059174 200.0 0
  170.09906 132.0 0
  170.129532 140.0 0
  170.38493300000002 188.0 0
  170.50654600000001 204.0 0
  170.52356 184.0 0
  170.56897 136.0 0
  170.582031 184.0 0
  170.62485600000002 140.0 0
  170.62771600000002 128.0 0
  170.663513 124.0 0
  170.720932 200.0 0
  170.73082000000002 168.0 0
  170.780853 168.0 0
  170.87196400000002 216.0 1
  170.941956 168.0 0
  170.95451400000002 168.0 0
  171.093857 108.0 0
  171.165314 184.0 0
  171.23381 184.0 0
  171.27825900000002 120.0 0
  171.29461700000002 3.857143 0
  171.385971 144.0 0
  171.706085 184.0 0
  172.059326 884.0 2
  172.382248 152.0 0
  172.46322600000002 192.0 0
  173.012909 212.0 1
  173.190231 52.0 0
  173.257202 13.53325 0
  173.260437 80.0 0
  173.306305 40.0 0
  173.33586100000002 188.0 0
  173.40768400000002 160.0 0
  174.009048 212.0 1
  174.051987 2577.0 6
  174.067856 216.0 1
  174.09281900000002 110104.0 269
  174.62184100000002 164.0 0
  174.96698 4452.0 11
  175.04361 332.0 1
  175.071457 127.1325 0
  175.07603500000002 9024.0 22
  175.126526 124.0 0
  175.518097 176.0 0
  175.57338000000001 120.0 0
  175.71376 172.0 0
  175.833649 37.977535 0
  175.951447 200.0 0
  176.119919 92.0 0
  176.338669 164.0 0
  176.626587 104.0 0
  176.77413900000002 208.0 1
  176.872833 140.0 0
  176.89038100000002 124.0 0
  177.087479 416.0 1
  177.47688300000002 140.0 0
  177.48091100000002 112.0 0
  177.502151 184.0 0
  177.735397 144.0 0
  178.13085900000002 124.0 0
  178.157562 156.0 0
  178.444031 88.0 0
  178.472946 100.0 0
  178.531799 104.0 0
  178.980545 216.0 1
  179.04315200000002 140.0 0
  179.08552600000002 168.0 0
  179.096359 140.0 0
  179.64151 112.0 0
  179.706085 176.0 0
  179.711029 172.0 0
  180.340881 184.0 0
  180.49198900000002 88.0 0
  181.016998 112.0 0
  181.032303 52.0 0
  181.074585 164.0 0
  181.21640000000002 232.0 1
  181.28860500000002 176.0 0
  181.361557 108.0 0
  181.45051600000002 56.0 0
  181.677673 76.0 0
  181.832703 164.0 0
  182.12411500000002 164.0 0
  182.166473 112.0 0
  182.194717 48.0 0
  182.239487 84.0 0
  182.829147 21.138691 0
  182.876678 136.0 0
  182.950745 212.0 1
  182.99482700000002 288.0 1
  183.05548100000001 168.0 0
  183.35170000000002 188.0 0
  183.904694 128.0 0
  184.49823 112.0 0
  184.548126 96.0 0
  184.79959100000002 260.0 1
  185.16862500000002 192.0 0
  185.34921300000002 128.0 0
  185.36908 68.0 0
  186.11731 196.0 0
  186.131958 196.0 0
  186.161157 200.0 0
  186.27092000000002 196.0 0
  186.316193 56.0 0
  186.436249 164.0 0
  186.486557 100.0 0
  186.520523 148.0 0
  186.523773 144.0 0
  186.972336 1532.0 4
  187.07702600000002 124.0 0
  187.12094100000002 172.0 0
  187.136063 132.0 0
  187.405045 212.0 1
  187.47387700000002 148.0 0
  187.784302 116.0 0
  187.948746 68.0 0
  188.081726 780.0 2
  188.11595200000002 796.0 2
  188.262833 192.0 0
  188.323486 212.0 1
  188.692688 172.0 0
  189.045425 172.0 0
  189.147278 124.0 0
  189.31419400000001 176.0 0
  189.32646200000002 48.0 0
  189.375092 180.0 0
  189.92627000000002 304.0 1
  190.08715800000002 4792.0 12
  190.142838 168.0 0
  190.14917 132.0 0
  190.173035 128.0 0
  190.21318100000002 192.0 0
  190.62896700000002 184.0 0
  190.654221 192.0 0
  190.772064 156.0 0
  190.879166 128.0 0
  191.04744 28.138889 0
  191.08429 136.0 0
  191.08595300000002 700.0 2
  191.428101 136.0 0
  191.574646 208.0 1
  191.588089 68.0 0
  191.76727300000002 144.0 0
  191.777679 144.0 0
  191.92596400000002 128.0 0
  192.08239700000001 160.0 0
  192.102844 100.0 0
  192.139893 52.0 0
  192.207657 176.0 0
  192.485687 244.0 1
  192.61702 116.0 0
  193.03718600000002 548.0 1
  193.098862 37952.0 93
  193.18131400000001 80.0 0
  193.322525 76.0 0
  193.462769 208.0 1
  193.59317000000001 168.0 0
  193.732193 176.0 0
  193.80036900000002 160.0 0
  193.92385900000002 120.0 0
  193.930283 56.0 0
  194.06663500000002 3105.0 8
  194.116165 5380.0 13
  194.490326 32.0 0
  194.90927100000002 140.0 0
  195.11174 120.0 0
  195.427582 44.0 0
  195.503387 204.0 0
  195.96400500000001 40.0 0
  196.112595 156.0 0
  196.25676 60.0 0
  196.26692200000002 84.0 0
  196.272797 72.0 0
  196.342422 60.0 0
  196.411728 112.0 0
  196.61544800000001 124.0 0
  196.883194 156.0 0
  197.135254 148.0 0
  197.22636400000002 68.0 0
  197.66111800000002 136.0 0
  197.978271 180.0 0
  198.091385 200.0 0
  198.258194 152.0 0
  199.00143400000002 15.53214 0
  199.07655300000002 164.0 0
  199.08256500000002 212.0 1
  199.086929 84.0 0
  199.092575 296.0 1
  199.146683 156.0 0
  199.262131 56.0 0
  199.26225300000002 180.0 0
  199.430115 48.0 0
  199.68682900000002 136.0 0
  199.97361800000002 68.0 0
  200.156799 100.0 0
  200.38909900000002 120.0 0
  200.91149900000002 72.0 0
  200.919907 148.0 0
  200.962265 120.0 0
  201.509995 8.173612 0
  201.74527 108.0 0
  201.791901 64.0 0
  203.134598 168.0 0
  203.33989 184.0 0
  203.766525 108.0 0
  203.767334 140.0 0
  203.815628 8.775641 0
  203.870087 188.0 0
  203.952057 136.0 0
  204.07904100000002 860.0 2
  204.116699 96.0 0
  204.132065 132.0 0
  204.454544 100.0 0
  204.45584100000002 184.0 0
  204.639938 176.0 0
  204.693375 104.0 0
  204.811172 64.0 0
  204.81526200000002 84.0 0
  204.899414 240.0 1
  205.277069 92.0 0
  205.297165 120.0 0
  205.57988 148.0 0
  205.580765 168.0 0
  205.641144 172.0 0
  205.92176800000001 108.0 0
  205.95872500000002 140.0 0
  206.129959 124.0 0
  206.15686 104.0 0
  206.304077 92.0 0
  206.31938200000002 136.0 0
  206.56886300000002 272.0 1
  206.604126 68.0 0
  207.029907 184.0 0
  207.07392900000002 200.0 0
  207.29156500000002 168.0 0
  207.35359200000002 60.0 0
  207.41864 36.0 0
  207.476044 252.0 1
  207.51237500000002 176.0 0
  207.60228 112.0 0
  207.821213 124.0 0
  208.242599 132.0 0
  208.27594000000002 64.0 0
  208.33848600000002 76.0 0
  208.481201 136.0 0
  208.68956 44.0 0
  208.725189 148.0 0
  209.15889 120.0 0
  209.18391400000002 164.0 0
  209.578232 108.0 0
  209.65158100000002 140.0 0
  209.813354 100.0 0
  209.86758400000002 27.027821 0
  209.89975 84.0 0
  210.089722 876.0 2
  210.336868 164.0 0
  210.51504500000001 80.0 0
  210.600052 13.79775 0
  210.749557 176.0 0
  210.95854200000002 112.0 0
  210.961609 116.0 0
  211.038681 168.0 0
  211.538193 68.0 0
  211.716354 212.0 1
  211.809784 204.0 0
  212.03443900000002 1908.0 5
  212.06869500000002 104.0 0
  212.201736 44.0 0
  212.259598 144.0 0
  212.568512 56.0 0
  212.713562 52.0 0
  212.818069 168.0 0
  212.906464 112.0 0
  212.992081 172.0 0
  213.34085100000001 104.0 0
  213.403152 196.0 0
  213.56024200000002 64.0 0
  213.63368200000002 140.0 0
  214.031335 176.0 0
  214.05496200000002 172.0 0
  214.334396 144.0 0
  214.47988900000001 116.0 0
  214.807205 64.0 0
  214.834717 92.0 0
  214.857147 128.0 0
  214.999313 40.0 0
  215.33673100000001 140.0 0
  215.357819 120.0 0
  215.56282000000002 104.0 0
  215.636124 44.0 0
  215.636642 132.0 0
  215.74095200000002 156.0 0
  216.080383 2968.0 7
  216.123734 228.0 1
  216.20356800000002 168.0 0
  216.413162 132.0 0
  216.58926400000001 224.0 1
  216.71881100000002 148.0 0
  216.96691900000002 184.0 0
  217.22854600000002 36.0 0
  217.42631500000002 48.0 0
  217.445572 60.0 0
  217.51670800000002 96.0 0
  217.83874500000002 84.0 0
  217.895096 168.0 0
  217.91961700000002 156.0 0
  217.968536 60.0 0
  218.243027 316.0 1
  218.255493 92.0 0
  218.377151 112.0 0
  218.50628700000001 172.0 0
  218.585281 184.0 0
  219.314926 76.0 0
  219.457916 184.0 0
  220.02562 160.0 0
  220.23085 220.0 1
  220.875519 184.0 0
  221.056183 168.0 0
  221.09805300000002 148.0 0
  221.478287 116.0 0
  221.87106300000002 112.0 0
  222.802673 120.0 0
  222.80998200000002 180.0 0
  222.918777 100.0 0
  222.996613 64.0 0
  223.478622 144.0 0
  223.598389 132.0 0
  224.150711 136.0 0
  224.89897200000001 120.0 0
  224.99229400000002 176.0 0
  225.090347 588.0 1
  225.14260900000002 80.0 0
  225.326706 68.0 0
  225.371674 160.0 0
  225.456818 160.0 0
  225.535675 224.0 1
  226.099152 180.0 0
  226.11038200000002 116.0 0
  226.27101100000002 140.0 0
  226.666946 208.0 1
  226.668091 40.0 0
  227.720154 56.0 0
  228.091568 252.0 1
  228.181366 188.0 0
  228.208771 4.162946 0
  228.76594500000002 64.0 0
  228.84771700000002 84.0 0
  228.892853 124.0 0
  229.763672 164.0 0
  229.83049 36.0 0
  230.47731000000002 172.0 0
  230.50186200000002 160.0 0
  230.826691 56.0 0
  231.093704 176.0 0
  231.109375 96.0 0
  231.28782700000002 88.0 0
  231.343515 244.0 1
  231.34689300000002 68.0 0
  231.412674 24.561689 0
  231.519653 72.0 0
  231.825943 244.0 1
  231.973251 76.0 0
  232.0439 144.0 0
  232.07089200000001 180.0 0
  232.34715300000002 48.0 0
  232.488831 124.0 0
  233.08784500000002 80.0 0
  233.185867 184.0 0
  233.311798 132.0 0
  233.669724 124.0 0
  233.87347400000002 64.0 0
  233.87496900000002 64.0 0
  234.76680000000002 68.0 0
  235.970749 116.0 0
  235.988922 156.0 0
  236.005371 152.0 0
  236.41227700000002 184.0 0
  236.82193 160.0 0
  236.960464 124.0 0
  236.989349 448.0 1
  237.124176 232.0 1
  237.151993 156.0 0
  237.15934800000002 5800.0 14
  237.188828 96.0 0
  237.482391 3.721273 0
  238.084396 124.0 0
  238.41069000000002 4.658928 0
  238.589706 172.0 0
  238.978577 152.0 0
  239.093781 192.0 0
  239.099792 140.0 0
  239.124603 136.0 0
  239.377045 84.0 0
  239.743225 64.0 0
  239.824051 116.0 0
  239.98078900000002 72.0 0
  240.03732300000001 424.0 1
  240.303177 188.0 0
  240.33955400000002 188.0 0
  240.753342 116.0 0
  240.893494 72.0 0
  241.012741 124.0 0
  241.08737200000002 408548.0 999
  241.147003 84.0 0
  241.70945700000001 44.0 0
  242.160965 124.0 0
  242.800659 100.0 0
  243.456772 56.0 0
  243.50325 108.0 0
  243.643036 232.0 1
  243.68962100000002 180.0 0
  243.762024 152.0 0
  243.945984 132.0 0
  244.451645 84.0 0
  244.59367400000002 192.0 0
  244.742523 140.0 0
  245.00309800000002 304.0 1
  245.03581200000002 184.0 0
  245.071991 132.0 0
  245.511246 60.0 0
  246.09050000000002 1916.0 5
  246.427094 40.0 0
  246.514923 32.0 0
  246.59857200000002 136.0 0
  246.666412 148.0 0
  246.770432 80.0 0
  247.06024200000002 3608.0 9
  247.12870800000002 160.0 0
  247.135376 1344.0 3
  247.462234 212.0 1
  249.198959 56.0 0
  249.484253 152.0 0
  249.630264 156.0 0
  249.636581 46.106178 0
  249.814713 96.0 0
  250.92446900000002 116.0 0
  251.08346600000002 48.0 0
  251.169556 220.0 1
  251.19755600000002 196.0 0
  251.25328100000002 48.0 0
  251.517563 156.0 0
  251.680252 360.0 1
  252.14348700000002 164.0 0
  252.84436 160.0 0
  252.983887 288.0 1
  253.114777 96.0 0
  253.145782 36.0 0
  253.44252 80.0 0
  254.047592 156.0 0
  254.13827500000002 280.0 1
  254.412643 32.0 0
  254.918015 192.0 0
  255.09213300000002 172.0 0
  255.096054 116.0 0
  255.199463 152.0 0
  255.34513900000002 108.0 0
  255.36497500000002 36.0 0
  255.537735 144.0 0
  255.64381400000002 148.0 0
  256.056976 324.0 1
  256.088806 152.0 0
  256.265442 312.0 1
  256.321106 148.0 0
  256.410309 152.0 0
  257.377014 80.0 0
  257.494629 160.0 0
  257.816833 120.0 0
  257.922638 84.0 0
  258.140137 172.0 0
  258.198334 212.0 1
  258.425232 164.0 0
  259.100708 236.0 1
  259.108246 168.0 0
  259.13708499999996 116.0 0
  259.5867 88.0 0
  260.083038 140.0 0
  260.58831799999996 156.0 0
  260.92459099999996 160.0 0
  261.124786 5444.0 13
  261.34362799999997 48.0 0
  261.365417 56.0 0
  261.59860199999997 164.0 0
  263.133698 248.0 1
  263.553223 36.0 0
  263.64944499999996 180.0 0
  263.82595799999996 128.0 0
  264.063019 152.0 0
  264.333099 272.0 1
  264.506104 44.0 0
  264.874664 28.0 0
  265.023285 170.694397 0
  265.17510999999996 36.0 0
  265.19726599999996 34.365082 0
  266.274139 140.0 0
  266.348846 76.0 0
  266.50726299999997 132.0 0
  266.516052 124.0 0
  267.545929 156.0 0
  267.614349 188.0 0
  268.177704 144.0 0
  268.411133 140.0 0
  268.65972899999997 72.0 0
  268.927124 132.0 0
  268.987885 76.0 0
  270.481323 47.749241 0
  270.713379 296.0 1
  270.828461 80.0 0
  271.105804 156.0 0
  271.175507 164.0 0
  271.23879999999997 56.0 0
  271.33822599999996 52.0 0
  271.512878 76.0 0
  271.85238599999997 172.0 0
  271.954712 160.0 0
  272.121826 168.0 0
  272.15448 54.135872 0
  272.51297 56.0 0
  272.601074 124.0 0
  272.85067699999996 64.0 0
  272.891327 172.0 0
  273.034088 2864.0 7
  273.26782199999997 104.0 0
  274.072205 468.0 1
  274.234375 108.0 0
  274.265381 96.0 0
  274.79565399999996 164.0 0
  275.705566 56.0 0
  275.860413 112.0 0
  275.934509 196.0 0
  276.013123 308.0 1
  276.074768 56.0 0
  276.122803 40380.0 99
  277.175415 128.0 0
  277.23623699999996 188.0 0
  277.27487199999996 76.0 0
  277.50469999999996 220.0 1
  278.134827 191.877106 0
  278.667603 3.667328 0
  278.698151 176.0 0
  279.081329 136.0 0
  280.061127 132.0 0
  280.44613599999997 232.0 1
  281.128967 120.0 0
  281.54071 96.0 0
  282.154053 312.0 1
  282.537689 76.0 0
  282.87264999999996 236.0 1
  283.041901 156.0 0
  283.204712 88.0 0
  283.3302 144.0 0
  283.367798 68.0 0
  283.56033299999996 48.0 0
  283.65878299999997 284.0 1
  283.963776 100.0 0
  284.59432999999996 168.0 0
  284.75436399999995 72.0 0
  284.848633 108.0 0
  284.912781 220.0 1
  285.094208 172.0 0
  285.246674 156.0 0
  285.756714 96.0 0
  285.90930199999997 60.0 0
  286.43875099999997 10.48522 0
  287.42443799999995 48.0 0
  287.426544 216.0 1
  287.925232 196.0 0
  287.99877899999996 168.0 0
  288.326874 10.45581 0
  288.531342 160.0 0
  288.597107 132.0 0
  288.97122199999995 164.0 0
  289.17965699999996 179.0 0
  289.241333 76.0 0
  290.379974 76.0 0
  290.718689 48.0 0
  291.345032 252.0 1
  291.646667 60.0 0
  292.984894 80.0 0
  294.072479 328.0 1
  295.10455299999995 136.0 0
  295.236267 8.011363 0
  295.50616499999995 144.0 0
  296.354309 104.0 0
  296.47412099999997 144.0 0
  297.134521 32.0 0
  297.148376 132.0 0
  297.822754 176.0 0
  298.51904299999995 136.0 0
  299.09802199999996 124.0 0
  299.156067 12768.0 31
  299.491089 148.0 0
  299.597015 260.0 1
  299.694366 100.0 0
  300.61099199999995 136.0 0
  300.644592 196.0 0
  300.65115399999996 72.0 0
  301.023438 272.0 1
  302.518738 132.0 0
  302.634552 8.675813 0
  302.913666 11.35417 0
  303.670258 148.0 0
  305.05310099999997 220.0 1
  305.101044 836.0 2
  306.19537399999996 84.0 0
  307.16668699999997 5.411033 0
  308.096436 104.0 0
  308.11965899999996 112.0 0
  308.12197899999995 140.0 0
  308.90918 152.0 0
  309.091034 144.0 0
  309.270966 8.204787 0
  309.46160899999995 116.0 0
  309.790283 172.0 0
  310.154449 124.0 0
  310.314911 52.0 0
  311.22885099999996 288.0 1
  311.258087 28.0 0
  312.419067 164.0 0
  313.13732899999997 268.0 1
  313.14050299999997 104.0 0
  313.42837499999996 148.0 0
  314.53405799999996 77.937859 0
  314.84436 80.0 0
  315.769318 23.57399 0
  316.448853 88.0 0
  316.82241799999997 196.0 0
  316.96441699999997 68.0 0
  317.899506 40.0 0
  318.380615 124.0 0
  318.96881099999996 156.0 0
  320.119263 136.0 0
  320.171814 192.0 0
  320.713128 104.0 0
  320.90304599999996 88.0 0
  322.178345 340.0 1
  322.284424 56.0 0
  323.875977 56.0 0
  324.10394299999996 152.0 0
  324.35497999999995 168.0 0
  324.944702 48.0 0
  325.312103 152.0 0
  325.73040799999995 188.0 0
  325.89215099999996 188.0 0
  327.140381 176.0 0
  327.17514 328.0 1
  327.99679599999996 148.0 0
  328.24868799999996 148.0 0
  328.451172 88.0 0
  328.662109 15.85192 0
  329.330835 140.0 0
  329.920074 112.0 0
  329.994446 128.0 0
  330.291565 40.0 0
  330.57608 148.0 0
  331.31729099999995 32.0 0
  331.72369399999997 336.0 1
  331.795715 128.0 0
  332.685974 204.0 0
  333.54834 140.0 0
  334.73117099999996 36.0 0
  335.199097 48.0 0
  335.21923799999996 80.0 0
  335.28656 92.0 0
  335.939514 72.0 0
  336.640564 180.0 0
  337.09698499999996 76.0 0
  338.08761599999997 56.0 0
  338.69162 136.0 0
  339.11895799999996 56.0 0
  340.61535599999996 116.0 0
  340.678864 48.0 0
  340.86801099999997 136.0 0
  340.925903 76.0 0
  340.93643199999997 164.0 0
  340.958893 60.0 0
  341.260223 84.0 0
  341.278931 160.0 0
  341.28125 152.0 0
  342.108002 96.0 0
  343.213196 88.0 0
  344.397491 68.0 0
  345.85034199999996 40.0 0
  346.142883 192.0 0
  346.31417799999997 160.0 0
  347.07620199999997 328.0 1
  348.19390899999996 348.0 1
  349.19928 120.0 0
  350.185883 764.0 2
  350.248138 108.0 0
  352.33367899999996 7.366667 0
  353.131775 32.0 0
  353.909882 144.0 0
  353.911163 124.0 0
  354.12747199999995 2364.0 6
  356.728577 160.0 0
  357.353662 84.0 0
  357.841858 176.0 0
  358.11270099999996 720.0 2
  358.17999299999997 108.0 0
  358.197449 140.0 0
  358.558563 288.0 1
  358.960717 48.0 0
  359.15957599999996 296.0 1
  359.21691899999996 40.0 0
  360.00592 184.0 0
  361.34698499999996 3.5 0
  361.430389 120.0 0
  363.02865599999996 48.0 0
  363.546356 180.0 0
  363.579498 32.0 0
  363.806274 96.0 0
  364.689301 44.0 0
  365.045099 164.0 0
  365.648682 80.0 0
  365.92785599999996 132.0 0
  368.41024799999997 108.0 0
  368.48718299999996 72.0 0
  368.52090499999997 92.0 0
  368.924249 192.0 0
  369.416809 220.0 1
  369.73391699999996 40.0 0
  370.74069199999997 124.0 0
  371.28732299999996 56.0 0
  377.211884 68.0 0
  378.48339799999997 68.0 0
  379.04315199999996 112.0 0
  379.836823 160.0 0
  381.982513 132.0 0
  382.006622 104.0 0
  383.654541 48.0 0
  384.25399799999997 67432.0 165
//
