ACCESSION: CCMSLIB00000081289
RECORD_TITLE: decoy
DATE: 2015.11.20
AUTHORS: Administrator
LICENSE: CC BY-SA
CH$NAME: decoy
CH$COMPOUND_CLASS: Natural Product
CH$FORMULA: C22H28O8
CH$EXACT_MASS: 420.178417856
CH$SMILES: N/A
CH$IUPAC: decoy
CH$LINK: N/A
AC$INSTRUMENT: decoy
AC$INSTRUMENT_TYPE: decoy
AC$MASS_SPECTROMETRY: MS_TYPE MS2
AC$MASS_SPECTROMETRY: ION_MODE POSITIVE
AC$MASS_SPECTROMETRY: COLLISION_ENERGY 10 V
MS$FOCUSED_ION: PRECURSOR_M/Z 421
MS$FOCUSED_ION: PRECURSOR_TYPE [M+H]+
PK$NUM_PEAK: 50
PK$PEAK: m/z int. rel.int.
  45.202808000000005 72.0 31
  45.712467000000004 148.0 65
  46.711918000000004 348.0 152
  48.204468 164.0 72
  50.662399 208.0 91
  52.153328 124.0 54
  55.133865 136.0 59
  55.423248 336.0 147
  65.390411 144.0 63
  68.209305 136.0 59
  68.37664799999999 132.0 58
  69.31854999999999 196.0 86
  74.905205 156.0 68
  77.56646699999999 176.0 77
  85.01769999999999 216.0 94
  92.616676 180.0 79
  95.099548 64.0 28
  97.099548 172.0 75
  103.117172 172.0 75
  111.571159 192.0 84
  112.97953799999999 176.0 77
  124.78131099999999 64.0 28
  128.91828900000002 180.0 79
  132.06601 164.0 72
  133.921387 152.0 66
  141.230927 44.0 19
  147.11526500000002 1736.0 759
  156.68573 196.0 86
  167.031158 584.0 255
  168.83062700000002 172.0 75
  173.108078 268.0 117
  176.452728 152.0 66
  177.055984 496.0 217
  183.53332500000002 156.0 68
  187.746078 188.0 82
  194.284882 64.0 28
  200.96975700000002 44.0 19
  218.95597800000002 292.0 128
  226.82418800000002 116.0 51
  228.925766 140.0 61
  233.90600600000002 168.0 73
  260.402985 112.0 49
  286.22628799999995 64.0 28
  289.902161 160.0 70
  290.071167 304.0 133
  319.017029 156.0 68
  337.348938 116.0 51
  337.737579 56.0 24
  373.616882 72.0 31
  421.18017599999996 2284.0 999
//
