ACCESSION: CCMSLIB00000085497
RECORD_TITLE: decoy
DATE: 2015.11.20
AUTHORS: Administrator
LICENSE: CC BY-SA
CH$NAME: decoy
CH$COMPOUND_CLASS: Natural Product
CH$FORMULA: C23H34O5
CH$EXACT_MASS: 390.24062418799997
CH$SMILES: N/A
CH$IUPAC: decoy
CH$LINK: N/A
AC$INSTRUMENT: decoy
AC$INSTRUMENT_TYPE: decoy
AC$MASS_SPECTROMETRY: MS_TYPE MS2
AC$MASS_SPECTROMETRY: ION_MODE POSITIVE
AC$MASS_SPECTROMETRY: COLLISION_ENERGY 10 V
MS$FOCUSED_ION: PRECURSOR_M/Z 391
MS$FOCUSED_ION: PRECURSOR_TYPE [M+H]+
PK$NUM_PEAK: 1031
PK$PEAK: m/z int. rel.int.
  43.12616 18.5625 1
  44.890926 144.0 5
  44.940506 188.0 6
  45.116184000000004 164.0 6
  45.65638 156.0 5
  45.767841000000004 128.0 4
  45.815762 112.0 4
  45.824512 160.0 5
  45.986038 184.0 6
  46.308174 164.0 6
  46.382507000000004 120.0 4
  46.739632 164.0 6
  46.878597 232.0 8
  47.047504 156.0 5
  47.118015 292.0 10
  47.699593 204.0 7
  47.720467 128.0 4
  47.931313 140.0 5
  48.060684 124.0 4
  48.349102 136.0 5
  48.686497 176.0 6
  48.800137 268.0 9
  48.8288 144.0 5
  49.774853 192.0 7
  50.526333 196.0 7
  50.695 164.0 6
  51.132431000000004 132.0 4
  51.314072 144.0 5
  51.451141 420.0 14
  51.682701 116.0 4
  51.961658 160.0 5
  52.650444 168.0 6
  52.664757 192.0 7
  52.875969000000005 112.0 4
  52.932293 180.0 6
  52.93792 156.0 5
  53.203758 188.0 6
  54.094292 204.0 7
  54.171703 128.0 4
  54.27911 164.0 6
  55.057625 32.0 1
  55.490089000000005 140.0 5
  55.697704 148.0 5
  55.767128 220.0 7
  56.138237000000004 124.0 4
  56.439571 224.0 8
  56.778130000000004 204.0 7
  56.793476 180.0 6
  56.814339000000004 164.0 6
  56.885670000000005 212.0 7
  57.042439 144.0 5
  57.565033 112.0 4
  57.617237 208.0 7
  57.761189 144.0 5
  58.061813 152.0 5
  58.092113000000005 164.0 6
  58.295353 156.0 5
  58.563641000000004 152.0 5
  58.616554 140.0 5
  58.732346 172.0 6
  59.293526 220.0 7
  59.345592 176.0 6
  59.765888000000004 180.0 6
  59.787979 160.0 5
  60.120914 152.0 5
  60.283405 124.0 4
  60.749256 204.0 7
  60.856991 196.0 7
  60.867096000000004 172.0 6
  61.213562 204.0 7
  61.258636 168.0 6
  61.294968000000004 136.0 5
  61.561913000000004 132.0 4
  61.623627 272.0 9
  61.734695 192.0 7
  61.897385 212.0 7
  62.317745 116.0 4
  62.373173 196.0 7
  62.409363 176.0 6
  62.476742 128.0 4
  62.722874000000004 128.0 4
  63.444519 136.0 5
  63.645546 264.0 9
  63.841022 168.0 6
  64.109825 160.0 5
  65.108818 176.0 6
  65.251961 68.0 2
  65.59256699999999 216.0 7
  65.611511 176.0 6
  65.72803499999999 208.0 7
  65.74132499999999 132.0 4
  65.891449 232.0 8
  66.15671499999999 108.0 4
  66.776657 140.0 5
  66.872574 460.0 16
  67.112434 108.0 4
  67.129059 160.0 5
  67.333275 176.0 6
  68.22280099999999 240.0 8
  68.26039899999999 176.0 6
  68.353111 204.0 7
  68.461456 168.0 6
  68.703278 184.0 6
  68.73892199999999 204.0 7
  68.889809 172.0 6
  68.90671499999999 128.0 4
  68.97370099999999 144.0 5
  69.226265 140.0 5
  69.333435 168.0 6
  69.559563 152.0 5
  69.63117199999999 132.0 4
  70.834373 240.0 8
  71.286079 184.0 6
  71.46567499999999 156.0 5
  71.96998599999999 236.0 8
  72.029556 172.0 6
  72.54627199999999 204.0 7
  73.341011 168.0 6
  73.43867499999999 112.0 4
  73.900826 152.0 5
  73.96714 80.0 3
  74.024254 168.0 6
  74.088577 168.0 6
  74.43261 216.0 7
  74.56638299999999 160.0 5
  75.318428 60.0 2
  75.642479 132.0 4
  75.808281 108.0 4
  76.55884599999999 172.0 6
  76.863602 168.0 6
  77.036209 168.0 6
  77.252304 184.0 6
  77.679825 60.0 2
  78.14364599999999 176.0 6
  78.157097 184.0 6
  78.24454499999999 104.0 4
  78.59535199999999 108.0 4
  78.68466199999999 164.0 6
  78.82333399999999 72.0 2
  79.10376699999999 240.0 8
  79.924751 160.0 5
  80.40199299999999 160.0 5
  80.53974199999999 168.0 6
  80.65302299999999 216.0 7
  80.80953199999999 156.0 5
  80.89512599999999 68.0 2
  81.01270299999999 156.0 5
  81.19335199999999 144.0 5
  81.34964 176.0 6
  81.765266 156.0 5
  81.828339 84.0 3
  81.93418899999999 176.0 6
  82.10620899999999 332.0 11
  82.439865 200.0 7
  83.018074 196.0 7
  83.046532 200.0 7
  83.08704399999999 184.0 6
  84.25676 52.0 2
  84.700386 144.0 5
  84.811493 176.0 6
  85.48312399999999 184.0 6
  86.141708 140.0 5
  86.40302299999999 112.0 4
  86.598946 80.0 3
  86.984184 148.0 5
  87.23586999999999 276.0 9
  87.269341 112.0 4
  87.928665 200.0 7
  88.09725999999999 200.0 7
  88.499977 184.0 6
  88.80315399999999 168.0 6
  88.860535 180.0 6
  88.95483399999999 152.0 5
  89.133591 172.0 6
  89.22114599999999 156.0 5
  89.307999 164.0 6
  89.75224299999999 204.0 7
  89.926186 208.0 7
  90.188721 68.0 2
  90.84883099999999 184.0 6
  90.874901 116.0 4
  90.89190699999999 192.0 7
  90.906624 248.0 8
  90.935921 184.0 6
  91.11222799999999 132.0 4
  91.173248 344.0 12
  91.38388099999999 156.0 5
  91.40087899999999 196.0 7
  91.764259 152.0 5
  91.82485199999999 152.0 5
  91.831947 116.0 4
  91.980797 208.0 7
  92.115799 148.0 5
  92.35793299999999 124.0 4
  92.68597399999999 212.0 7
  92.99803899999999 216.0 7
  93.07017499999999 220.0 7
  93.09832 408.0 14
  93.518288 72.0 2
  94.06590299999999 392.0 13
  95.053322 132.0 4
  95.243393 244.0 8
  95.68350199999999 128.0 4
  96.31813799999999 164.0 6
  96.428528 348.0 12
  96.69677 148.0 5
  97.632561 148.0 5
  97.657394 148.0 5
  97.734917 144.0 5
  98.451042 60.0 2
  98.49848899999999 200.0 7
  99.092445 92.0 3
  99.094681 128.0 4
  99.40618099999999 160.0 5
  99.803246 36.0 1
  100.73745 252.0 9
  101.107552 536.0 18
  101.370117 88.0 3
  101.49156199999999 72.0 2
  101.801971 156.0 5
  101.835213 116.0 4
  101.991508 3.280279 0
  102.249146 176.0 6
  102.439499 164.0 6
  102.718651 136.0 5
  102.73048399999999 32.0 1
  102.84325399999999 204.0 7
  102.95719899999999 172.0 6
  102.98016399999999 208.0 7
  103.300156 140.0 5
  104.280289 208.0 7
  104.379601 160.0 5
  104.419502 192.0 7
  104.84273499999999 104.0 4
  105.365883 188.0 6
  105.383842 124.0 4
  105.541855 172.0 6
  105.768356 112.0 4
  105.78813199999999 144.0 5
  106.04377 464.0 16
  106.130859 152.0 5
  106.40608999999999 100.0 3
  106.41684 40.0 1
  106.56977099999999 124.0 4
  106.67851999999999 300.0 10
  107.15351899999999 176.0 6
  107.288254 36.0 1
  107.494514 292.0 10
  107.54525 152.0 5
  107.69100999999999 64.0 2
  107.724701 204.0 7
  107.791382 172.0 6
  108.436882 148.0 5
  108.53485099999999 132.0 4
  108.605598 208.0 7
  108.65055799999999 156.0 5
  108.700768 116.0 4
  108.72602099999999 164.0 6
  108.771957 128.0 4
  108.892342 244.0 8
  109.06339299999999 304.0 10
  109.250084 184.0 6
  109.50286899999999 348.0 12
  109.570702 160.0 5
  109.991692 44.0 1
  110.18996399999999 172.0 6
  110.24164599999999 208.0 7
  110.263145 196.0 7
  110.28201299999999 128.0 4
  110.33069599999999 88.0 3
  110.42127199999999 112.0 4
  110.76591499999999 144.0 5
  110.911766 152.0 5
  111.05936399999999 168.0 6
  111.205444 148.0 5
  111.219681 212.0 7
  111.354019 156.0 5
  111.36076399999999 136.0 5
  111.569862 48.0 2
  111.762642 188.0 6
  112.113846 152.0 5
  112.36232799999999 200.0 7
  112.43822499999999 132.0 4
  112.688431 52.0 2
  113.01701399999999 172.0 6
  113.042633 172.0 6
  113.20479599999999 144.0 5
  113.41974599999999 192.0 7
  113.67583499999999 140.0 5
  113.76153599999999 196.0 7
  113.800179 144.0 5
  114.243584 136.0 5
  114.47983599999999 92.0 3
  114.71020499999999 164.0 6
  114.83058899999999 124.0 4
  114.86224399999999 312.0 11
  114.933556 124.0 4
  115.006424 188.0 6
  115.014191 144.0 5
  115.29635599999999 136.0 5
  115.536644 128.0 4
  115.561554 128.0 4
  115.822678 180.0 6
  115.952919 156.0 5
  115.980194 80.0 3
  116.26394699999999 316.0 11
  116.39447799999999 176.0 6
  116.53012799999999 140.0 5
  116.579506 124.0 4
  116.71831499999999 136.0 5
  116.72670699999999 172.0 6
  117.121849 148.0 5
  117.14602699999999 368.0 13
  117.323433 124.0 4
  117.53875 256.0 9
  117.68363199999999 220.0 7
  117.70395699999999 84.0 3
  117.886749 140.0 5
  117.95541399999999 136.0 5
  118.171555 180.0 6
  118.25363899999999 156.0 5
  118.34468799999999 200.0 7
  118.434372 156.0 5
  118.572075 128.0 4
  118.592789 220.0 7
  119.369171 44.0 1
  119.382027 164.0 6
  119.42830699999999 108.0 4
  119.47824899999999 88.0 3
  119.481293 124.0 4
  119.503288 184.0 6
  119.60333299999999 124.0 4
  119.61726399999999 368.0 13
  120.081261 2396.0 82
  120.127533 76.0 3
  120.14402799999999 76.0 3
  120.52059899999999 192.0 7
  120.59082 152.0 5
  120.68324299999999 248.0 8
  121.146103 104.0 4
  121.351669 192.0 7
  121.42860399999999 168.0 6
  122.05085799999999 172.0 6
  122.10739199999999 208.0 7
  122.34859499999999 96.0 3
  122.834267 140.0 5
  122.933922 164.0 6
  122.95530699999999 152.0 5
  123.04103099999999 360.0 12
  123.566666 64.0 2
  123.721024 156.0 5
  123.786446 100.0 3
  123.974167 172.0 6
  124.056587 144.0 5
  124.500839 160.0 5
  124.58017699999999 184.0 6
  124.588562 236.0 8
  124.794586 108.0 4
  124.804482 104.0 4
  125.14756 200.0 7
  125.20820599999999 80.0 3
  126.316475 128.0 4
  126.458046 80.0 3
  126.929497 116.0 4
  126.95524599999999 156.0 5
  127.05274999999999 1276.0 43
  127.07429499999999 164.0 6
  127.259232 168.0 6
  127.30742599999999 84.0 3
  127.328903 128.0 4
  127.52104899999999 112.0 4
  127.982872 52.0 2
  128.061005 844.0 29
  128.295258 120.0 4
  128.350433 152.0 5
  128.681213 156.0 5
  129.241501 156.0 5
  129.260727 40.0 1
  129.394363 172.0 6
  129.41905200000002 56.0 2
  129.42034900000002 144.0 5
  129.85926800000001 224.0 8
  130.269608 144.0 5
  130.330963 176.0 6
  130.94729600000002 200.0 7
  131.10832200000002 288.0 10
  131.187622 96.0 3
  131.29092400000002 60.0 2
  131.527008 152.0 5
  131.55603000000002 136.0 5
  131.76651 88.0 3
  132.21215800000002 160.0 5
  133.46112100000002 152.0 5
  133.618118 18.059259 1
  133.739822 112.0 4
  133.8172 220.0 7
  134.053772 148.0 5
  134.074249 128.0 4
  134.17832900000002 172.0 6
  134.354172 124.0 4
  134.732056 160.0 5
  134.814072 220.0 7
  134.962952 152.0 5
  135.02063 128.0 4
  135.254974 212.0 7
  135.45957900000002 216.0 7
  135.53036500000002 116.0 4
  135.711243 176.0 6
  135.740906 132.0 4
  136.016998 84.0 3
  136.055923 1848.0 63
  136.08401500000002 628.0 21
  136.118546 176.0 6
  136.39561500000002 112.0 4
  136.572449 140.0 5
  136.57547 232.0 8
  136.90751600000002 136.0 5
  136.961578 204.0 7
  137.406799 68.0 2
  137.51857 128.0 4
  138.02847300000002 72.0 2
  138.061707 200.0 7
  138.15239 204.0 7
  138.622452 168.0 6
  138.736938 168.0 6
  138.78964200000001 196.0 7
  138.82328800000002 136.0 5
  138.924881 168.0 6
  138.999695 192.0 7
  139.03289800000002 184.0 6
  139.335495 324.0 11
  139.414917 124.0 4
  139.75524900000002 108.0 4
  139.99516300000002 124.0 4
  140.02160600000002 108.0 4
  140.023468 132.0 4
  140.118439 248.0 8
  140.134171 5.3075 0
  140.17404200000001 240.0 8
  140.300568 140.0 5
  140.486725 256.0 9
  140.81140100000002 204.0 7
  140.84106400000002 68.0 2
  140.857407 172.0 6
  140.86702 124.0 4
  141.069138 652.0 22
  141.177841 132.0 4
  141.465179 80.0 3
  141.584763 172.0 6
  141.61557000000002 136.0 5
  141.643372 136.0 5
  141.67399600000002 60.0 2
  141.811234 356.0 12
  141.826965 244.0 8
  141.855927 176.0 6
  142.279388 172.0 6
  143.23001100000002 2.648284 0
  143.28067000000001 112.0 4
  143.401001 32.0 1
  144.078003 1016.0 35
  144.09504700000002 352.0 12
  144.554733 116.0 4
  144.904022 104.0 4
  144.945007 68.0 2
  145.08284 8208.0 280
  145.127197 156.0 5
  145.26689100000002 100.0 3
  145.317032 172.0 6
  145.494293 116.0 4
  145.75122100000002 152.0 5
  146.09222400000002 108.0 4
  146.150742 76.0 3
  146.29585300000002 168.0 6
  146.35621600000002 104.0 4
  146.429993 160.0 5
  146.446625 3.536161 0
  146.826187 128.0 4
  146.942642 12.32326 0
  146.960129 284.0 10
  147.080231 724.0 25
  147.109848 120.0 4
  147.268402 140.0 5
  147.559143 184.0 6
  147.797653 204.0 7
  148.00967400000002 176.0 6
  148.50322 108.0 4
  148.812485 76.0 3
  149.067978 1464.0 50
  149.078506 172.0 6
  149.90527300000002 228.0 8
  149.931519 168.0 6
  150.279495 136.0 5
  150.34465 152.0 5
  150.382706 444.0 15
  150.546875 80.0 3
  150.777481 160.0 5
  151.21585100000001 152.0 5
  151.50813300000002 244.0 8
  152.047455 144.0 5
  152.422592 56.0 2
  152.925461 184.0 6
  153.01796000000002 208.0 7
  153.04213000000001 64.0 2
  153.37638900000002 220.0 7
  153.56246900000002 136.0 5
  154.23587 80.0 3
  154.39656100000002 156.0 5
  154.420502 5.55389 0
  154.604599 56.0 2
  155.052078 128.0 4
  155.077255 120.0 4
  155.13235500000002 140.0 5
  155.150238 168.0 6
  155.181473 200.0 7
  155.35986300000002 196.0 7
  155.540131 128.0 4
  155.66583300000002 116.0 4
  156.08557100000002 160.0 5
  156.219437 112.0 4
  157.040314 572.0 19
  157.062439 316.0 11
  157.087677 960.0 33
  157.361771 136.0 5
  157.412384 148.0 5
  157.849838 296.0 10
  158.026642 172.0 6
  158.99821500000002 76.0 3
  159.00233500000002 144.0 5
  159.044647 524.0 18
  159.101349 312.0 11
  159.176605 136.0 5
  159.73280300000002 240.0 8
  159.916687 156.0 5
  160.12117 200.0 7
  160.429993 48.0 2
  160.627274 136.0 5
  160.765762 240.0 8
  160.80882300000002 44.0 1
  161.0 15455.260742 526
  161.060394 3224.0 110
  161.43936200000002 248.0 8
  161.847397 180.0 6
  161.96614100000002 196.0 7
  162.043396 376.0 13
  162.05780000000001 788.0 27
  162.09613000000002 136.0 5
  162.494888 6.647467 0
  162.591202 188.0 6
  162.64956700000002 88.0 3
  162.738144 132.0 4
  162.745056 156.0 5
  162.821136 144.0 5
  162.84272800000002 140.0 5
  162.87368800000002 96.0 3
  163.105331 156.0 5
  163.10849000000002 856.0 29
  163.13385 40.0 1
  163.781113 204.0 7
  163.844391 156.0 5
  164.06642200000002 108.0 4
  164.39085400000002 220.0 7
  164.50486800000002 144.0 5
  165.005096 184.0 6
  165.324783 184.0 6
  165.682129 140.0 5
  165.84019500000002 196.0 7
  165.91153 176.0 6
  166.138855 204.0 7
  166.206726 76.0 3
  167.073486 576.0 20
  167.199631 320.0 11
  167.653381 92.0 3
  167.68588300000002 172.0 6
  167.9832 348.0 12
  167.99717700000002 40.0 1
  168.153503 168.0 6
  168.18957500000002 140.0 5
  168.314819 228.0 8
  169.05702200000002 112.0 4
  169.07444800000002 176.0 6
  169.104431 144.0 5
  169.189636 292.0 10
  169.84359800000001 32.0 1
  169.878006 164.0 6
  170.04251100000002 176.0 6
  170.50512700000002 104.0 4
  170.65802000000002 132.0 4
  170.960342 180.0 6
  170.988098 80.0 3
  171.07960500000002 1712.0 58
  171.675385 164.0 6
  172.18808 160.0 5
  172.549347 220.0 7
  172.550903 140.0 5
  172.96163900000002 88.0 3
  173.054779 184.0 6
  173.16243 52.0 2
  174.052841 152.0 5
  174.096634 148.0 5
  174.241669 60.0 2
  174.351227 168.0 6
  174.374466 36.0 1
  174.59831200000002 156.0 5
  174.645477 48.0 2
  174.778625 248.0 8
  174.79567 172.0 6
  174.944107 112.0 4
  175.093918 168.0 6
  175.14231900000001 236.0 8
  175.159256 128.0 4
  175.397827 104.0 4
  175.884705 140.0 5
  176.22023000000002 208.0 7
  176.234924 120.0 4
  176.503387 172.0 6
  176.574554 216.0 7
  176.997513 164.0 6
  177.02948 184.0 6
  177.624191 160.0 5
  177.846405 176.0 6
  177.965042 76.0 3
  179.00070200000002 1.677696 0
  180.159332 80.0 3
  180.238327 160.0 5
  181.081512 136.0 5
  181.094315 164.0 6
  181.181488 96.0 3
  181.72496 232.0 8
  181.990845 188.0 6
  182.135025 260.0 9
  182.151978 200.0 7
  182.380966 168.0 6
  182.64952100000002 136.0 5
  182.72821000000002 84.0 3
  182.85011300000002 148.0 5
  183.01606800000002 64.0 2
  183.084946 156.0 5
  183.434174 160.0 5
  183.763123 160.0 5
  183.814117 84.0 3
  184.137924 60.0 2
  184.40875200000002 168.0 6
  184.547226 2.367424 0
  185.09710700000002 408.0 14
  185.11213700000002 5.002083 0
  185.131378 100.0 3
  185.217575 132.0 4
  185.602676 144.0 5
  185.951752 160.0 5
  186.009262 180.0 6
  186.063614 176.0 6
  186.437759 144.0 5
  187.12904400000002 132.0 4
  187.38235500000002 156.0 5
  187.67575100000002 72.0 2
  188.755646 92.0 3
  189.055206 76.0 3
  189.845551 164.0 6
  190.55612200000002 168.0 6
  190.75950600000002 140.0 5
  190.870193 140.0 5
  191.040054 208.0 7
  191.100021 236.0 8
  191.118759 244.0 8
  191.284378 124.0 4
  191.32251000000002 140.0 5
  191.517761 236.0 8
  191.653625 192.0 7
  191.66377300000002 40.0 1
  191.884552 120.0 4
  192.73429900000002 180.0 6
  193.19986 144.0 5
  193.9617 108.0 4
  194.037125 312.0 11
  194.04049700000002 180.0 6
  194.13479600000002 160.0 5
  194.146408 136.0 5
  194.36303700000002 308.0 10
  194.401901 140.0 5
  194.497726 304.0 10
  194.632217 72.0 2
  194.716629 68.0 2
  195.309433 40.0 1
  196.151749 96.0 3
  197.134659 104.0 4
  197.28675800000002 100.0 3
  197.580521 180.0 6
  197.603516 144.0 5
  197.967148 536.0 18
  198.169754 144.0 5
  199.15242 668.0 23
  199.34149200000002 88.0 3
  199.543045 144.0 5
  200.340485 144.0 5
  200.681061 136.0 5
  200.793015 76.0 3
  201.08902 172.0 6
  201.127533 237.372498 8
  201.37449600000002 156.0 5
  201.42089800000002 140.0 5
  201.495392 148.0 5
  202.071381 148.0 5
  202.20455900000002 160.0 5
  202.276093 200.0 7
  202.31749000000002 164.0 6
  202.72876000000002 44.0 1
  202.74205 176.0 6
  203.049667 176.0 6
  203.197586 60.0 2
  203.708649 160.0 5
  203.96627800000002 88.0 3
  204.09465 216.0 7
  204.873795 56.0 2
  205.153412 148.0 5
  205.40699800000002 176.0 6
  205.588242 44.0 1
  206.064697 320.0 11
  206.378677 144.0 5
  206.58389300000002 300.0 10
  207.055893 5455.0 186
  207.24336200000002 172.0 6
  207.308502 224.0 8
  207.330276 9.226851 0
  207.47499100000002 52.0 2
  207.545105 240.0 8
  208.164261 168.0 6
  208.282562 200.0 7
  208.335327 212.0 7
  208.406982 228.0 8
  208.57856800000002 220.0 7
  208.597351 12.125 0
  208.62463400000001 144.0 5
  209.19842500000001 60.0 2
  209.200195 40.0 1
  209.310043 96.0 3
  209.82603500000002 64.0 2
  210.073624 204.0 7
  210.09298700000002 184.0 6
  210.443024 84.0 3
  210.59925800000002 88.0 3
  211.072311 184.0 6
  211.11293 344.0 12
  211.150116 7.025 0
  211.260651 132.0 4
  211.333969 180.0 6
  211.668335 60.0 2
  211.997345 180.0 6
  212.154999 152.0 5
  212.78894 132.0 4
  214.335449 180.0 6
  214.404739 268.0 9
  214.83673100000001 80.0 3
  215.003845 152.0 5
  216.315079 340.0 12
  216.93197600000002 120.0 4
  217.400711 116.0 4
  218.08964500000002 164.0 6
  219.65699800000002 108.0 4
  219.670868 104.0 4
  219.777023 124.0 4
  220.075027 2460.0 84
  220.76123 236.0 8
  220.92828400000002 124.0 4
  221.109314 148.0 5
  221.57543900000002 68.0 2
  221.65832500000002 168.0 6
  221.73782300000002 112.0 4
  222.186539 200.0 7
  222.196335 68.0 2
  223.060272 108.0 4
  223.094055 136.0 5
  224.329147 76.0 3
  224.90269500000002 160.0 5
  224.976089 160.0 5
  225.08345 132.0 4
  225.21649200000002 200.0 7
  225.236298 48.0 2
  225.432587 112.0 4
  225.65849300000002 100.0 3
  226.197968 144.0 5
  226.86908 152.0 5
  227.16450500000002 56.0 2
  227.47276300000001 104.0 4
  228.11367800000002 144.0 5
  228.904526 204.0 7
  229.081589 156.0 5
  229.25340300000002 64.0 2
  230.211975 140.0 5
  230.317352 172.0 6
  230.41957100000002 84.0 3
  231.02740500000002 64.0 2
  231.845688 148.0 5
  231.89909400000002 23.906691 1
  232.889816 196.0 7
  233.219269 60.0 2
  233.379623 96.0 3
  233.790054 100.0 3
  233.8172 184.0 6
  236.226501 140.0 5
  236.51812700000002 124.0 4
  236.555054 116.0 4
  236.71803300000002 36.0 1
  238.10676600000002 236.0 8
  238.767975 3.089286 0
  238.786224 6.708333 0
  239.137222 42.730721 1
  239.427658 180.0 6
  239.669968 236.0 8
  240.05960100000001 200.0 7
  240.18571500000002 840.0 29
  240.70941200000001 120.0 4
  241.171829 248.0 8
  241.181274 156.0 5
  241.349762 52.0 2
  242.559052 148.0 5
  242.84570300000001 148.0 5
  244.09492500000002 176.0 6
  245.133911 120.0 4
  245.892242 132.0 4
  247.404526 176.0 6
  247.536041 52.0 2
  247.541107 124.0 4
  247.932999 140.0 5
  248.17137100000002 60.0 2
  248.83284 44.0 1
  249.16000400000001 212.0 7
  249.84788500000002 148.0 5
  250.09208700000002 168.0 6
  250.143158 156.0 5
  250.91629 124.0 4
  251.179352 2344.0 80
  251.306747 116.0 4
  252.277252 180.0 6
  253.116852 976.0 33
  253.34170500000002 112.0 4
  253.424286 156.0 5
  253.501892 3.973485 0
  253.951904 244.0 8
  254.565231 48.0 2
  254.582413 188.0 6
  254.590317 160.0 5
  255.206558 180.0 6
  257.15304599999996 420.592987 14
  257.355713 28.0 1
  257.47122199999995 208.0 7
  257.6474 60.0 2
  257.805878 188.0 6
  258.026886 52.0 2
  259.041901 132.0 4
  259.190765 176.0 6
  260.83315999999996 164.0 6
  260.863281 156.0 5
  260.90176399999996 284.0 10
  260.905396 88.0 3
  261.365631 180.0 6
  261.749084 236.0 8
  262.38381999999996 160.0 5
  263.12994399999997 136.0 5
  263.30044599999997 152.0 5
  263.942688 136.0 5
  264.136078 388.0 13
  264.94674699999996 64.0 2
  265.55246 112.0 4
  267.063568 308.0 10
  267.091003 232.0 8
  267.49490399999996 208.0 7
  267.606842 136.0 5
  268.47918699999997 148.0 5
  268.74057 188.0 6
  269.23931899999997 208.0 7
  270.19476299999997 112.0 4
  271.099884 220.0 7
  271.247894 140.0 5
  271.485687 196.0 7
  272.119263 196.0 7
  272.215607 204.0 7
  272.453461 84.0 3
  272.542358 56.0 2
  272.6185 52.0 2
  272.729248 180.0 6
  272.98287999999997 136.0 5
  273.075928 168.0 6
  273.242554 184.0 6
  273.818176 252.0 9
  273.85461399999997 60.0 2
  274.097565 84.0 3
  274.457581 160.0 5
  274.712311 84.0 3
  275.028687 160.0 5
  275.699463 148.0 5
  275.861633 192.0 7
  276.110504 352.0 12
  276.56814599999996 12.00602 0
  276.701355 140.0 5
  277.347534 31.095209 1
  277.44381699999997 56.0 2
  277.446442 88.0 3
  277.763092 108.0 4
  278.537903 120.0 4
  278.88235499999996 144.0 5
  279.02496299999996 388.0 13
  279.769226 100.0 3
  282.30413799999997 184.0 6
  282.46994 40.0 1
  283.096497 276.0 9
  283.78537 104.0 4
  284.06265299999995 156.0 5
  284.980957 1236.0 42
  285.165649 444.0 15
  285.180237 80.0 3
  285.602356 96.0 3
  286.43832399999997 152.0 5
  287.78149399999995 108.0 4
  288.00622599999997 52.0 2
  288.863098 168.0 6
  290.379395 80.0 3
  290.422668 188.0 6
  290.88897699999995 420.0 14
  291.151215 140.0 5
  292.643372 56.0 2
  292.96756 132.0 4
  293.295624 148.0 5
  293.562683 4.833818 0
  293.637726 192.0 7
  294.904205 136.0 5
  295.733795 200.0 7
  296.099457 204.0 7
  296.267029 92.0 3
  296.50134299999996 148.0 5
  296.785553 36.0 1
  297.178314 964.0 33
  297.865509 176.0 6
  298.05285599999996 132.0 4
  299.163757 132.0 4
  299.950562 216.0 7
  301.004486 25.889071 1
  301.055969 104.0 4
  301.66574099999997 140.0 5
  301.78567499999997 156.0 5
  302.058319 368.0 13
  302.619324 152.0 5
  302.785156 180.0 6
  303.142456 188.0 6
  303.19409199999996 512.0 17
  303.62298599999997 144.0 5
  305.024933 116.0 4
  305.054932 192.0 7
  305.24707 7.347222 0
  305.879578 64.0 2
  306.819489 232.0 8
  307.15328999999997 96.0 3
  309.850098 68.0 2
  309.94091799999995 92.0 3
  310.174713 172.0 6
  310.190796 492.0 17
  311.864899 208.0 7
  312.110352 80.0 3
  312.121948 2620.0 89
  312.981201 188.0 6
  313.132843 368.0 13
  313.43325799999997 36.0 1
  313.43453999999997 164.0 6
  313.618408 216.0 7
  313.877502 168.0 6
  313.98873899999995 176.0 6
  314.11618 164.0 6
  318.15332 160.0 5
  319.106812 1504.0 51
  319.60672 164.0 6
  320.459076 7.670455 0
  321.15768399999996 5.801667 0
  322.155121 51.841335 2
  322.17648299999996 44.0 1
  322.227472 156.0 5
  323.001648 29332.0 999
  325.135895 376.0 13
  326.254913 216.0 7
  328.020508 56.0 2
  328.648285 68.0 2
  330.153198 5148.0 175
  331.686493 128.0 4
  331.868896 176.0 6
  332.61956799999996 156.0 5
  333.057953 148.0 5
  334.04760699999997 756.0 26
  335.146332 2604.0 89
  337.00204499999995 152.0 5
  338.048431 176.0 6
  340.26730299999997 256.0 9
  341.525848 48.0 2
  342.092651 128.0 4
  342.749756 192.0 7
  343.19696 184.0 6
  343.30584699999997 176.0 6
  344.137207 200.0 7
  344.326141 196.0 7
  346.064758 168.0 6
  347.638604 124.0 4
  348.094604 164.0 6
  348.88622399999997 192.0 7
  348.946106 152.0 5
  349.931915 192.0 7
  350.38031 144.0 5
  351.54864499999996 56.0 2
  354.760468 144.0 5
  356.14523299999996 164.0 6
  357.192169 164.0 6
  357.606628 108.0 4
  359.49859599999996 68.0 2
  361.12445099999997 304.0 10
  362.871155 128.0 4
  363.247345 40.0 1
  364.26171899999997 60.0 2
  365.69830299999995 152.0 5
  367.86157199999997 48.0 2
  368.121643 76.0 3
  368.61004599999995 156.0 5
  370.87325999999996 148.0 5
  372.661591 156.0 5
  373.16308599999996 104.0 4
  373.61654699999997 48.0 2
  375.02212499999996 80.0 3
  376.404266 228.0 8
  376.496246 104.0 4
  377.14959699999997 56.0 2
  377.67416399999996 116.0 4
  379.17596399999996 132.0 4
  386.784119 44.0 1
  387.23916599999995 272.0 9
  388.884979 92.0 3
  391.24790099999996 1.0 0
//
