ACCESSION: CCMSLIB00000077013
RECORD_TITLE: decoy
DATE: 2015.11.20
AUTHORS: Administrator
LICENSE: CC BY-SA
CH$NAME: decoy
CH$COMPOUND_CLASS: Natural Product
CH$FORMULA: C23H30O6
CH$EXACT_MASS: 402.20423868
CH$SMILES: N/A
CH$IUPAC: decoy
CH$LINK: N/A
AC$INSTRUMENT: decoy
AC$INSTRUMENT_TYPE: decoy
AC$MASS_SPECTROMETRY: MS_TYPE MS2
AC$MASS_SPECTROMETRY: ION_MODE POSITIVE
AC$MASS_SPECTROMETRY: COLLISION_ENERGY 10 V
MS$FOCUSED_ION: PRECURSOR_M/Z 403
MS$FOCUSED_ION: PRECURSOR_TYPE [M+H]+
PK$NUM_PEAK: 659
PK$PEAK: m/z int. rel.int.
  45.0825 184.0 2
  45.509438 112.0 1
  45.7584 192.0 2
  45.975933000000005 176.0 2
  46.003422 184.0 2
  46.043369 156.0 2
  46.798195 396.0 4
  47.006668000000005 164.0 2
  47.316742000000005 56.0 1
  47.845261 160.0 2
  47.871719 212.0 2
  48.028866 212.0 2
  48.031857 136.0 1
  48.116699000000004 348.0 4
  48.448574 168.0 2
  48.577862 192.0 2
  48.925312 224.0 2
  49.385193 100.0 1
  49.730885 188.0 2
  50.7491 104.0 1
  51.012043 128.0 1
  51.941711 152.0 2
  52.004627 212.0 2
  52.066895 132.0 1
  52.906876000000004 200.0 2
  53.312992 36.0 0
  54.252232 228.0 2
  54.398228 204.0 2
  54.547356 184.0 2
  54.817654000000005 216.0 2
  55.362579000000004 132.0 1
  55.6991 124.0 1
  56.050343 224.0 2
  56.218315000000004 144.0 1
  56.527607 140.0 1
  56.706905 72.0 1
  57.356487 68.0 1
  57.454632000000004 248.0 3
  57.754074 140.0 1
  57.970089 104.0 1
  58.553097 128.0 1
  58.636772 208.0 2
  59.605984 144.0 1
  60.388866 188.0 2
  60.659065 84.0 1
  60.692619 168.0 2
  60.986877 224.0 2
  61.230419000000005 140.0 1
  61.361137 92.0 1
  61.524708000000004 176.0 2
  64.468475 140.0 1
  64.617784 164.0 2
  65.168938 132.0 1
  65.41139199999999 144.0 1
  66.56371299999999 108.0 1
  66.709335 108.0 1
  67.22451 132.0 1
  67.28914599999999 272.0 3
  67.33705099999999 160.0 2
  67.90716599999999 164.0 2
  67.916275 104.0 1
  69.544518 112.0 1
  69.571259 180.0 2
  70.170143 184.0 2
  70.97417399999999 152.0 2
  71.124451 164.0 2
  71.32442499999999 136.0 1
  71.72003199999999 136.0 1
  72.175308 96.0 1
  72.27641299999999 180.0 2
  72.54304499999999 136.0 1
  73.122177 132.0 1
  73.876724 148.0 1
  73.98705299999999 224.0 2
  75.12609099999999 144.0 1
  76.46472899999999 276.0 3
  77.798103 148.0 1
  77.967316 136.0 1
  78.157776 148.0 1
  78.193451 188.0 2
  78.387238 248.0 3
  79.206543 80.0 1
  79.54261799999999 132.0 1
  79.785851 144.0 1
  79.91864799999999 140.0 1
  80.193535 224.0 2
  80.70479599999999 164.0 2
  80.762306 240.0 2
  80.790207 284.0 3
  81.175316 132.0 1
  81.191048 164.0 2
  83.07990299999999 148.0 1
  83.13967099999999 172.0 2
  83.468582 84.0 1
  83.603966 384.0 4
  83.856865 164.0 2
  83.956398 156.0 2
  83.986671 172.0 2
  85.658356 160.0 2
  86.53866599999999 112.0 1
  86.895332 148.0 1
  87.036553 40.0 0
  87.06935899999999 180.0 2
  87.614319 232.0 2
  87.786682 120.0 1
  88.42317999999999 244.0 2
  88.89205899999999 132.0 1
  89.02611499999999 164.0 2
  89.52677899999999 188.0 2
  89.85327099999999 156.0 2
  90.45700799999999 136.0 1
  90.55805199999999 204.0 2
  90.72928599999999 168.0 2
  91.155266 128.0 1
  92.66851 172.0 2
  92.757317 124.0 1
  92.972816 164.0 2
  93.05837199999999 336.0 3
  93.847382 128.0 1
  94.082146 136.0 1
  94.39111299999999 168.0 2
  94.402664 144.0 1
  94.57431799999999 132.0 1
  94.85067 108.0 1
  94.95850399999999 144.0 1
  95.312157 84.0 1
  95.38651999999999 236.0 2
  95.701675 172.0 2
  95.96939099999999 144.0 1
  96.025078 216.0 2
  96.030457 196.0 2
  96.18376199999999 176.0 2
  96.18910199999999 140.0 1
  96.357491 260.0 3
  96.524757 88.0 1
  96.564545 144.0 1
  96.721138 152.0 2
  96.77915999999999 152.0 2
  96.884712 124.0 1
  96.9944 180.0 2
  97.04785199999999 104.0 1
  97.068123 236.0 2
  97.17111999999999 212.0 2
  97.75492899999999 140.0 1
  97.968971 172.0 2
  98.36533399999999 116.0 1
  98.542076 92.0 1
  99.766579 160.0 2
  100.07592799999999 180.0 2
  100.63836699999999 128.0 1
  101.00574499999999 351.426788 4
  101.22604399999999 100.0 1
  102.15368699999999 156.0 2
  102.264404 144.0 1
  102.319054 160.0 2
  102.77381899999999 204.0 2
  102.814217 196.0 2
  103.112808 232.0 2
  103.78746799999999 188.0 2
  104.72996499999999 80.0 1
  104.805779 292.0 3
  105.236122 72.0 1
  105.242813 188.0 2
  105.342491 164.0 2
  105.433838 156.0 2
  105.96060899999999 164.0 2
  106.04300699999999 212.0 2
  106.056755 216.0 2
  106.159477 124.0 1
  106.35653699999999 44.0 0
  106.357666 76.0 1
  106.46891 172.0 2
  106.84478 172.0 2
  107.05487799999999 144.0 1
  107.09303299999999 164.0 2
  107.16403199999999 180.0 2
  107.620476 140.0 1
  108.13971699999999 44.0 0
  108.55899 224.0 2
  108.791702 224.0 2
  109.29480699999999 164.0 2
  109.468216 46.79269 0
  109.56745099999999 140.0 1
  109.83657099999999 144.0 1
  110.53911599999999 72.0 1
  110.640907 172.0 2
  110.65873699999999 148.0 1
  110.6819 13.93669 0
  111.005341 52.0 1
  111.018394 184.0 2
  111.07987999999999 1348.0 14
  111.76497699999999 156.0 2
  113.22668499999999 148.0 1
  113.29905699999999 136.0 1
  113.388016 184.0 2
  113.490372 60.0 1
  114.10428599999999 156.0 2
  114.476379 220.0 2
  115.171623 164.0 2
  115.644058 208.0 2
  115.659424 132.0 1
  115.903053 120.0 1
  116.086113 168.0 2
  116.129486 188.0 2
  116.29686699999999 76.0 1
  116.97773699999999 200.0 2
  117.11273999999999 80.0 1
  117.124603 168.0 2
  118.341484 148.0 1
  118.452705 200.0 2
  118.55161299999999 176.0 2
  118.67205799999999 164.0 2
  118.802521 216.0 2
  118.879402 120.0 1
  119.18341099999999 224.0 2
  119.291145 184.0 2
  119.410156 120.0 1
  119.50922399999999 80.0 1
  119.512695 92.0 1
  119.869789 60.0 1
  120.601379 92.0 1
  120.771751 116.0 1
  120.83708999999999 248.0 3
  120.853653 160.0 2
  121.408867 68.0 1
  121.54473899999999 228.0 2
  121.804153 164.0 2
  121.855736 100.0 1
  122.178551 80.0 1
  122.18965899999999 56.0 1
  122.20504799999999 64.925034 1
  122.54259499999999 148.0 1
  122.82236499999999 192.0 2
  123.439049 136.0 1
  123.58824899999999 136.0 1
  123.82723999999999 144.0 1
  124.268692 40.0 0
  125.61752299999999 212.0 2
  125.87333699999999 136.0 1
  126.010376 140.0 1
  126.170074 184.0 2
  126.45575699999999 176.0 2
  127.24394199999999 88.0 1
  128.06279 508.0 5
  128.642548 148.0 1
  128.67515600000002 164.0 2
  128.872849 172.0 2
  128.947296 52.0 1
  129.06843600000002 608.0 6
  129.58398400000002 188.0 2
  129.71400500000001 124.0 1
  129.930832 160.0 2
  130.40763900000002 188.0 2
  130.408188 124.0 1
  131.03611800000002 268.0 3
  131.256989 196.0 2
  131.397064 76.0 1
  131.73374900000002 144.0 1
  131.833023 196.0 2
  132.059799 152.0 2
  132.44236800000002 72.0 1
  132.483047 136.0 1
  132.90176400000001 176.0 2
  133.026962 160.0 2
  133.694778 180.0 2
  134.334656 25.50106 0
  134.43266300000002 164.0 2
  134.49246200000002 88.0 1
  134.566833 92.0 1
  134.72245800000002 144.0 1
  135.271805 196.0 2
  135.299576 112.0 1
  135.634644 44.0 0
  136.174225 144.0 1
  137.025665 216.0 2
  137.23297100000002 184.0 2
  137.259827 160.0 2
  137.450424 168.0 2
  137.675995 224.0 2
  137.70811500000002 168.0 2
  137.794968 192.0 2
  138.504486 180.0 2
  139.019836 116.0 1
  139.051636 216.0 2
  139.576904 104.0 1
  141.002258 148.0 1
  141.07127400000002 524.0 5
  141.61526500000002 84.0 1
  141.857574 144.0 1
  141.993607 104.0 1
  142.06393400000002 172.0 2
  142.371307 128.0 1
  142.883026 156.0 2
  143.25820900000002 248.0 3
  143.304718 48.0 0
  143.600967 192.0 2
  143.789948 176.0 2
  143.978577 268.0 3
  144.08050500000002 280.0 3
  145.13171400000002 184.0 2
  145.207123 224.0 2
  146.173935 120.0 1
  146.76727300000002 180.0 2
  147.04556300000002 184.0 2
  147.117401 12.53452 0
  147.562744 80.0 1
  147.836655 180.0 2
  148.10716200000002 120.0 1
  148.531387 60.0 1
  148.538895 148.0 1
  148.926208 172.0 2
  148.988998 160.0 2
  149.030045 180.0 2
  149.20571900000002 164.0 2
  149.423874 7.535714 0
  149.447266 68.0 1
  149.752655 168.0 2
  149.820267 152.0 2
  150.01194800000002 124.0 1
  150.053741 140.0 1
  150.308792 132.0 1
  150.357651 268.0 3
  150.42506400000002 152.0 2
  150.757599 152.0 2
  151.11874400000002 52.0 1
  151.34681700000002 84.0 1
  151.72345 84.0 1
  151.808731 144.0 1
  151.92579700000002 120.0 1
  152.705994 152.0 2
  153.080475 200.0 2
  153.295975 356.0 4
  153.337524 132.0 1
  153.824905 268.0 3
  154.034051 140.0 1
  154.42617800000002 112.0 1
  154.991501 172.0 2
  155.014771 152.0 2
  155.119324 164.0 2
  155.94618200000002 152.0 2
  156.296021 176.0 2
  156.414948 264.0 3
  157.000198 200.0 2
  157.441986 132.0 1
  157.493546 264.0 3
  157.990082 80.0 1
  158.095581 320.0 3
  158.123154 188.0 2
  158.49211100000002 72.0 1
  158.53504900000001 140.0 1
  159.222946 144.0 1
  159.396637 160.0 2
  160.755829 228.0 2
  160.792099 104.0 1
  161.32801800000001 216.0 2
  161.474747 316.0 3
  161.627014 132.0 1
  161.735428 232.0 2
  162.01959200000002 60.0 1
  162.102875 268.0 3
  162.650391 156.0 2
  163.110367 1504.0 15
  163.181366 32.0 0
  164.366852 160.0 2
  164.845795 140.0 1
  164.88736 68.0 1
  165.065659 476.0 5
  166.333786 192.0 2
  166.724411 192.0 2
  167.37394700000002 120.0 1
  167.619659 180.0 2
  167.783081 164.0 2
  169.053055 176.0 2
  169.576965 184.0 2
  169.72494500000002 168.0 2
  169.960968 140.0 1
  170.190796 76.0 1
  171.30569500000001 152.0 2
  171.33136000000002 148.0 1
  171.612076 164.0 2
  172.03862 1248.0 13
  172.09317000000001 148.0 1
  172.155045 76.0 1
  172.330658 144.0 1
  172.387817 136.0 1
  172.636337 164.0 2
  172.71743800000002 172.0 2
  173.09518400000002 2200.0 22
  173.099655 152.0 2
  173.551941 100.0 1
  173.98114 176.0 2
  174.87712100000002 216.0 2
  175.067505 156.0 2
  175.922226 168.0 2
  176.421097 112.0 1
  176.598801 172.0 2
  176.741669 156.0 2
  176.864639 128.0 1
  176.920914 192.0 2
  177.095383 156.0 2
  177.123108 7.00119 0
  177.13299600000002 184.0 2
  177.217331 112.0 1
  177.271744 44.0 0
  177.70498700000002 32.0 0
  177.92665100000002 180.0 2
  177.959549 168.0 2
  177.986053 156.0 2
  177.98919700000002 172.0 2
  178.055542 160.0 2
  178.279297 148.0 1
  178.386627 108.0 1
  178.63896200000002 96.0 1
  178.858994 192.0 2
  179.073959 2072.0 21
  179.084564 324.0 3
  179.10458400000002 52.0 1
  179.273773 188.0 2
  179.644135 176.0 2
  179.696884 152.0 2
  181.523788 116.0 1
  182.509857 200.0 2
  182.817657 68.0 1
  182.941528 156.0 2
  183.22039800000002 108.0 1
  183.749252 252.0 3
  183.802673 96.0 1
  183.928818 172.0 2
  184.012024 196.0 2
  184.18541000000002 152.0 2
  184.479553 120.0 1
  184.719559 152.0 2
  184.981277 152.0 2
  185.094849 444.0 4
  185.881134 124.0 1
  186.48782300000002 148.0 1
  186.84045400000002 108.0 1
  187.004745 256.0 3
  187.127655 264.0 3
  187.449783 112.0 1
  187.55513000000002 144.0 1
  187.661575 120.0 1
  187.71019 180.0 2
  188.194305 148.0 1
  188.266861 76.0 1
  188.798447 48.0 0
  188.85968 152.0 2
  189.13327900000002 148.0 1
  189.245697 84.0 1
  189.26812700000002 104.0 1
  189.41677900000002 212.0 2
  189.570404 108.0 1
  190.167603 328.0 3
  191.068161 148.0 1
  191.084473 2224.0 22
  191.093155 212.0 2
  191.14274600000002 604.0 6
  191.143799 368.0 4
  192.09144600000002 208.0 2
  192.64279200000001 156.0 2
  193.62080400000002 120.0 1
  194.089325 232.0 2
  194.493332 88.0 1
  195.59613000000002 56.0 1
  195.890152 136.0 1
  198.38540600000002 84.0 1
  198.982788 164.0 2
  199.528412 172.0 2
  199.609573 120.0 1
  199.897385 124.0 1
  200.220215 164.0 2
  200.363159 52.0 1
  200.364563 168.0 2
  200.529953 152.0 2
  201.012573 288.0 3
  201.05899000000002 164.0 2
  201.121338 256.0 3
  201.740173 152.0 2
  201.97378500000002 168.0 2
  202.352112 180.0 2
  202.449142 44.0 0
  202.552246 172.0 2
  202.633499 172.0 2
  203.026276 36.0 0
  203.15295400000002 124.0 1
  203.68483 108.0 1
  204.058838 106.258102 1
  204.35861200000002 156.0 2
  204.513855 52.0 1
  205.151566 72.0 1
  206.20155300000002 192.0 2
  206.344986 140.0 1
  206.43815600000002 452.0 5
  207.603134 272.0 3
  208.618301 112.0 1
  209.03178400000002 168.0 2
  209.80508400000002 148.0 1
  210.295959 148.0 1
  210.358765 44.0 0
  212.105835 180.0 2
  214.123154 164.0 2
  215.93692000000001 144.0 1
  216.082916 636.0 6
  216.11436500000002 216.0 2
  216.486679 156.0 2
  217.639282 136.0 1
  218.393021 164.0 2
  218.42961100000002 100.0 1
  218.719589 208.0 2
  218.94547400000002 164.0 2
  220.35136400000002 232.0 2
  220.77366600000002 100.0 1
  221.052231 336.0 3
  222.41232300000001 2.913691 0
  222.560379 60.0 1
  222.924484 172.0 2
  223.14048100000002 176.0 2
  223.728073 252.0 3
  223.742661 116.0 1
  224.285889 80.0 1
  224.991959 164.0 2
  225.077164 124.0 1
  225.09646600000002 164.0 2
  225.947189 160.0 2
  225.992401 56.0 1
  226.02829 200.0 2
  226.311218 132.0 1
  226.545395 56.0 1
  226.911407 168.0 2
  227.05011000000002 76.0 1
  229.073685 140.0 1
  229.52937300000002 88.0 1
  229.543564 48.0 0
  230.022903 156.0 2
  230.097214 99064.0 999
  230.15213 160.0 2
  232.40609700000002 200.0 2
  232.478348 136.0 1
  232.649933 188.0 2
  232.917923 92.0 1
  233.058411 40.0 0
  233.68888900000002 72.0 1
  234.009384 148.0 1
  235.094299 2844.0 29
  236.49168400000002 104.0 1
  236.548492 144.0 1
  237.578003 136.0 1
  239.081659 164.0 2
  239.685144 164.0 2
  241.703751 44.0 0
  242.655716 88.0 1
  244.240463 108.0 1
  244.68193100000002 54.603569 1
  244.934189 60.0 1
  246.981995 212.0 2
  247.30702200000002 272.0 3
  247.688232 180.0 2
  247.874649 232.0 2
  248.21807900000002 228.0 2
  248.693161 18.20056 0
  249.130066 132.0 1
  252.15863000000002 80.0 1
  252.63595600000002 48.0 0
  254.97673 60.0 1
  255.190506 68.0 1
  255.545181 44.0 0
  256.38268999999997 40.0 0
  256.73690799999997 116.0 1
  257.61379999999997 104.0 1
  260.11355599999996 96.0 1
  260.28774999999996 40.0 0
  260.318176 108.0 1
  261.71313499999997 4.002451 0
  261.829681 148.0 1
  265.892517 172.0 2
  267.27230799999995 144.0 1
  267.90914899999996 172.0 2
  267.960175 36.0 0
  268.13149999999996 164.0 2
  268.71698 48.0 0
  268.909973 80.0 1
  269.11218299999996 25072.0 253
  272.158264 512.0 5
  272.56143199999997 124.0 1
  274.75796499999996 176.0 2
  278.252686 120.0 1
  278.97241199999996 128.0 1
  280.191895 132.0 1
  281.676178 136.0 1
  281.99172999999996 68.0 1
  282.153778 176.0 2
  282.595215 112.0 1
  282.68643199999997 192.0 2
  283.13415499999996 64.0 1
  284.68765299999995 84.0 1
  285.104919 280.0 3
  285.288598 164.0 2
  286.372253 64.0 1
  287.45342999999997 64.0 1
  287.77356 168.0 2
  287.820496 176.0 2
  288.077911 52.0 1
  290.811737 188.0 2
  291.485504 52.0 1
  293.046661 148.0 1
  293.303864 220.0 2
  293.60925299999997 88.0 1
  299.160278 112.0 1
  299.27194199999997 76.0 1
  300.072205 192.0 2
  302.844727 96.0 1
  303.951996 60.0 1
  304.64547699999997 124.0 1
  306.15768399999996 140.0 1
  307.070343 156.0 2
  307.469025 96.0 1
  309.150787 108.0 1
  311.29168699999997 184.0 2
  312.440247 192.0 2
  313.23373399999997 468.0 5
  314.495148 136.0 1
  316.995544 256.0 3
  317.96185299999996 132.0 1
  318.179291 168.0 2
  319.337494 184.0 2
  322.657898 32.0 0
  324.10513299999997 236.0 2
  324.565613 120.0 1
  325.126221 204.0 2
  325.336182 40.0 0
  326.699677 236.0 2
  327.427917 96.0 1
  328.078644 116.0 1
  331.72155799999996 68.0 1
  334.365051 124.0 1
  337.376801 168.0 2
  338.554779 164.0 2
  341.41333 160.0 2
  343.35266099999996 140.0 1
  346.90896599999996 156.0 2
  347.043396 60.0 1
  348.087494 176.0 2
  352.722809 88.0 1
  353.753693 168.0 2
  354.60497999999995 160.0 2
  367.107605 93.207558 1
  367.771484 140.0 1
  371.50768999999997 160.0 2
  371.682953 92.0 1
  377.22522 160.0 2
  377.414062 112.0 1
  380.20574999999997 40.0 0
  382.303497 112.0 1
  383.736389 148.0 1
  392.040649 132.0 1
  392.576233 176.0 2
  392.873871 8.226842 0
  400.62951699999996 132.0 1
  403.211212 2460.0 25
//
