ACCESSION: CCMSLIB00000086086
RECORD_TITLE: decoy
DATE: 2015.11.20
AUTHORS: Administrator
LICENSE: CC BY-SA
CH$NAME: decoy
CH$COMPOUND_CLASS: Natural Product
CH$FORMULA: C13H15N3
CH$EXACT_MASS: 213.12659748
CH$SMILES: N/A
CH$IUPAC: decoy
CH$LINK: N/A
AC$INSTRUMENT: decoy
AC$INSTRUMENT_TYPE: decoy
AC$MASS_SPECTROMETRY: MS_TYPE MS2
AC$MASS_SPECTROMETRY: ION_MODE POSITIVE
AC$MASS_SPECTROMETRY: COLLISION_ENERGY 10 V
MS$FOCUSED_ION: PRECURSOR_M/Z 214
MS$FOCUSED_ION: PRECURSOR_TYPE [M+H]+
PK$NUM_PEAK: 296
PK$PEAK: m/z int. rel.int.
  45.49712 116.0 28
  45.842838 68.0 17
  45.921951 180.0 44
  46.253963 180.0 44
  46.289726 124.0 30
  46.899014 212.0 52
  46.949764 120.0 29
  47.573032000000005 92.0 22
  47.788975 200.0 49
  48.137482 112.0 27
  48.695095 128.0 31
  48.73785 140.0 34
  49.232502000000004 196.0 48
  49.592834 216.0 52
  50.803448 152.0 37
  52.013344000000004 324.0 79
  52.54081 148.0 36
  53.200077 208.0 51
  53.341 160.0 39
  53.358231 48.0 12
  53.519131 236.0 57
  53.590862 108.0 26
  53.698235000000004 224.0 54
  53.78994 164.0 40
  53.833801 160.0 39
  54.654072 148.0 36
  54.874836 192.0 47
  55.373814 128.0 31
  55.725899 152.0 37
  58.769074 160.0 39
  61.130424000000005 44.0 11
  61.388134 164.0 40
  62.282856 100.0 24
  62.422062000000004 172.0 42
  63.643333 228.0 55
  64.408646 204.0 50
  64.713837 128.0 31
  67.749725 152.0 37
  67.90602899999999 96.0 23
  69.36318999999999 156.0 38
  69.64008299999999 196.0 48
  70.18070999999999 84.0 20
  70.61528 156.0 38
  70.96611 148.0 36
  71.688515 64.0 16
  72.050934 292.0 71
  72.14304399999999 188.0 46
  72.253197 200.0 49
  72.43740799999999 328.0 80
  74.07785799999999 160.0 39
  75.04332699999999 164.0 40
  76.536583 208.0 51
  78.123398 208.0 51
  78.29815699999999 56.0 14
  78.801735 216.0 52
  78.90716599999999 116.0 28
  78.964828 136.0 33
  79.857956 168.0 41
  80.330917 84.0 20
  81.157394 156.0 38
  81.641678 204.0 50
  81.831802 124.0 30
  82.126961 148.0 36
  82.621788 256.0 62
  82.854866 192.0 47
  83.07431799999999 136.0 33
  84.30242899999999 220.0 53
  85.355949 180.0 44
  85.970772 180.0 44
  86.016724 140.0 34
  86.073814 172.0 42
  88.245705 144.0 35
  88.295952 84.0 20
  89.355888 176.0 43
  89.467041 212.0 52
  92.046768 220.0 53
  92.307541 144.0 35
  92.339546 304.0 74
  92.529007 60.0 15
  92.63915999999999 176.0 43
  95.77458999999999 120.0 29
  96.149963 188.0 46
  96.26020799999999 140.0 34
  96.644768 148.0 36
  97.982101 96.0 23
  98.047615 168.0 41
  98.08621199999999 128.0 31
  99.117111 160.0 39
  99.23483999999999 32.0 8
  99.54105399999999 96.0 23
  100.15876 64.0 16
  100.88023399999999 348.0 85
  101.04997999999999 164.0 40
  101.166473 88.0 21
  101.890732 216.0 52
  103.24800099999999 184.0 45
  104.05062099999999 4112.0 999
  104.28705599999999 140.0 34
  104.43358599999999 60.0 15
  105.79730199999999 88.0 21
  106.259384 212.0 52
  106.38529199999999 60.0 15
  106.949745 104.0 25
  106.96311999999999 216.0 52
  107.39759799999999 144.0 35
  107.63694799999999 296.0 72
  107.941193 136.0 33
  107.986176 132.0 32
  108.221313 136.0 33
  108.34919699999999 164.0 40
  108.635216 52.0 13
  109.49035599999999 52.0 13
  109.498482 168.0 41
  109.552849 232.0 56
  109.820122 244.0 59
  110.53178399999999 160.0 39
  110.76875299999999 132.0 32
  111.04467 848.0 206
  111.543922 48.0 12
  111.578644 132.0 32
  111.858612 364.0 88
  112.577576 84.0 20
  112.78465999999999 160.0 39
  113.619141 204.0 50
  113.714272 128.0 31
  114.05416899999999 160.0 39
  114.707664 72.0 17
  115.124252 216.0 52
  115.25151799999999 140.0 34
  115.508331 160.0 39
  115.544899 144.0 35
  115.670898 108.0 26
  115.699158 204.0 50
  115.853477 160.0 39
  116.99138599999999 84.0 20
  117.34992199999999 196.0 48
  117.359184 116.0 28
  117.802971 72.0 17
  118.33956099999999 56.0 14
  118.462288 184.0 45
  120.234482 120.0 29
  120.93821 416.0 101
  121.619141 192.0 47
  121.82292199999999 120.0 29
  121.972984 92.0 22
  122.750046 56.0 14
  123.403702 232.0 56
  124.455711 60.0 15
  124.4627 108.0 26
  124.677658 160.0 39
  125.100372 208.0 51
  125.267319 224.0 54
  125.575577 140.0 34
  125.82103 116.0 28
  126.24039499999999 140.0 34
  126.478416 124.0 30
  126.77490999999999 160.0 39
  127.15312999999999 140.0 34
  127.52004199999999 160.0 39
  127.692352 156.0 38
  128.061783 844.0 205
  128.45105 108.0 26
  128.97181700000002 136.0 33
  129.231659 340.0 83
  129.63986200000002 48.0 12
  130.27392600000002 276.0 67
  130.41746500000002 136.0 33
  130.72790500000002 128.0 31
  130.826859 384.0 93
  131.71812400000002 180.0 44
  132.07695 248.0 60
  132.754456 56.0 14
  133.16738900000001 156.0 38
  133.75314300000002 168.0 41
  133.85527000000002 172.0 42
  135.095596 188.0 46
  135.487244 184.0 45
  136.51464800000002 92.0 22
  136.715057 252.0 61
  137.170547 144.0 35
  137.195786 144.0 35
  138.034042 164.0 40
  138.625626 192.0 47
  139.398315 92.0 22
  139.93867500000002 148.0 36
  141.016556 124.0 30
  141.628113 88.0 21
  142.14965800000002 132.0 32
  143.072525 1164.0 283
  144.17802400000002 152.0 37
  145.09899900000002 275.622406 67
  145.34118700000002 112.0 27
  145.663513 148.0 36
  145.981613 64.0 16
  147.564392 156.0 38
  148.071732 808.0 196
  148.12381000000002 160.0 39
  148.256775 148.0 36
  148.483292 184.0 45
  148.964844 156.0 38
  149.27525300000002 136.0 33
  149.695007 172.0 42
  150.099396 144.0 35
  150.863617 220.0 53
  152.718704 148.0 36
  153.149643 180.0 44
  154.783264 112.0 27
  155.94845600000002 108.0 26
  158.045807 56.976109 14
  158.71077 148.0 36
  159.520111 144.0 35
  159.811493 204.0 50
  161.093018 264.0 64
  162.810272 16.366791 4
  163.292542 96.0 23
  163.691177 184.0 45
  164.781937 68.0 17
  165.41047700000001 180.0 44
  165.89595 56.0 14
  166.293747 184.0 45
  166.30152900000002 164.0 40
  166.70777900000002 80.0 19
  166.783432 220.0 53
  166.929199 96.0 23
  167.245346 376.0 91
  168.029694 128.0 31
  169.058929 160.0 39
  169.189285 272.0 66
  169.190887 104.0 25
  170.06663500000002 192.0 47
  170.121994 292.0 71
  170.44249000000002 136.0 33
  170.46005200000002 192.0 47
  171.51504500000001 136.0 33
  172.14828500000002 176.0 43
  172.71379100000001 160.0 39
  173.06616200000002 200.0 49
  173.113754 464.0 113
  173.33955400000002 104.0 25
  173.60887100000002 240.0 58
  173.745987 88.0 21
  174.141434 48.0 12
  176.33372500000002 404.0 98
  176.757751 172.0 42
  179.217468 84.0 20
  180.39389 160.0 39
  180.75882000000001 132.0 32
  181.09736600000002 504.0 122
  182.10668900000002 288.0 70
  182.217422 56.0 14
  182.25207500000002 88.0 21
  183.114441 164.0 40
  183.45695500000002 48.0 12
  183.52641300000002 204.0 50
  184.700928 9.721847 2
  185.625977 184.0 45
  186.208389 212.0 52
  186.442429 196.0 48
  188.062744 120.0 29
  188.20593300000002 168.0 41
  188.941406 120.0 29
  189.181274 48.0 12
  190.21275300000002 44.0 11
  190.48353600000002 620.0 151
  190.56332400000002 68.0 17
  191.502472 100.0 24
  193.120834 160.0 39
  193.90982100000002 152.0 37
  193.97885100000002 40.0 10
  194.072266 2644.0 642
  194.91149900000002 56.0 14
  195.048599 64.0 16
  195.94429 280.0 68
  198.153442 172.0 42
  199.224548 144.0 35
  199.357727 160.0 39
  199.357773 168.0 41
  201.67266800000002 84.0 20
  201.813446 160.0 39
  204.13943500000002 168.0 41
  204.882797 18.782101 5
  205.045242 148.0 36
  205.793686 204.0 50
  206.363876 56.0 14
  207.103668 2532.0 615
  207.18124400000002 124.0 30
  207.30273400000002 416.0 101
  210.105881 248.0 60
  210.633453 108.0 26
  210.961975 176.0 43
  211.604645 48.0 12
  212.337723 80.0 19
  212.567429 208.0 51
  213.290695 84.0 20
  213.460449 60.0 15
  214.13829 348.0 85
//
