ACCESSION: CCMSLIB00000078259
RECORD_TITLE: decoy
DATE: 2015.11.20
AUTHORS: Administrator
LICENSE: CC BY-SA
CH$NAME: decoy
CH$COMPOUND_CLASS: Natural Product
CH$FORMULA: C21H25N
CH$EXACT_MASS: 291.19869980000004
CH$SMILES: N/A
CH$IUPAC: decoy
CH$LINK: N/A
AC$INSTRUMENT: decoy
AC$INSTRUMENT_TYPE: decoy
AC$MASS_SPECTROMETRY: MS_TYPE MS2
AC$MASS_SPECTROMETRY: ION_MODE POSITIVE
AC$MASS_SPECTROMETRY: COLLISION_ENERGY 10 V
MS$FOCUSED_ION: PRECURSOR_M/Z 292
MS$FOCUSED_ION: PRECURSOR_TYPE [M+H]+
PK$NUM_PEAK: 3583
PK$PEAK: m/z int. rel.int.
  26.052339 140.0 0
  45.20488 176.0 0
  45.228386 208.0 0
  45.297199 216.0 0
  45.356792 140.0 0
  45.418926 184.0 0
  45.484127 200.0 0
  45.702492 156.0 0
  45.834187 240.0 0
  45.945763 184.0 0
  46.012428 168.0 0
  46.020351 180.0 0
  46.060909 208.0 0
  46.201260000000005 56.0 0
  46.259628 120.0 0
  46.276776 132.0 0
  46.328568000000004 180.0 0
  46.353222 144.0 0
  46.372475 188.0 0
  46.393311000000004 80.0 0
  46.455780000000004 152.0 0
  46.508812 92.0 0
  46.52058 144.0 0
  46.523056000000004 252.0 0
  46.589165 76.0 0
  46.624149 216.0 0
  46.666161 160.0 0
  46.675499 152.0 0
  46.881973 32.0 0
  46.932331000000005 52.0 0
  46.939362 124.0 0
  47.096802000000004 112.0 0
  47.192341 172.0 0
  47.203472000000005 172.0 0
  47.21777 184.0 0
  47.226727000000004 60.0 0
  47.31826 176.0 0
  47.385784 176.0 0
  47.408424000000004 56.0 0
  47.454697 200.0 0
  47.466236 40.0 0
  47.480255 120.0 0
  47.563023 152.0 0
  47.563828 144.0 0
  47.604237000000005 256.0 0
  47.627331 180.0 0
  47.680325 160.0 0
  47.686203 208.0 0
  47.732651000000004 176.0 0
  47.73568 116.0 0
  47.760078 140.0 0
  47.801483000000005 264.0 0
  47.963570000000004 132.0 0
  48.016083 108.0 0
  48.035591000000004 152.0 0
  48.063507 180.0 0
  48.31321 196.0 0
  48.319496 148.0 0
  48.572849000000005 220.0 0
  48.628723 252.0 0
  48.680939 164.0 0
  48.69701 172.0 0
  48.968124 184.0 0
  49.073658 216.0 0
  49.097168 196.0 0
  49.102459 184.0 0
  49.117229 196.0 0
  49.164215 132.0 0
  49.214409 164.0 0
  49.323822 120.0 0
  49.349976 172.0 0
  49.565987 156.0 0
  49.59071 176.0 0
  49.749485 200.0 0
  49.776012 96.0 0
  49.784111 144.0 0
  49.793427 180.0 0
  49.875393 160.0 0
  49.892002 348.0 0
  49.949543 172.0 0
  50.145306000000005 176.0 0
  50.276745 244.0 0
  50.286095 172.0 0
  50.463272 60.0 0
  50.47073 140.0 0
  50.704952 148.0 0
  50.713638 184.0 0
  50.738255 172.0 0
  50.795128 152.0 0
  50.818478 148.0 0
  50.891872 168.0 0
  51.071381 208.0 0
  51.132778 200.0 0
  51.143887 152.0 0
  51.165966000000004 148.0 0
  51.2827 100.0 0
  51.396988 188.0 0
  51.522591 152.0 0
  51.564552 208.0 0
  51.591835 164.0 0
  51.630814 196.0 0
  51.756863 184.0 0
  51.770145 108.0 0
  51.772564 152.0 0
  51.789345000000004 156.0 0
  51.796455 192.0 0
  51.845985 236.0 0
  51.856236 172.0 0
  51.868008 212.0 0
  52.094376000000004 156.0 0
  52.145527 204.0 0
  52.172344 200.0 0
  52.186249000000004 160.0 0
  52.354015000000004 124.0 0
  52.398548 176.0 0
  52.424278 124.0 0
  52.508076 72.0 0
  52.533089000000004 112.0 0
  52.558029000000005 100.0 0
  52.582756 104.0 0
  52.688564 156.0 0
  52.76944 172.0 0
  52.790600000000005 152.0 0
  52.838921 136.0 0
  52.887779 136.0 0
  52.971668 196.0 0
  52.975166 216.0 0
  53.284958 144.0 0
  53.450562000000005 172.0 0
  53.522762 264.0 0
  53.528522 188.0 0
  53.651581 136.0 0
  53.65345 168.0 0
  53.720573 264.0 0
  53.785313 204.0 0
  54.06192 60.0 0
  54.071362 32.0 0
  54.268105 168.0 0
  54.270924 160.0 0
  54.314419 136.0 0
  54.349392 188.0 0
  54.356232 152.0 0
  54.427574 180.0 0
  54.531765 152.0 0
  54.659435 172.0 0
  54.678913 84.0 0
  54.724854 280.0 0
  54.782948000000005 124.0 0
  54.868031 120.0 0
  54.927795 180.0 0
  55.079598000000004 260.0 0
  55.169357 148.0 0
  55.17981 180.0 0
  55.245693 160.0 0
  55.264805 104.0 0
  55.317635 176.0 0
  55.428696 88.0 0
  55.516232 72.0 0
  55.561695 124.0 0
  55.60918 40.0 0
  55.637913000000005 148.0 0
  55.679253 132.0 0
  55.819641000000004 72.0 0
  55.903980000000004 184.0 0
  55.910122 112.0 0
  56.018623 144.0 0
  56.07674 148.0 0
  56.157928 152.0 0
  56.181335000000004 192.0 0
  56.444309000000004 160.0 0
  56.457932 376.0 0
  56.633167 172.0 0
  56.640576 160.0 0
  56.647423 108.0 0
  56.673309 192.0 0
  56.777786 196.0 0
  56.833862 164.0 0
  56.844578 152.0 0
  56.852531 132.0 0
  56.898132000000004 348.0 0
  56.89859 132.0 0
  56.905987 176.0 0
  56.925499 188.0 0
  56.98077 180.0 0
  56.999508 188.0 0
  57.121590000000005 188.0 0
  57.17033 168.0 0
  57.307896 164.0 0
  57.322838000000004 144.0 0
  57.358837 152.0 0
  57.492516 188.0 0
  57.546684 124.0 0
  57.638725 188.0 0
  57.665318 156.0 0
  57.670403 192.0 0
  57.7034 200.0 0
  57.822239 232.0 0
  57.952362 232.0 0
  58.031597000000005 176.0 0
  58.149174 172.0 0
  58.170498 220.0 0
  58.184311 124.0 0
  58.189034 180.0 0
  58.234142 160.0 0
  58.238663 128.0 0
  58.247738 188.0 0
  58.277344 172.0 0
  58.290382 108.0 0
  58.307358 48.0 0
  58.356926 168.0 0
  58.471939 136.0 0
  58.576809000000004 68.0 0
  58.608929 52.0 0
  58.624645 136.0 0
  58.663185 180.0 0
  58.680107 172.0 0
  58.756519000000004 164.0 0
  58.75806 252.0 0
  58.770439 72.0 0
  58.87035 172.0 0
  58.897545 168.0 0
  58.978024000000005 140.0 0
  59.038956 80.0 0
  59.048759000000004 348.0 0
  59.072662 104.0 0
  59.154545 204.0 0
  59.333870000000005 172.0 0
  59.34161 208.0 0
  59.354134 216.0 0
  59.644184 284.0 0
  59.731327 108.0 0
  59.777527 152.0 0
  59.849346000000004 180.0 0
  59.943546000000005 128.0 0
  59.971531 180.0 0
  60.075825 284.0 0
  60.089218 52.0 0
  60.092583000000005 124.0 0
  60.10664 248.0 0
  60.349323 144.0 0
  60.434319 164.0 0
  60.453541 204.0 0
  60.546658 164.0 0
  60.606312 148.0 0
  60.696644 204.0 0
  60.818077 168.0 0
  60.867516 168.0 0
  60.95134 196.0 0
  61.000458 324.0 0
  61.013958 152.0 0
  61.124859 196.0 0
  61.184391 152.0 0
  61.504635 216.0 0
  61.543133000000005 200.0 0
  61.654831 68.0 0
  61.76543 164.0 0
  62.0369 196.0 0
  62.045635000000004 212.0 0
  62.171513000000004 164.0 0
  62.289215 128.0 0
  62.313129 120.0 0
  62.349945 128.0 0
  62.356548000000004 216.0 0
  62.888798 124.0 0
  62.92226 168.0 0
  62.94791 164.0 0
  63.131889 144.0 0
  63.174931 256.0 0
  63.21999 184.0 0
  63.292229 128.0 0
  63.34679 356.0 0
  63.363636 0.0 0
  63.400211 64.0 0
  63.441547 112.0 0
  63.485836 116.0 0
  63.580982 212.0 0
  63.648354000000005 120.0 0
  63.69397 176.0 0
  63.809628000000004 148.0 0
  63.946732000000004 176.0 0
  64.045807 208.0 0
  64.07605 188.0 0
  64.261909 196.0 0
  64.270325 72.0 0
  64.272545 148.0 0
  64.339203 152.0 0
  64.411774 240.0 0
  64.426132 168.0 0
  64.434319 164.0 0
  64.467201 124.0 0
  64.480392 220.0 0
  64.60524 160.0 0
  64.747246 200.0 0
  64.791573 164.0 0
  64.89681999999999 200.0 0
  64.92823 220.0 0
  64.93914 176.0 0
  64.989944 180.0 0
  65.040146 124.0 0
  65.20395699999999 156.0 0
  65.40248899999999 216.0 0
  65.485405 172.0 0
  65.59080499999999 116.0 0
  65.667656 252.0 0
  65.828476 184.0 0
  65.833496 124.0 0
  65.97728699999999 104.0 0
  65.99059299999999 216.0 0
  66.09513899999999 140.0 0
  66.192207 212.0 0
  66.217018 200.0 0
  66.29620399999999 152.0 0
  66.445122 124.0 0
  66.509277 180.0 0
  66.623611 176.0 0
  66.66954799999999 204.0 0
  66.717232 140.0 0
  66.730263 104.0 0
  66.804161 176.0 0
  66.85634599999999 108.0 0
  66.871056 200.0 0
  67.015671 172.0 0
  67.02896899999999 208.0 0
  67.048897 144.0 0
  67.199867 268.0 0
  67.288979 184.0 0
  67.375153 100.0 0
  67.444672 132.0 0
  67.59358999999999 88.0 0
  67.601395 116.0 0
  67.61872899999999 200.0 0
  67.82262399999999 200.0 0
  67.918922 152.0 0
  67.94330599999999 212.0 0
  67.98074299999999 168.0 0
  67.987495 244.0 0
  68.02759599999999 152.0 0
  68.058319 256.0 0
  68.096802 200.0 0
  68.265968 156.0 0
  68.269745 176.0 0
  68.32517999999999 176.0 0
  68.357132 184.0 0
  68.441093 144.0 0
  68.610092 164.0 0
  68.61186199999999 108.0 0
  68.65098599999999 140.0 0
  68.688324 148.0 0
  68.844276 48.0 0
  68.897736 224.0 0
  68.977989 192.0 0
  69.06597099999999 208.0 0
  69.10031099999999 140.0 0
  69.144325 184.0 0
  69.308914 168.0 0
  69.38278199999999 148.0 0
  69.38514699999999 116.0 0
  69.49613199999999 204.0 0
  69.640869 152.0 0
  69.731331 176.0 0
  69.823105 168.0 0
  69.999512 128.0 0
  70.201408 140.0 0
  70.233307 180.0 0
  70.451775 156.0 0
  70.453903 128.0 0
  70.59395599999999 200.0 0
  70.72219799999999 176.0 0
  70.762817 152.0 0
  70.782906 148.0 0
  70.80354299999999 148.0 0
  70.965187 56.0 0
  71.09419299999999 84.0 0
  71.11540199999999 184.0 0
  71.22608199999999 136.0 0
  71.324303 192.0 0
  71.501007 124.0 0
  71.65658599999999 116.0 0
  71.77134699999999 224.0 0
  71.772247 116.0 0
  71.86812599999999 88.0 0
  72.08249699999999 156.0 0
  72.21816299999999 116.0 0
  72.401978 180.0 0
  72.59446 260.0 0
  72.61138199999999 148.0 0
  72.68230399999999 140.0 0
  72.70665699999999 188.0 0
  72.740028 52.0 0
  72.76491499999999 176.0 0
  72.79598999999999 292.0 0
  72.811295 140.0 0
  72.86610399999999 260.0 0
  72.903313 132.0 0
  72.96758299999999 156.0 0
  72.994057 176.0 0
  73.016617 124.0 0
  73.307991 220.0 0
  73.309502 144.0 0
  73.37139099999999 144.0 0
  73.38458299999999 144.0 0
  73.420975 92.0 0
  73.460442 148.0 0
  73.47853099999999 136.0 0
  73.568382 396.0 0
  73.623376 144.0 0
  73.638527 152.0 0
  73.663246 104.0 0
  73.682465 160.0 0
  73.779648 84.0 0
  73.88204999999999 60.0 0
  73.88905299999999 232.0 0
  74.067528 156.0 0
  74.072327 108.0 0
  74.11741599999999 244.0 0
  74.265396 192.0 0
  74.30609899999999 148.0 0
  74.375046 216.0 0
  74.46874299999999 248.0 0
  74.488388 124.0 0
  74.511703 264.0 0
  74.552719 44.0 0
  74.580399 228.0 0
  74.605629 136.0 0
  74.84157599999999 156.0 0
  74.915337 92.0 0
  75.006042 188.0 0
  75.01947 156.0 0
  75.05348199999999 172.0 0
  75.203812 132.0 0
  75.342659 72.0 0
  75.37735699999999 100.0 0
  75.424774 80.0 0
  75.44248999999999 148.0 0
  75.476295 120.0 0
  75.563789 176.0 0
  75.577637 180.0 0
  75.792068 176.0 0
  75.84629799999999 164.0 0
  75.89263899999999 208.0 0
  76.028893 104.0 0
  76.109444 184.0 0
  76.173042 192.0 0
  76.190125 76.0 0
  76.229721 220.0 0
  76.25428799999999 152.0 0
  76.28055599999999 184.0 0
  76.285889 184.0 0
  76.33058899999999 120.0 0
  76.4114 232.0 0
  76.416618 212.0 0
  76.53652199999999 180.0 0
  76.54742399999999 180.0 0
  76.557198 152.0 0
  76.68481399999999 216.0 0
  76.751289 132.0 0
  76.759239 120.0 0
  76.77758 172.0 0
  76.851349 196.0 0
  76.86780499999999 176.0 0
  76.86985 168.0 0
  76.97080199999999 96.0 0
  77.09484099999999 176.0 0
  77.10634599999999 156.0 0
  77.29369399999999 176.0 0
  77.356918 140.0 0
  77.42804699999999 192.0 0
  77.518547 148.0 0
  77.57498899999999 208.0 0
  77.59247599999999 200.0 0
  77.649895 240.0 0
  77.688065 112.0 0
  77.74781 120.0 0
  77.87404599999999 168.0 0
  77.951675 164.0 0
  77.955002 156.0 0
  78.001617 236.0 0
  78.02267499999999 220.0 0
  78.118416 128.0 0
  78.305962 184.0 0
  78.348587 212.0 0
  78.37012499999999 44.0 0
  78.479744 172.0 0
  78.728714 156.0 0
  78.862991 172.0 0
  79.23123199999999 164.0 0
  79.28461499999999 324.0 0
  79.354507 156.0 0
  79.538879 124.0 0
  79.99788699999999 212.0 0
  80.173515 204.0 0
  80.25593599999999 248.0 0
  80.26615899999999 52.0 0
  80.283791 180.0 0
  80.540977 144.0 0
  80.54414399999999 188.0 0
  80.64055599999999 168.0 0
  80.65463299999999 212.0 0
  80.684624 164.0 0
  80.69435899999999 224.0 0
  80.731544 156.0 0
  80.781448 168.0 0
  80.826813 140.0 0
  80.829231 144.0 0
  80.84406299999999 172.0 0
  80.88962599999999 148.0 0
  80.897843 112.0 0
  80.946304 160.0 0
  80.982506 192.0 0
  81.069374 356.0 0
  81.125175 140.0 0
  81.153297 148.0 0
  81.18364 96.0 0
  81.408852 164.0 0
  81.43978899999999 168.0 0
  81.49430799999999 100.0 0
  81.529823 236.0 0
  81.61623399999999 144.0 0
  81.618713 120.0 0
  81.622215 208.0 0
  81.627068 52.0 0
  81.654968 148.0 0
  81.69047499999999 160.0 0
  81.709396 164.0 0
  81.79762299999999 148.0 0
  81.829849 208.0 0
  81.84069099999999 108.0 0
  81.900787 212.0 0
  81.917969 132.0 0
  82.329506 96.0 0
  82.397469 140.0 0
  82.39913899999999 156.0 0
  82.40128299999999 156.0 0
  82.415527 108.0 0
  82.50254799999999 164.0 0
  82.52257499999999 132.0 0
  82.540848 180.0 0
  82.587898 172.0 0
  82.622177 188.0 0
  82.76055099999999 120.0 0
  82.763206 200.0 0
  82.77741999999999 176.0 0
  82.83043699999999 208.0 0
  82.86264 212.0 0
  82.86531099999999 180.0 0
  82.890846 168.0 0
  82.897415 144.0 0
  82.901299 160.0 0
  82.96468399999999 140.0 0
  83.02977899999999 156.0 0
  83.05326799999999 116.0 0
  83.08358799999999 204.0 0
  83.11994899999999 124.0 0
  83.144638 156.0 0
  83.192459 208.0 0
  83.24691 236.0 0
  83.31195799999999 196.0 0
  83.320152 196.0 0
  83.37752499999999 160.0 0
  83.40435 172.0 0
  83.461029 216.0 0
  83.61451699999999 148.0 0
  83.638115 188.0 0
  83.939819 188.0 0
  84.06552099999999 168.0 0
  84.08734899999999 144.0 0
  84.30627399999999 224.0 0
  84.395241 72.0 0
  84.41010299999999 184.0 0
  84.425766 132.0 0
  84.464851 196.0 0
  84.56295 164.0 0
  84.57217399999999 188.0 0
  84.609276 100.0 0
  84.621651 84.0 0
  84.650887 176.0 0
  84.709679 144.0 0
  84.758827 84.0 0
  84.766869 444.0 0
  84.902664 196.0 0
  84.996185 144.0 0
  85.041748 156.0 0
  85.181755 148.0 0
  85.23318499999999 188.0 0
  85.26836399999999 136.0 0
  85.32712599999999 300.0 0
  85.415375 144.0 0
  85.42815399999999 132.0 0
  85.464272 148.0 0
  85.50479899999999 204.0 0
  85.52611499999999 140.0 0
  85.645271 160.0 0
  85.682121 48.0 0
  85.715103 220.0 0
  85.71917699999999 124.0 0
  85.91053 248.0 0
  85.92186 164.0 0
  85.992081 188.0 0
  86.13767999999999 152.0 0
  86.262886 104.0 0
  86.316116 160.0 0
  86.394638 160.0 0
  86.557938 100.0 0
  86.56085999999999 176.0 0
  86.623627 148.0 0
  86.66130799999999 184.0 0
  86.802849 236.0 0
  87.095123 284.0 0
  87.16725199999999 124.0 0
  87.309998 144.0 0
  87.355339 124.0 0
  87.36292999999999 164.0 0
  87.39881899999999 192.0 0
  87.42459099999999 152.0 0
  87.435402 120.0 0
  87.46050299999999 164.0 0
  87.497025 216.0 0
  87.49969499999999 160.0 0
  87.55562599999999 120.0 0
  87.594978 84.0 0
  87.634529 128.0 0
  87.713112 176.0 0
  87.737015 180.0 0
  87.770096 168.0 0
  88.00218199999999 144.0 0
  88.20865599999999 164.0 0
  88.23660299999999 140.0 0
  88.397751 228.0 0
  88.433105 152.0 0
  88.61531799999999 164.0 0
  88.665359 272.0 0
  89.067184 144.0 0
  89.21863599999999 144.0 0
  89.273575 148.0 0
  89.306595 196.0 0
  89.34375 220.0 0
  89.364021 160.0 0
  89.41188799999999 184.0 0
  89.44886799999999 128.0 0
  89.54390699999999 176.0 0
  89.71781899999999 144.0 0
  90.036942 280.0 0
  90.13266 184.0 0
  90.423965 172.0 0
  90.43215199999999 96.0 0
  90.458199 112.0 0
  90.47771499999999 160.0 0
  90.539429 196.0 0
  90.58590699999999 140.0 0
  90.75660699999999 200.0 0
  90.757767 120.0 0
  90.769943 128.0 0
  90.79345699999999 184.0 0
  90.961754 156.0 0
  91.02810699999999 184.0 0
  91.05532799999999 1572.0 1
  91.056686 192.0 0
  91.168121 180.0 0
  91.195679 144.0 0
  91.35093699999999 176.0 0
  91.422691 124.0 0
  91.47097799999999 212.0 0
  91.49093599999999 56.0 0
  91.70380399999999 172.0 0
  91.71076199999999 68.0 0
  91.75495099999999 180.0 0
  91.883522 148.0 0
  92.04025299999999 204.0 0
  92.06742899999999 328.0 0
  92.12094099999999 280.0 0
  92.122391 220.0 0
  92.215858 144.0 0
  92.31034899999999 184.0 0
  92.417076 200.0 0
  92.50613399999999 128.0 0
  92.56751299999999 128.0 0
  92.67176099999999 44.0 0
  92.712059 108.0 0
  92.747833 56.0 0
  92.934418 164.0 0
  93.055595 568.0 0
  93.103264 136.0 0
  93.212204 112.0 0
  93.68212899999999 224.0 0
  93.690315 168.0 0
  93.71779599999999 148.0 0
  93.734085 164.0 0
  93.853798 172.0 0
  93.966545 64.0 0
  94.064476 684.0 0
  94.090874 192.0 0
  94.10378299999999 144.0 0
  94.12823499999999 148.0 0
  94.20513199999999 100.0 0
  94.21127299999999 152.0 0
  94.277176 144.0 0
  94.30762499999999 164.0 0
  94.324112 164.0 0
  94.39192999999999 216.0 0
  94.454529 164.0 0
  94.463005 52.0 0
  94.573212 124.0 0
  94.68090799999999 200.0 0
  94.88448299999999 196.0 0
  94.947853 164.0 0
  94.96981 168.0 0
  94.988525 136.0 0
  94.993484 156.0 0
  95.00924699999999 216.0 0
  95.021118 60.0 0
  95.087273 412.0 0
  95.10314899999999 96.0 0
  95.14553099999999 100.0 0
  95.156593 180.0 0
  95.245522 224.0 0
  95.34790799999999 176.0 0
  95.393356 144.0 0
  95.411102 196.0 0
  95.418983 188.0 0
  95.455666 216.0 0
  95.528801 60.0 0
  95.553581 204.0 0
  95.57251 200.0 0
  95.613159 216.0 0
  95.63068399999999 52.0 0
  95.67349999999999 188.0 0
  95.69725799999999 192.0 0
  95.703453 172.0 0
  95.723396 32.0 0
  95.72644799999999 244.0 0
  95.732597 228.0 0
  95.742302 104.0 0
  95.774384 108.0 0
  95.80471 200.0 0
  95.863205 68.0 0
  96.038933 160.0 0
  96.039017 96.0 0
  96.06266799999999 136.0 0
  96.08135999999999 188.0 0
  96.21013599999999 80.0 0
  96.25823199999999 208.0 0
  96.29006199999999 144.0 0
  96.324333 184.0 0
  96.328903 88.0 0
  96.42914599999999 136.0 0
  96.448471 208.0 0
  96.44938699999999 196.0 0
  96.455963 172.0 0
  96.509018 112.0 0
  96.52822099999999 208.0 0
  96.576065 180.0 0
  96.630951 132.0 0
  96.639282 184.0 0
  96.650719 100.0 0
  96.74063899999999 368.0 0
  96.76252699999999 168.0 0
  96.763245 48.0 0
  96.77349099999999 200.0 0
  96.807373 180.0 0
  96.807487 160.0 0
  96.81623099999999 124.0 0
  97.08080299999999 148.0 0
  97.085922 340.0 0
  97.08783 348.0 0
  97.17386599999999 264.0 0
  97.212105 184.0 0
  97.243805 88.0 0
  97.295868 188.0 0
  97.32376099999999 76.0 0
  97.358559 220.0 0
  97.39154099999999 40.0 0
  97.396042 184.0 0
  97.40830199999999 212.0 0
  97.51383999999999 208.0 0
  97.68389099999999 292.0 0
  97.68833199999999 144.0 0
  97.77822099999999 168.0 0
  97.860687 140.0 0
  97.95599399999999 72.0 0
  97.97277799999999 168.0 0
  97.985497 92.0 0
  98.043076 156.0 0
  98.069649 216.0 0
  98.09635899999999 160.0 0
  98.09722199999999 44.0 0
  98.12171199999999 120.0 0
  98.220879 212.0 0
  98.29560099999999 76.0 0
  98.358978 156.0 0
  98.36486099999999 204.0 0
  98.548447 168.0 0
  98.57133499999999 144.0 0
  98.61910999999999 216.0 0
  98.679329 140.0 0
  98.68036699999999 128.0 0
  98.73904399999999 96.0 0
  98.75083199999999 156.0 0
  98.76306899999999 96.0 0
  98.78089899999999 184.0 0
  98.78553 124.0 0
  98.834244 116.0 0
  98.891426 104.0 0
  98.899895 184.0 0
  98.909431 64.0 0
  98.91171999999999 188.0 0
  98.93678299999999 172.0 0
  99.002838 84.0 0
  99.03343299999999 192.0 0
  99.099953 5836.0 3
  99.10058599999999 152.0 0
  99.108345 156.0 0
  99.13977799999999 172.0 0
  99.146729 144.0 0
  99.16483299999999 200.0 0
  99.193176 124.0 0
  99.352272 164.0 0
  99.358902 108.0 0
  99.37011 208.0 0
  99.380928 224.0 0
  99.398506 388.0 0
  99.44020099999999 144.0 0
  99.457909 188.0 0
  99.48627499999999 208.0 0
  99.53834499999999 132.0 0
  99.592033 164.0 0
  99.595047 176.0 0
  99.626663 260.0 0
  99.697594 148.0 0
  99.737404 136.0 0
  99.76321399999999 84.0 0
  99.788162 176.0 0
  99.838005 188.0 0
  99.915031 280.0 0
  99.96971099999999 164.0 0
  99.989098 144.0 0
  99.99407199999999 132.0 0
  100.004044 136.0 0
  100.04006199999999 160.0 0
  100.05294099999999 148.0 0
  100.08505199999999 204.0 0
  100.113068 160.0 0
  100.19427499999999 10.44114 0
  100.20477299999999 256.0 0
  100.22132099999999 196.0 0
  100.24475899999999 160.0 0
  100.25833899999999 168.0 0
  100.27216299999999 116.0 0
  100.278618 232.0 0
  100.386192 152.0 0
  100.406898 232.0 0
  100.521774 116.0 0
  100.545341 144.0 0
  100.59157599999999 140.0 0
  100.622284 136.0 0
  100.70288099999999 172.0 0
  100.80362699999999 5.213334 0
  100.81678799999999 188.0 0
  100.83429699999999 88.0 0
  100.91397099999999 156.0 0
  100.934677 188.0 0
  100.95236999999999 160.0 0
  101.002113 252.0 0
  101.02368899999999 144.0 0
  101.081604 172.0 0
  101.09518399999999 44.0 0
  101.16619899999999 176.0 0
  101.176926 140.0 0
  101.189796 168.0 0
  101.225037 28.0 0
  101.258224 120.0 0
  101.273758 128.0 0
  101.289886 72.0 0
  101.348305 200.0 0
  101.381622 144.0 0
  101.423149 136.0 0
  101.441178 188.0 0
  101.595627 176.0 0
  101.718773 140.0 0
  101.789368 244.0 0
  101.80660999999999 104.0 0
  101.957214 132.0 0
  101.963287 136.0 0
  101.99565899999999 120.0 0
  101.997017 152.0 0
  102.05133099999999 168.0 0
  102.05834999999999 212.0 0
  102.095253 172.0 0
  102.13046999999999 48.0 0
  102.193642 240.0 0
  102.194931 80.0 0
  102.20657299999999 56.0 0
  102.27495599999999 268.0 0
  102.305145 108.0 0
  102.305939 308.0 0
  102.315125 160.0 0
  102.38424699999999 368.0 0
  102.40253399999999 148.0 0
  102.418938 156.0 0
  102.468987 200.0 0
  102.47056599999999 220.0 0
  102.475822 88.0 0
  102.48226199999999 208.0 0
  102.569435 248.0 0
  102.63645899999999 184.0 0
  102.65594499999999 192.0 0
  102.67027999999999 68.0 0
  102.756165 80.0 0
  102.766335 156.0 0
  102.901917 196.0 0
  102.94574 72.0 0
  102.971581 112.0 0
  102.973991 168.0 0
  103.03173799999999 128.0 0
  103.05583999999999 360.0 0
  103.09726699999999 248.0 0
  103.138229 132.0 0
  103.14300499999999 60.0 0
  103.19856999999999 96.0 0
  103.25882 96.0 0
  103.427887 188.0 0
  103.43590499999999 96.0 0
  103.54525 160.0 0
  103.553078 208.0 0
  103.77198 148.0 0
  103.815079 132.0 0
  103.83994299999999 92.0 0
  103.84911299999999 124.0 0
  103.94768499999999 120.0 0
  103.969887 148.0 0
  103.999275 188.0 0
  104.031898 184.0 0
  104.05710599999999 1416.0 1
  104.13793899999999 296.0 0
  104.19271099999999 172.0 0
  104.20260599999999 160.0 0
  104.24005899999999 56.0 0
  104.252319 132.0 0
  104.286453 200.0 0
  104.29100799999999 152.0 0
  104.31747399999999 164.0 0
  104.32534 192.0 0
  104.33964499999999 216.0 0
  104.363434 60.0 0
  104.37763199999999 72.0 0
  104.470512 136.0 0
  104.510391 148.0 0
  104.527046 188.0 0
  104.58170299999999 80.0 0
  104.68096899999999 152.0 0
  104.712654 148.0 0
  104.71625499999999 188.0 0
  104.79626499999999 144.0 0
  104.798615 120.0 0
  105.00141099999999 164.0 0
  105.03726999999999 164.0 0
  105.071472 440.0 0
  105.112968 7.268518 0
  105.12553399999999 188.0 0
  105.136162 40.0 0
  105.202843 60.0 0
  105.343803 112.0 0
  105.34526799999999 160.0 0
  105.38115699999999 124.0 0
  105.39349399999999 40.0 0
  105.45792399999999 12.34722 0
  105.48629799999999 216.0 0
  105.56137799999999 180.0 0
  105.59011799999999 104.0 0
  105.64475999999999 184.0 0
  105.65265699999999 136.0 0
  105.76413 168.0 0
  105.777351 64.0 0
  105.789909 208.0 0
  105.789948 180.0 0
  105.815636 176.0 0
  105.842064 36.0 0
  105.85601 124.0 0
  105.860703 204.0 0
  105.917259 88.0 0
  106.02797699999999 120.0 0
  106.028503 5664.0 3
  106.045418 744.0 0
  106.09743499999999 164.0 0
  106.098602 196.0 0
  106.214439 160.0 0
  106.347366 148.0 0
  106.420486 112.0 0
  106.45906099999999 156.0 0
  106.46470599999999 116.0 0
  106.488731 128.0 0
  106.594078 140.0 0
  106.89514199999999 196.0 0
  106.945038 164.0 0
  106.961563 72.0 0
  106.991592 204.0 0
  106.99376699999999 180.0 0
  106.994354 652.0 0
  107.009712 168.0 0
  107.01856199999999 244.0 0
  107.032944 236.0 0
  107.05223799999999 168.0 0
  107.068466 152.0 0
  107.085365 374.48999 0
  107.13134799999999 120.0 0
  107.246033 104.0 0
  107.285141 136.0 0
  107.30581699999999 212.0 0
  107.317268 108.0 0
  107.39383699999999 376.0 0
  107.47061199999999 48.0 0
  107.48494 52.0 0
  107.49285099999999 132.0 0
  107.51018499999999 272.0 0
  107.511681 148.0 0
  107.552048 5.796113 0
  107.56356799999999 128.0 0
  107.57609599999999 384.0 0
  107.669128 248.0 0
  107.800659 192.0 0
  107.826042 148.0 0
  107.83466299999999 144.0 0
  107.89611099999999 156.0 0
  108.04139699999999 188.0 0
  108.08061199999999 1384.0 1
  108.09318499999999 160.0 0
  108.185379 44.0 0
  108.277519 176.0 0
  108.28714 140.0 0
  108.342857 116.0 0
  108.373047 108.0 0
  108.445816 144.0 0
  108.463242 124.0 0
  108.48683899999999 260.0 0
  108.508522 152.0 0
  108.52418499999999 164.0 0
  108.76679999999999 216.0 0
  108.769241 148.0 0
  108.840454 160.0 0
  108.988693 172.0 0
  109.00285299999999 128.0 0
  109.029564 364.0 0
  109.07558399999999 2116.0 1
  109.117554 204.0 0
  109.265076 196.0 0
  109.30534399999999 128.0 0
  109.306221 440.0 0
  109.417107 96.0 0
  109.53935999999999 108.0 0
  109.556992 116.0 0
  109.64553099999999 160.0 0
  109.65367099999999 164.0 0
  109.789909 168.0 0
  109.812653 108.0 0
  109.856186 160.0 0
  109.86144999999999 168.0 0
  109.876663 196.0 0
  109.949715 164.0 0
  109.98904399999999 172.0 0
  110.001205 216.0 0
  110.013176 832.0 0
  110.09365799999999 92.0 0
  110.09735099999999 312.0 0
  110.15361 148.0 0
  110.446991 176.0 0
  110.472839 136.0 0
  110.473152 220.0 0
  110.504593 124.0 0
  110.523674 72.0 0
  110.612259 120.0 0
  110.68208299999999 220.0 0
  110.72084 144.0 0
  110.73101 180.0 0
  110.73531299999999 80.0 0
  110.75499699999999 104.0 0
  110.77793899999999 96.0 0
  110.832031 148.0 0
  110.835533 88.0 0
  111.035805 164.0 0
  111.091522 112.0 0
  111.12458 248.0 0
  111.185341 144.0 0
  111.210838 96.0 0
  111.24917599999999 120.0 0
  111.253609 132.0 0
  111.351265 136.0 0
  111.366035 164.0 0
  111.36683699999999 148.0 0
  111.436089 148.0 0
  111.44304699999999 180.0 0
  111.50342599999999 184.0 0
  111.546432 120.0 0
  111.548248 128.0 0
  111.765717 192.0 0
  111.82637799999999 152.0 0
  111.844307 192.0 0
  111.85481999999999 144.0 0
  111.889145 208.0 0
  111.895996 116.0 0
  111.90779099999999 160.0 0
  111.936691 116.0 0
  112.066757 156.0 0
  112.085037 152.0 0
  112.110886 1016.0 1
  112.172806 168.0 0
  112.181702 164.0 0
  112.185127 204.0 0
  112.199783 40.0 0
  112.23889199999999 156.0 0
  112.272858 156.0 0
  112.33082599999999 12.64722 0
  112.357689 224.0 0
  112.37355 188.0 0
  112.37561 92.0 0
  112.38842799999999 192.0 0
  112.44332899999999 148.0 0
  112.460037 124.0 0
  112.480125 144.0 0
  112.687737 244.0 0
  112.727234 200.0 0
  112.73020199999999 60.0 0
  112.73731199999999 96.0 0
  112.798256 116.0 0
  112.880478 204.0 0
  113.018929 220.0 0
  113.041298 96.0 0
  113.075851 872.0 0
  113.142395 140.0 0
  113.17586499999999 80.0 0
  113.205406 180.0 0
  113.221397 12.66793 0
  113.234253 316.0 0
  113.25031299999999 144.0 0
  113.269409 140.0 0
  113.286125 164.0 0
  113.30190999999999 144.0 0
  113.362282 212.0 0
  113.37952399999999 212.0 0
  113.45536 184.0 0
  113.495308 92.0 0
  113.49681899999999 3.504167 0
  113.50079299999999 104.0 0
  113.55393199999999 44.0 0
  113.56921399999999 140.0 0
  113.8339 53.575001 0
  113.848778 144.0 0
  113.90909599999999 0.683388 0
  113.91922 240.0 0
  113.945015 136.0 0
  113.969124 188.0 0
  114.03881799999999 200.0 0
  114.06275199999999 172.0 0
  114.064301 164.0 0
  114.20241499999999 172.0 0
  114.22301499999999 148.0 0
  114.258392 164.0 0
  114.26843299999999 180.0 0
  114.272728 0.005506 0
  114.341095 256.0 0
  114.35414899999999 140.0 0
  114.36314399999999 104.0 0
  114.449249 84.0 0
  114.491699 160.0 0
  114.495544 124.0 0
  114.542915 164.0 0
  114.55633499999999 132.0 0
  114.568321 132.0 0
  114.656441 140.0 0
  114.657799 112.0 0
  114.684547 104.0 0
  114.735237 176.0 0
  114.781364 172.0 0
  114.826538 80.0 0
  114.89729299999999 144.0 0
  114.924942 144.0 0
  114.982956 128.0 0
  115.09091199999999 0.0 0
  115.135567 204.0 0
  115.16834999999999 136.0 0
  115.179825 164.0 0
  115.20348399999999 184.0 0
  115.26289399999999 196.0 0
  115.42631499999999 224.0 0
  115.48847199999999 108.0 0
  115.50318899999999 256.0 0
  115.59944899999999 200.0 0
  115.65128299999999 324.0 0
  115.68010699999999 136.0 0
  115.80883 164.0 0
  115.87138399999999 152.0 0
  115.902069 204.0 0
  115.90207699999999 140.0 0
  116.013123 168.0 0
  116.09690099999999 116.0 0
  116.103737 124.0 0
  116.1745 128.0 0
  116.20326999999999 184.0 0
  116.22307599999999 156.0 0
  116.28671999999999 184.0 0
  116.289749 152.0 0
  116.328125 292.0 0
  116.33290099999999 168.0 0
  116.351295 212.0 0
  116.35464499999999 176.0 0
  116.36072499999999 160.0 0
  116.391212 100.0 0
  116.57405899999999 116.0 0
  116.575012 260.0 0
  116.627876 40.0 0
  116.62815099999999 260.0 0
  116.667076 204.0 0
  116.738045 220.0 0
  116.788467 148.0 0
  116.810745 140.0 0
  116.87108599999999 164.0 0
  117.00134299999999 204.0 0
  117.01403099999999 72.0 0
  117.058899 200.0 0
  117.06631499999999 144.0 0
  117.068474 312.0 0
  117.06850399999999 204.0 0
  117.114227 136.0 0
  117.13445999999999 316.0 0
  117.163795 148.0 0
  117.198059 72.0 0
  117.231628 176.0 0
  117.295403 140.0 0
  117.297607 276.0 0
  117.516701 112.0 0
  117.616661 44.0 0
  117.623718 140.0 0
  117.62561 60.0 0
  117.63424699999999 208.0 0
  117.647156 188.0 0
  117.764107 156.0 0
  117.77637499999999 168.0 0
  117.86083199999999 236.0 0
  117.874229 196.0 0
  117.88233899999999 148.0 0
  117.94124599999999 108.0 0
  118.026123 132.0 0
  118.04105399999999 156.0 0
  118.05283399999999 4340.0 2
  118.212547 64.0 0
  118.22108499999999 340.0 0
  118.29821799999999 236.0 0
  118.300011 21.70219 0
  118.309006 396.0 0
  118.33496099999999 176.0 0
  118.354385 108.0 0
  118.402664 312.0 0
  118.42961899999999 56.0 0
  118.554192 120.0 0
  118.59623699999999 204.0 0
  118.61985 224.0 0
  118.635933 164.0 0
  118.650345 72.0 0
  118.669304 128.0 0
  118.67433899999999 160.0 0
  118.705109 72.0 0
  118.729012 152.0 0
  118.73271199999999 100.0 0
  118.78980299999999 204.0 0
  118.819817 80.0 0
  118.830383 120.0 0
  118.83406099999999 148.0 0
  118.85801699999999 188.0 0
  118.896317 164.0 0
  118.951027 80.0 0
  119.01563999999999 184.0 0
  119.04774499999999 188.0 0
  119.05075099999999 204.0 0
  119.050873 728.0 0
  119.083733 132.0 0
  119.085213 348.0 0
  119.12164299999999 168.0 0
  119.13297299999999 156.0 0
  119.19557999999999 116.0 0
  119.22223699999999 76.0 0
  119.23951699999999 72.0 0
  119.33371 136.0 0
  119.35073899999999 184.0 0
  119.37461099999999 152.0 0
  119.414513 184.0 0
  119.447845 212.0 0
  119.46554599999999 172.0 0
  119.477386 148.0 0
  119.498825 160.0 0
  119.50405099999999 128.0 0
  119.579521 204.0 0
  119.677528 128.0 0
  119.721474 116.0 0
  119.72396099999999 72.0 0
  119.86857599999999 132.0 0
  119.90168 332.0 0
  119.98346699999999 148.0 0
  120.001465 168.0 0
  120.03519399999999 292.0 0
  120.03699499999999 144.0 0
  120.050354 172.0 0
  120.051773 104.0 0
  120.08434299999999 180.0 0
  120.096154 224.0 0
  120.096817 144.0 0
  120.101463 35.996189 0
  120.10621599999999 264.0 0
  120.107277 176.0 0
  120.176903 132.0 0
  120.217056 252.0 0
  120.253204 148.0 0
  120.31094399999999 176.0 0
  120.318314 144.0 0
  120.340538 160.0 0
  120.516853 148.0 0
  120.625862 308.0 0
  120.6287 196.0 0
  120.65786 216.0 0
  120.66154499999999 156.0 0
  120.668427 148.0 0
  120.70341499999999 116.0 0
  120.91527599999999 144.0 0
  121.012413 140.0 0
  121.226349 160.0 0
  121.254837 68.0 0
  121.341408 176.0 0
  121.40033 120.0 0
  121.49005899999999 168.0 0
  121.553024 156.0 0
  121.55367299999999 12.77844 0
  121.672333 192.0 0
  121.703621 100.0 0
  121.77128599999999 116.0 0
  121.827316 156.0 0
  121.886681 152.0 0
  121.934311 40.0 0
  121.948112 152.0 0
  121.988861 68.0 0
  122.004082 132.0 0
  122.021828 188.0 0
  122.064774 84.0 0
  122.06745099999999 308.0 0
  122.097214 148.0 0
  122.35687999999999 124.0 0
  122.464455 220.0 0
  122.512711 200.0 0
  122.559311 176.0 0
  122.59921999999999 60.0 0
  122.606972 68.0 0
  122.704849 176.0 0
  122.813683 132.0 0
  122.88506299999999 204.0 0
  122.943428 112.0 0
  122.99293499999999 68.0 0
  123.06562799999999 132.0 0
  123.098648 192.0 0
  123.114296 172.0 0
  123.176239 224.0 0
  123.180382 148.0 0
  123.218575 172.0 0
  123.23226199999999 172.0 0
  123.27302599999999 136.0 0
  123.284172 124.0 0
  123.29856099999999 148.0 0
  123.352921 160.0 0
  123.51128399999999 128.0 0
  123.51409899999999 176.0 0
  123.622231 172.0 0
  123.684196 156.0 0
  123.68841599999999 92.0 0
  123.716026 180.0 0
  123.778374 196.0 0
  123.82 172.0 0
  123.85535399999999 180.0 0
  123.884552 164.0 0
  123.91507 192.0 0
  123.943687 144.0 0
  123.957954 280.0 0
  123.97419699999999 136.0 0
  123.979614 112.0 0
  124.023575 220.0 0
  124.197746 220.0 0
  124.214714 140.0 0
  124.25337999999999 172.0 0
  124.25392199999999 140.0 0
  124.27817499999999 48.0 0
  124.498184 164.0 0
  124.520805 96.0 0
  124.544777 100.0 0
  124.608795 100.0 0
  124.623207 200.0 0
  124.764336 184.0 0
  124.807671 164.0 0
  124.851227 72.0 0
  124.95041699999999 124.0 0
  124.99851199999999 168.0 0
  125.005692 348.0 0
  125.09429899999999 248.0 0
  125.247475 20.612801 0
  125.27819799999999 136.0 0
  125.349617 160.0 0
  125.423119 108.0 0
  125.43974299999999 164.0 0
  125.459702 152.0 0
  125.50009899999999 132.0 0
  125.534363 104.0 0
  125.656776 192.0 0
  125.753548 192.0 0
  125.84994499999999 96.0 0
  125.89954399999999 164.0 0
  125.984093 88.0 0
  125.99847399999999 144.0 0
  126.012497 11992.0 6
  126.02894599999999 140.0 0
  126.115196 144.0 0
  126.13130199999999 124.0 0
  126.205902 70.103569 0
  126.22172499999999 200.0 0
  126.222511 44.0 0
  126.23366499999999 124.0 0
  126.337898 128.0 0
  126.370514 168.0 0
  126.378143 36.0 0
  126.43869799999999 180.0 0
  126.453499 60.0 0
  126.490715 156.0 0
  126.53926799999999 216.0 0
  126.542305 124.0 0
  126.56356799999999 216.0 0
  126.622261 100.0 0
  126.872192 164.0 0
  126.93691299999999 152.0 0
  126.945236 200.0 0
  126.97728699999999 156.0 0
  126.98848699999999 136.0 0
  127.018745 184.0 0
  127.05495499999999 180.0 0
  127.146339 56.0 0
  127.17796299999999 176.0 0
  127.18257899999999 204.0 0
  127.255028 340.0 0
  127.259659 204.0 0
  127.289627 136.0 0
  127.347725 68.0 0
  127.35488099999999 208.0 0
  127.44232199999999 164.0 0
  127.47006999999999 60.0 0
  127.52399399999999 104.0 0
  127.545097 172.0 0
  127.54515099999999 244.0 0
  127.57176199999999 92.0 0
  127.71633899999999 180.0 0
  127.74110399999999 84.0 0
  127.81195799999999 168.0 0
  127.81366 192.0 0
  127.82116699999999 196.0 0
  127.82212799999999 112.0 0
  127.927917 64.0 0
  127.96954299999999 164.0 0
  128.003983 148.0 0
  128.004364 180.0 0
  128.005615 51.022018 0
  128.138733 672.0 0
  128.162399 140.0 0
  128.203613 204.0 0
  128.216309 80.0 0
  128.231308 180.0 0
  128.23262 116.0 0
  128.274536 192.0 0
  128.373428 148.0 0
  128.405502 148.0 0
  128.413406 224.0 0
  128.470047 228.0 0
  128.618774 132.0 0
  128.638351 136.0 0
  128.661972 204.0 0
  128.718491 88.0 0
  128.794815 136.0 0
  128.88519300000002 192.0 0
  128.971924 112.0 0
  129.004349 204.0 0
  129.017685 176.0 0
  129.02401700000001 356.0 0
  129.031677 152.0 0
  129.03855900000002 136.0 0
  129.07191500000002 684.0 0
  129.268799 204.0 0
  129.276733 140.0 0
  129.32135 140.0 0
  129.32872 16.785 0
  129.332977 184.0 0
  129.37094100000002 204.0 0
  129.37764 152.0 0
  129.46606400000002 192.0 0
  129.481506 76.0 0
  129.55967700000002 68.0 0
  129.66000400000001 164.0 0
  129.67764300000002 184.0 0
  129.739594 76.0 0
  129.75820900000002 188.0 0
  129.761154 172.0 0
  129.899506 152.0 0
  129.95723 84.0 0
  130.001678 144.0 0
  130.004242 156.0 0
  130.03173800000002 740.0 0
  130.062119 168.0 0
  130.17520100000002 144.0 0
  130.417313 80.0 0
  130.448959 180.0 0
  130.483734 64.0 0
  130.524078 188.0 0
  130.53923 328.0 0
  130.566315 116.0 0
  130.634338 184.0 0
  130.690674 60.0 0
  130.72155800000002 184.0 0
  130.73335300000002 148.0 0
  130.762405 116.0 0
  130.76821900000002 104.0 0
  130.854141 140.0 0
  130.873825 124.0 0
  130.884857 176.0 0
  130.945648 124.0 0
  130.949814 148.0 0
  130.978363 76.0 0
  131.01062000000002 132.0 0
  131.01765400000002 140.0 0
  131.047546 148.0 0
  131.059906 888.0 0
  131.085617 960.0 0
  131.140488 264.0 0
  131.15683 152.0 0
  131.166412 56.0 0
  131.26966900000002 164.0 0
  131.280899 192.0 0
  131.322754 196.0 0
  131.361786 44.0 0
  131.371948 228.0 0
  131.426285 92.0 0
  131.427185 84.0 0
  131.44876100000002 84.0 0
  131.528961 156.0 0
  131.600143 144.0 0
  131.653412 164.0 0
  131.68457 176.0 0
  131.72061200000002 180.0 0
  131.7285 116.0 0
  131.793854 144.0 0
  131.827698 192.0 0
  131.845032 156.0 0
  131.87539700000002 172.0 0
  131.88957200000002 140.0 0
  131.927231 148.0 0
  132.00534100000002 140.0 0
  132.079453 8560.0 4
  132.08839400000002 192.0 0
  132.188339 100.0 0
  132.268829 140.0 0
  132.344589 132.0 0
  132.354141 8.661735 0
  132.390778 26.52136 0
  132.47799700000002 84.0 0
  132.538239 148.0 0
  132.557175 220.0 0
  132.601334 212.0 0
  132.68306 116.0 0
  132.688553 80.0 0
  132.69249000000002 160.0 0
  132.834473 172.0 0
  132.836014 13.55008 0
  132.909088 0.535455 0
  132.939972 144.0 0
  132.95695500000002 148.0 0
  132.95742800000002 124.0 0
  133.032669 148.0 0
  133.047943 92.0 0
  133.064774 148.0 0
  133.078369 356.0 0
  133.182526 128.0 0
  133.19859300000002 228.0 0
  133.286743 164.0 0
  133.333282 184.0 0
  133.344116 156.0 0
  133.550308 72.0 0
  133.71374500000002 160.0 0
  133.76384000000002 148.0 0
  133.82148700000002 176.0 0
  133.935272 124.0 0
  133.94838000000001 116.0 0
  134.003113 128.0 0
  134.063965 180.0 0
  134.10318 252.0 0
  134.10415600000002 184.0 0
  134.28595 152.0 0
  134.406723 6.378623 0
  134.413727 152.0 0
  134.472946 10.59477 0
  134.47541800000002 96.0 0
  134.48817400000001 164.0 0
  134.492996 56.0 0
  134.511292 156.0 0
  134.52246100000002 144.0 0
  134.61299100000002 132.0 0
  134.66296400000002 84.0 0
  134.67501800000002 148.0 0
  134.708832 72.0 0
  134.761887 100.0 0
  134.773056 184.0 0
  134.834824 384.0 0
  134.83989 56.0 0
  134.882202 188.0 0
  134.931641 140.0 0
  134.96489 128.0 0
  134.99331700000002 180.0 0
  135.004745 136.0 0
  135.035797 80.0 0
  135.045456 132.0 0
  135.054855 248.0 0
  135.131653 164.0 0
  135.136368 224.0 0
  135.221161 196.0 0
  135.343277 176.0 0
  135.57749900000002 108.0 0
  135.71923800000002 188.0 0
  135.72773700000002 92.0 0
  135.814697 232.0 0
  135.86119100000002 184.0 0
  135.927582 64.0 0
  135.951706 200.0 0
  135.96893300000002 112.0 0
  136.038284 148.0 0
  136.07710300000002 208.0 0
  136.12977600000002 80.0 0
  136.224792 180.0 0
  136.257034 108.0 0
  136.30332900000002 160.0 0
  136.360184 44.0 0
  136.361694 276.0 0
  136.427719 224.0 0
  136.509186 132.0 0
  136.623459 80.0 0
  136.641617 180.0 0
  136.683121 192.0 0
  136.87492400000002 140.0 0
  136.882324 60.0 0
  136.952469 296.0 0
  137.013397 128.0 0
  137.028458 164.0 0
  137.1091 156.0 0
  137.153488 192.0 0
  137.21893300000002 128.0 0
  137.31672700000001 184.0 0
  137.32757600000002 180.0 0
  137.416626 252.0 0
  137.44700600000002 224.0 0
  137.54229700000002 160.0 0
  137.65741 132.0 0
  137.681305 164.0 0
  137.772949 176.0 0
  137.774963 220.0 0
  137.828598 132.0 0
  137.841553 104.0 0
  137.857056 144.0 0
  137.94177200000001 184.0 0
  138.034027 164.0 0
  138.07988 168.0 0
  138.11389200000002 2904.0 1
  138.154236 80.0 0
  138.15605200000002 52.0 0
  138.268143 212.0 0
  138.271942 116.0 0
  138.37814300000002 160.0 0
  138.41961700000002 136.0 0
  138.442688 180.0 0
  138.530182 196.0 0
  138.531403 156.0 0
  138.561584 152.0 0
  138.66540500000002 124.0 0
  138.692657 100.0 0
  138.79414400000002 136.0 0
  138.870392 40.0 0
  138.963593 140.0 0
  139.003265 160.0 0
  139.138397 116.0 0
  139.17659 72.0 0
  139.18850700000002 108.0 0
  139.220596 164.0 0
  139.23297100000002 3.34375 0
  139.248657 112.0 0
  139.286209 128.0 0
  139.38002 228.0 0
  139.460846 144.0 0
  139.575409 124.0 0
  139.686859 92.0 0
  139.798553 132.0 0
  139.874619 240.0 0
  139.889542 160.0 0
  139.944748 160.0 0
  139.950729 156.0 0
  139.957108 140.0 0
  139.99722300000002 3008.0 2
  140.02650500000001 148.0 0
  140.03894 208.0 0
  140.068283 180.0 0
  140.12241500000002 176.0 0
  140.15261800000002 172.0 0
  140.255646 160.0 0
  140.303482 116.0 0
  140.384613 160.0 0
  140.426285 184.0 0
  140.471329 196.0 0
  140.50752300000002 160.0 0
  140.55394 132.0 0
  140.61772200000001 140.0 0
  140.77023300000002 108.0 0
  140.77636700000002 172.0 0
  140.782486 192.0 0
  140.87861600000002 88.0 0
  140.91355900000002 160.0 0
  140.97287 13.55786 0
  141.008926 360.0 0
  141.01422100000002 184.0 0
  141.01512100000002 56.0 0
  141.073364 164.0 0
  141.102753 192.0 0
  141.19184900000002 32.0 0
  141.212265 36.0 0
  141.236816 120.0 0
  141.346863 2.5 0
  141.34999100000002 212.0 0
  141.363632 0.006846 0
  141.569351 128.0 0
  141.569824 192.0 0
  141.593445 164.0 0
  141.647644 188.0 0
  141.84028600000002 160.0 0
  141.97361800000002 172.0 0
  142.000122 144.0 0
  142.010986 104.0 0
  142.043076 152.0 0
  142.06279 488.0 0
  142.07333400000002 360.0 0
  142.07809400000002 852.0 0
  142.115295 124.0 0
  142.246201 116.0 0
  142.266388 148.0 0
  142.285889 44.0 0
  142.308746 116.0 0
  142.469604 196.0 0
  142.566345 64.0 0
  142.566742 208.0 0
  142.689728 112.0 0
  142.75228900000002 76.0 0
  142.760681 96.0 0
  142.781937 196.0 0
  142.835068 40.0 0
  142.939941 212.0 0
  142.96228000000002 124.0 0
  142.99005100000002 180.0 0
  143.000626 152.0 0
  143.036957 144.0 0
  143.10690300000002 168.0 0
  143.154144 140.0 0
  143.200943 216.0 0
  143.227814 264.0 0
  143.317383 108.0 0
  143.435272 1.708333 0
  143.43571500000002 44.0 0
  143.474487 136.0 0
  143.495087 112.0 0
  143.52034 164.0 0
  143.654739 88.0 0
  143.722961 184.0 0
  143.79847700000002 140.0 0
  143.86526500000002 156.0 0
  144.045013 5096.0 3
  144.07745400000002 7364.0 4
  144.083176 180.0 0
  144.096359 112.0 0
  144.188522 172.0 0
  144.25264 156.0 0
  144.303528 272.0 0
  144.323135 36.0 0
  144.331512 68.0 0
  144.584641 112.0 0
  144.58831800000002 156.0 0
  144.62851 48.0 0
  144.677505 108.0 0
  144.728516 180.0 0
  144.73382600000002 176.0 0
  144.75633200000001 160.0 0
  144.790176 220.0 0
  144.80645800000002 220.0 0
  144.843307 204.0 0
  144.86497500000002 124.0 0
  144.89648400000002 48.0 0
  144.915848 104.0 0
  144.920654 172.0 0
  144.977799 136.0 0
  145.047302 124.0 0
  145.06324800000002 300.0 0
  145.08071900000002 180.0 0
  145.101944 92.0 0
  145.202438 188.0 0
  145.22984300000002 8.623203 0
  145.23988300000002 204.0 0
  145.249512 284.0 0
  145.304352 212.0 0
  145.311707 156.0 0
  145.31947300000002 188.0 0
  145.32193 180.0 0
  145.392029 160.0 0
  145.40420500000002 7.459375 0
  145.42453 52.0 0
  145.42572 56.0 0
  145.562439 164.0 0
  145.57191500000002 25.32214 0
  145.584564 252.0 0
  145.635254 136.0 0
  145.66416900000002 152.0 0
  145.78916900000002 100.0 0
  145.867859 80.0 0
  145.884659 168.0 0
  145.89672900000002 88.0 0
  145.897705 64.0 0
  145.909515 168.0 0
  145.927444 76.0 0
  145.972122 200.0 0
  146.00335700000002 196.0 0
  146.028366 1364.0 1
  146.05946400000002 1028.0 1
  146.062271 456.0 0
  146.07586700000002 344.0 0
  146.174133 152.0 0
  146.189514 160.0 0
  146.21408100000002 40.0 0
  146.247772 96.0 0
  146.341995 164.0 0
  146.515671 60.0 0
  146.568192 92.0 0
  146.684448 152.0 0
  146.806839 188.0 0
  146.819763 208.0 0
  146.861252 48.0 0
  146.91670200000002 160.0 0
  146.97876000000002 268.0 0
  147.04045100000002 108.0 0
  147.041901 188.0 0
  147.044464 348.0 0
  147.044479 3536.0 2
  147.07852200000002 284.0 0
  147.100571 3572.0 2
  147.116592 1696.0 1
  147.156189 76.0 0
  147.184265 144.0 0
  147.27766400000002 15.61742 0
  147.29715000000002 204.0 0
  147.30749500000002 188.0 0
  147.315887 176.0 0
  147.32074 44.0 0
  147.341736 76.0 0
  147.343277 88.0 0
  147.35495 156.0 0
  147.36882 232.0 0
  147.49026500000002 192.0 0
  147.56071500000002 120.0 0
  147.702347 156.0 0
  147.760162 208.0 0
  147.94421400000002 180.0 0
  148.01396200000002 156.0 0
  148.022751 60.0 0
  148.051712 1180.0 1
  148.062225 7560.0 4
  148.07762100000002 160.0 0
  148.22953800000002 164.0 0
  148.27418500000002 108.0 0
  148.274536 148.0 0
  148.29629500000001 156.0 0
  148.30830400000002 208.0 0
  148.337662 168.0 0
  148.373795 104.0 0
  148.37930300000002 116.0 0
  148.43592800000002 164.0 0
  148.442078 148.0 0
  148.460236 32.0 0
  148.47018400000002 272.0 0
  148.509598 104.0 0
  148.51019300000002 172.0 0
  148.678101 128.0 0
  148.826706 120.0 0
  148.840347 136.0 0
  148.937927 192.0 0
  148.94206200000002 212.0 0
  149.00027500000002 140.0 0
  149.075104 516.0 0
  149.07579 6156.0 3
  149.124252 56.0 0
  149.18206800000002 156.0 0
  149.230255 152.0 0
  149.24066200000001 168.0 0
  149.368698 100.0 0
  149.384659 56.0 0
  149.437225 168.0 0
  149.442123 160.0 0
  149.44664 192.0 0
  149.560913 136.0 0
  149.64720200000002 188.0 0
  149.682266 164.0 0
  149.71000700000002 104.0 0
  149.748032 164.0 0
  149.77430700000002 156.0 0
  149.905045 168.0 0
  150.04911800000002 160.0 0
  150.090134 924.0 0
  150.103775 184.0 0
  150.306625 160.0 0
  150.377579 176.0 0
  150.47224400000002 160.0 0
  150.592361 240.0 0
  150.64416500000002 152.0 0
  150.67433200000002 124.0 0
  150.776169 44.0 0
  150.800827 168.0 0
  150.812607 56.0 0
  150.82782 144.0 0
  150.84570300000001 18.787781 0
  151.039062 4616.0 2
  151.072098 112.971298 0
  151.07513400000002 14208.0 7
  151.08126800000002 208.0 0
  151.15205400000002 168.0 0
  151.171402 128.0 0
  151.19575500000002 104.0 0
  151.203293 196.0 0
  151.24992400000002 104.0 0
  151.286423 208.0 0
  151.32106000000002 160.0 0
  151.43344100000002 156.0 0
  151.434647 96.0 0
  151.453537 136.0 0
  151.647858 156.0 0
  151.72309900000002 116.0 0
  151.72345 84.0 0
  151.780075 188.0 0
  151.86552400000002 168.0 0
  152.064041 284.0 0
  152.11438900000002 160.0 0
  152.206558 56.0 0
  152.22932400000002 172.0 0
  152.256378 200.0 0
  152.26066600000001 168.0 0
  152.300262 148.0 0
  152.536362 164.0 0
  152.540268 296.0 0
  152.555756 156.0 0
  152.798157 132.0 0
  152.814499 52.0 0
  152.899246 152.0 0
  152.990433 188.0 0
  153.020218 280.0 0
  153.028107 180.0 0
  153.08372500000002 180.0 0
  153.139236 232.0 0
  153.148041 5.220161 0
  153.159195 152.0 0
  153.263733 132.0 0
  153.435944 124.0 0
  153.56246900000002 136.0 0
  153.579651 160.0 0
  153.604172 256.0 0
  153.70811500000002 72.0 0
  153.767975 72.0 0
  153.84127800000002 160.0 0
  153.93467700000002 240.0 0
  153.982269 240.0 0
  154.049286 12940.0 7
  154.07745400000002 428.0 0
  154.142929 148.0 0
  154.16478 152.0 0
  154.20155300000002 232.0 0
  154.250473 124.0 0
  154.730118 124.0 0
  154.77958700000002 3.416118 0
  155.029648 148.0 0
  155.087097 212.0 0
  155.117096 172.0 0
  155.21997100000002 208.0 0
  155.25370800000002 196.0 0
  155.346863 40.0 0
  155.377823 14.83333 0
  155.6259 2.520833 0
  155.737885 216.0 0
  155.86514300000002 156.0 0
  155.928345 92.0 0
  155.948486 204.0 0
  155.95408600000002 276.0 0
  155.964874 180.0 0
  155.971237 76.0 0
  156.033218 172.0 0
  156.045197 263.390686 0
  156.04530300000002 172.0 0
  156.08157300000002 156.0 0
  156.091034 308.0 0
  156.098846 324.0 0
  156.12797500000002 36.0 0
  156.137009 144.0 0
  156.139633 92.0 0
  156.25096100000002 156.0 0
  156.26010100000002 228.0 0
  156.30633500000002 192.0 0
  156.321045 72.0 0
  156.442139 184.0 0
  156.47644 156.0 0
  156.520828 144.0 0
  156.832016 68.0 0
  156.833298 52.0 0
  156.833328 5.544364 0
  157.074585 196.0 0
  157.086502 2252.0 1
  157.104218 180.0 0
  157.167068 5.054487 0
  157.194092 200.0 0
  157.280243 184.0 0
  157.432266 48.0 0
  157.602753 232.0 0
  157.621338 300.0 0
  157.656021 68.0 0
  157.682571 200.0 0
  157.717255 148.0 0
  157.757965 212.0 0
  157.864609 200.0 0
  157.983093 112.0 0
  158.06495700000002 256.0 0
  158.09149200000002 884.0 0
  158.173752 216.0 0
  158.17570500000002 116.0 0
  158.260605 140.0 0
  158.28323400000002 168.0 0
  158.384064 176.0 0
  158.476425 108.0 0
  158.634003 112.0 0
  158.69078100000002 60.0 0
  158.726334 148.0 0
  158.727768 60.0 0
  158.731796 160.0 0
  158.78538500000002 208.0 0
  158.788925 152.0 0
  158.847809 164.0 0
  158.91081200000002 148.0 0
  159.041763 128.0 0
  159.055878 275.703613 0
  159.116455 204.0 0
  159.170883 76.0 0
  159.279526 128.0 0
  159.319412 116.0 0
  159.33706700000002 192.0 0
  159.38841200000002 124.0 0
  159.49331700000002 120.0 0
  159.54631 176.0 0
  159.59132400000001 208.0 0
  159.767731 52.0 0
  159.789444 172.0 0
  159.835678 104.0 0
  159.84272800000002 184.0 0
  159.858505 192.0 0
  159.866653 244.0 0
  159.920197 284.0 0
  159.929214 152.0 0
  159.93699600000002 288.0 0
  159.957703 84.0 0
  160.035416 216.0 0
  160.03627 184.0 0
  160.089493 11024.0 6
  160.15063500000002 72.0 0
  160.157349 1.12642 0
  160.24980200000002 244.0 0
  160.329926 268.0 0
  160.352554 124.0 0
  160.36045800000002 300.0 0
  160.361603 196.0 0
  160.448273 140.0 0
  160.45898400000002 176.0 0
  160.47799700000002 176.0 0
  160.56514 104.0 0
  160.57103 240.0 0
  160.690765 184.0 0
  160.767715 184.0 0
  160.77182000000002 348.0 0
  160.783051 160.0 0
  160.784546 164.0 0
  160.846436 144.0 0
  160.941742 140.0 0
  160.95318600000002 172.0 0
  161.006516 180.0 0
  161.02328500000002 1732.0 1
  161.03486600000002 228.0 0
  161.078064 3712.0 2
  161.132248 3696.0 2
  161.15377800000002 136.0 0
  161.23237600000002 52.0 0
  161.346436 268.0 0
  161.350189 168.0 0
  161.44455000000002 360.0 0
  161.444611 292.0 0
  161.493286 200.0 0
  161.582489 124.0 0
  161.648163 128.0 0
  161.67717000000002 116.0 0
  161.736313 200.0 0
  161.764084 108.0 0
  161.792786 208.0 0
  161.910507 52.0 0
  161.969391 124.0 0
  162.038284 168.0 0
  162.07466100000002 140.0 0
  162.10083 452.0 0
  162.230728 49.777771 0
  162.350067 164.0 0
  162.607452 132.0 0
  162.819504 156.0 0
  162.82666 136.0 0
  162.880753 152.0 0
  162.964417 156.0 0
  163.002747 160.0 0
  163.02430700000002 520.0 0
  163.033447 436.0 0
  163.033478 104.0 0
  163.042374 164.0 0
  163.05693100000002 528.0 0
  163.064041 156.0 0
  163.111053 68.0 0
  163.112595 251.756302 0
  163.114136 68.0 0
  163.190384 148.0 0
  163.220551 284.0 0
  163.361267 9.031154 0
  163.53349300000002 412.0 0
  163.539276 196.0 0
  163.784195 104.0 0
  163.80259700000002 188.0 0
  163.913147 180.0 0
  163.997086 80.0 0
  164.043182 556.0 0
  164.04911800000002 56.0 0
  164.079971 488.0 0
  164.112885 208.0 0
  164.136505 304.0 0
  164.256821 40.0 0
  164.259705 144.0 0
  164.28666700000002 184.0 0
  164.38313300000002 92.0 0
  164.44639600000002 164.0 0
  164.482819 152.0 0
  164.643509 148.0 0
  164.69606000000002 180.0 0
  164.727112 156.0 0
  164.817307 68.0 0
  164.850021 192.0 0
  164.96228000000002 116.0 0
  164.98204 156.0 0
  165.016739 228.0 0
  165.03907800000002 180.0 0
  165.04620400000002 3912.0 2
  165.140091 5.032552 0
  165.176636 40.0 0
  165.239182 84.0 0
  165.26469400000002 36.0 0
  165.333054 52.0 0
  165.333405 200.0 0
  165.387817 156.0 0
  165.421906 196.0 0
  165.439178 3.686404 0
  165.441605 60.0 0
  165.44374100000002 120.0 0
  165.456177 100.0 0
  165.46983300000002 100.0 0
  165.529007 108.0 0
  165.56601 200.0 0
  165.593414 112.0 0
  165.665985 196.0 0
  165.69296300000002 156.0 0
  165.749039 76.0 0
  165.816971 220.0 0
  165.858948 144.0 0
  165.969635 40.0 0
  166.02598600000002 27592.0 14
  166.04451 12.33418 0
  166.094894 188.0 0
  166.16249100000002 184.0 0
  166.228134 132.0 0
  166.279358 224.0 0
  166.325729 88.0 0
  166.346436 324.0 0
  166.46524000000002 64.0 0
  166.500931 144.0 0
  166.58633400000002 200.0 0
  166.612167 132.0 0
  166.627487 96.0 0
  166.63819900000001 3.560185 0
  166.653839 68.0 0
  166.695404 108.0 0
  166.71637 60.0 0
  166.856277 272.0 0
  166.89518700000002 192.0 0
  166.923325 196.0 0
  166.92987100000002 116.0 0
  166.962082 128.0 0
  167.07698100000002 460.0 0
  167.080139 876.0 0
  167.23468 116.0 0
  167.257584 80.0 0
  167.32345600000002 26.756941 0
  167.358475 80.0 0
  167.48344400000002 176.0 0
  167.496231 156.0 0
  167.505188 168.0 0
  167.54727200000002 316.0 0
  167.59942600000002 212.0 0
  167.60119600000002 164.0 0
  167.607147 184.0 0
  167.680145 116.0 0
  167.69433600000002 112.0 0
  167.705811 88.0 0
  167.71159400000002 348.0 0
  167.897705 120.0 0
  167.922241 204.0 0
  167.97030600000002 76.0 0
  168.080917 63196.0 32
  168.13368200000002 212.0 0
  168.206345 128.0 0
  168.26568600000002 152.0 0
  168.284042 116.0 0
  168.393295 208.0 0
  168.40458700000002 116.0 0
  168.426376 96.0 0
  168.567657 76.0 0
  168.654831 172.0 0
  168.81646700000002 124.0 0
  168.847443 48.0 0
  168.86883500000002 96.0 0
  168.96064800000002 104.0 0
  169.000137 220.0 0
  169.00877400000002 700.0 0
  169.024078 272.0 0
  169.032242 160.0 0
  169.08783 195.648102 0
  169.117493 152.0 0
  169.122543 304.0 0
  169.458496 116.0 0
  169.458908 68.0 0
  169.490417 164.0 0
  169.50314300000002 124.0 0
  169.509384 132.0 0
  169.580429 180.0 0
  169.604935 80.0 0
  169.729736 160.0 0
  169.77565 176.0 0
  169.80659500000002 128.0 0
  169.82634000000002 120.0 0
  169.918655 188.0 0
  169.94776900000002 144.0 0
  170.06968700000002 228.0 0
  170.079285 172.0 0
  170.213806 192.0 0
  170.244415 128.0 0
  170.333023 288.0 0
  170.339203 148.0 0
  170.341476 100.0 0
  170.369141 56.0 0
  170.524384 176.0 0
  170.620758 136.0 0
  170.719055 176.0 0
  170.75592 56.0 0
  170.90832500000002 204.0 0
  170.923676 72.0 0
  171.034241 116.0 0
  171.049957 168.0 0
  171.095505 308.0 0
  171.29628 44.0 0
  171.36831700000002 148.0 0
  171.36973600000002 224.0 0
  171.38969400000002 96.0 0
  171.45962500000002 160.0 0
  171.48558 3.0 0
  171.539444 136.0 0
  171.635391 112.0 0
  171.79092400000002 80.0 0
  171.881683 164.0 0
  171.956497 116.0 0
  172.09603900000002 204.0 0
  172.16777000000002 148.0 0
  172.177231 156.0 0
  172.266129 256.0 0
  172.326447 100.0 0
  172.35058600000002 28.0 0
  172.352448 164.0 0
  172.356018 196.0 0
  172.363266 68.0 0
  172.374863 80.0 0
  172.389206 30.326981 0
  172.395645 112.0 0
  172.587418 96.0 0
  172.59462000000002 132.0 0
  172.59625200000002 9.0 0
  172.711761 352.0 0
  173.082489 1472.0 1
  173.18682900000002 84.0 0
  173.235062 88.0 0
  173.24852 76.0 0
  173.290359 108.0 0
  173.299057 248.0 0
  173.437622 192.0 0
  173.458618 44.0 0
  173.53659100000002 5.391026 0
  173.569916 140.0 0
  173.63768000000002 164.0 0
  173.73950200000002 152.0 0
  173.751587 164.0 0
  173.75560000000002 88.0 0
  173.84024000000002 92.0 0
  173.946854 148.0 0
  174.03624000000002 56.0 0
  174.058151 108.0 0
  174.112366 180.0 0
  174.248413 224.0 0
  174.319977 172.0 0
  174.389923 132.0 0
  174.446976 92.0 0
  174.58557100000002 9.710526 0
  174.64222700000002 132.0 0
  174.652283 92.0 0
  174.743607 188.0 0
  174.785034 368.0 0
  174.878113 184.0 0
  174.92085300000002 168.0 0
  174.924866 184.0 0
  174.96978800000002 124.0 0
  175.003906 120.0 0
  175.04567 184.0 0
  175.073654 676.0 0
  175.115814 172.0 0
  175.130096 44.0 0
  175.167587 12.31373 0
  175.266266 160.0 0
  175.276474 56.0 0
  175.380219 128.0 0
  175.408142 168.0 0
  175.438477 116.0 0
  175.46788 148.0 0
  175.515274 164.0 0
  175.564163 88.0 0
  175.584518 56.0 0
  175.682632 188.0 0
  175.70631400000002 96.0 0
  175.70639 224.0 0
  176.001358 424.0 0
  176.034164 200.0 0
  176.07475300000002 348.0 0
  176.101715 168.0 0
  176.158722 92.0 0
  176.330704 172.0 0
  176.434967 232.0 0
  176.435394 128.0 0
  176.451843 188.0 0
  176.596756 108.0 0
  176.638504 44.0 0
  176.823532 168.0 0
  176.834885 92.0 0
  176.889252 124.0 0
  176.91081200000002 208.0 0
  177.027817 152.0 0
  177.047333 3572.737061 2
  177.06762700000002 176.0 0
  177.09196500000002 187.852402 0
  177.127182 156.0 0
  177.28036500000002 196.0 0
  177.282654 56.0 0
  177.311554 180.0 0
  177.3349 180.0 0
  177.380737 180.0 0
  177.395859 140.0 0
  177.39665200000002 184.0 0
  177.439468 56.0 0
  177.51907300000002 168.0 0
  177.573471 176.0 0
  177.578247 156.0 0
  177.767776 148.0 0
  177.82089200000001 192.0 0
  177.867661 184.0 0
  177.966782 188.0 0
  178.210968 164.0 0
  178.21405000000001 36.0 0
  178.2733 136.0 0
  178.298019 156.0 0
  178.380066 160.0 0
  178.38060000000002 52.0 0
  178.417404 164.0 0
  178.54422 220.0 0
  178.545547 120.0 0
  178.57406600000002 156.0 0
  178.586288 140.0 0
  178.871613 76.0 0
  178.88631600000002 232.0 0
  178.929932 320.0 0
  178.951416 164.0 0
  179.010071 152.0 0
  179.028397 789.0 0
  179.04061900000002 156.0 0
  179.07032800000002 26380.0 13
  179.27130100000002 9.335145 0
  179.364426 3.421552 0
  179.396057 128.0 0
  179.404602 192.0 0
  179.452255 180.0 0
  179.454376 260.0 0
  179.479691 15.64725 0
  179.525146 116.0 0
  179.553253 152.0 0
  179.553619 148.0 0
  179.796082 52.0 0
  179.80702200000002 144.0 0
  179.841766 172.0 0
  179.887009 272.0 0
  179.914001 124.0 0
  179.97901900000002 192.0 0
  180.01019300000002 376.0 0
  180.078705 176.0 0
  180.103622 104.0 0
  180.212051 160.0 0
  180.328201 152.0 0
  180.43107600000002 204.0 0
  180.480621 36.0 0
  180.501144 156.0 0
  180.506683 140.0 0
  180.57534800000002 140.0 0
  180.57692 220.0 0
  180.701843 68.0 0
  180.705597 144.0 0
  180.766342 20.74789 0
  180.80044600000002 80.0 0
  180.822617 148.0 0
  180.96090700000002 48.0 0
  181.08474700000002 168.0 0
  181.090179 152.0 0
  181.099625 1204.0 1
  181.100143 160.0 0
  181.266876 92.0 0
  181.326828 128.0 0
  181.358338 124.0 0
  181.505432 100.0 0
  181.53735400000002 168.0 0
  181.543396 116.0 0
  181.836792 56.0 0
  181.955658 84.0 0
  181.95674100000002 132.0 0
  182.01327500000002 264.0 0
  182.099228 188.0 0
  182.101944 308.0 0
  182.11012300000002 172.0 0
  182.200531 184.0 0
  182.20150800000002 48.0 0
  182.21376 100.0 0
  182.23825100000002 152.0 0
  182.27882400000001 128.0 0
  182.28508000000002 10.37258 0
  182.290375 104.0 0
  182.29705800000002 100.0 0
  182.561722 308.0 0
  182.708969 196.0 0
  182.715866 124.0 0
  182.719589 180.0 0
  182.791534 108.0 0
  182.90832500000002 104.0 0
  182.923965 108.0 0
  182.95297200000002 216.0 0
  183.077988 160.0 0
  183.17662 180.0 0
  183.192123 7316.0 4
  183.194397 104.0 0
  183.27456700000002 124.0 0
  183.280075 156.0 0
  183.309189 196.0 0
  183.47357200000002 160.0 0
  183.48065200000002 84.0 0
  183.519394 10.6375 0
  183.540649 156.0 0
  183.611481 140.0 0
  183.616394 140.0 0
  183.73112500000002 112.0 0
  183.740936 184.0 0
  183.751099 212.0 0
  183.897659 164.0 0
  183.91717500000001 72.0 0
  183.938004 224.0 0
  184.033386 600.0 0
  184.03590400000002 164.0 0
  184.069489 200.0 0
  184.072159 180.0 0
  184.09668000000002 1928.0 1
  184.182892 168.0 0
  184.318802 76.0 0
  184.349182 152.0 0
  184.36985800000002 56.0 0
  184.39398200000002 224.0 0
  184.407196 152.0 0
  184.457016 140.0 0
  184.535202 208.0 0
  184.645813 92.0 0
  184.66545100000002 120.0 0
  184.69931 112.0 0
  184.709351 128.0 0
  184.774536 132.0 0
  184.973541 248.0 0
  185.008224 124.0 0
  185.131393 942.566589 0
  185.326279 256.0 0
  185.431839 144.0 0
  185.45138500000002 92.0 0
  185.46992500000002 47.64278 0
  185.546814 44.0 0
  185.610779 184.0 0
  185.712982 4.886968 0
  185.759964 220.0 0
  185.84993 52.0 0
  186.073837 328.0 0
  186.095978 580.0 0
  186.238281 172.0 0
  186.27229300000002 88.0 0
  186.28379800000002 112.0 0
  186.34835800000002 136.0 0
  186.50276200000002 124.0 0
  186.541718 176.0 0
  186.665009 184.0 0
  186.726852 172.0 0
  186.73820500000002 76.0 0
  186.816574 52.0 0
  186.827301 160.0 0
  186.861115 64.0 0
  187.03204300000002 172.0 0
  187.06810000000002 140.0 0
  187.070724 140.0 0
  187.109161 72.0 0
  187.128265 108.0 0
  187.171524 144.0 0
  187.17584200000002 208.0 0
  187.18631000000002 232.0 0
  187.186935 188.0 0
  187.212219 56.0 0
  187.221283 148.0 0
  187.691696 72.0 0
  187.73005700000002 180.0 0
  187.780167 200.0 0
  187.83311500000002 40.0 0
  187.844818 32.0 0
  187.955002 152.0 0
  187.969223 116.0 0
  188.01263400000002 52.0 0
  188.080826 116.0 0
  188.10363800000002 148.0 0
  188.23111 96.0 0
  188.297165 180.0 0
  188.463455 148.0 0
  188.51924100000002 72.0 0
  188.685059 144.0 0
  188.708786 44.0 0
  188.75647 192.0 0
  188.904709 280.0 0
  188.960114 80.0 0
  188.963638 168.0 0
  189.065155 132.0 0
  189.115723 92.0 0
  189.187836 144.0 0
  189.19548 120.0 0
  189.26561 140.0 0
  189.359055 3.42803 0
  189.36364700000001 0.0 0
  189.45236200000002 164.0 0
  189.47352600000002 68.0 0
  189.48114 136.0 0
  189.579971 112.0 0
  189.592239 116.0 0
  189.72297700000001 180.0 0
  189.73962400000002 156.0 0
  189.81886300000002 140.0 0
  189.832611 92.0 0
  189.83586100000002 156.0 0
  190.073318 1240.0 1
  190.11264 108.0 0
  190.124725 152.0 0
  190.12823500000002 180.0 0
  190.32461500000002 240.0 0
  190.35011300000002 36.0 0
  190.517776 152.0 0
  190.531158 180.0 0
  190.655136 172.0 0
  190.728912 152.0 0
  190.785492 48.0 0
  190.89390600000002 188.0 0
  190.961777 164.0 0
  191.007004 128414.0 65
  191.021759 120.0 0
  191.03649900000002 220.0 0
  191.07281500000002 156.0 0
  191.073013 184.0 0
  191.08415200000002 280.0 0
  191.13291900000002 64.0 0
  191.291412 76.0 0
  191.29274 100.0 0
  191.40036 152.0 0
  191.437592 96.0 0
  191.46296700000002 176.0 0
  191.472336 188.0 0
  191.48024 92.0 0
  191.876022 116.0 0
  191.916061 188.0 0
  191.942932 208.0 0
  192.009064 344.0 0
  192.04882800000001 136.0 0
  192.06393400000002 808.0 0
  192.09549 53.581291 0
  192.101074 25424.0 13
  192.107697 128.0 0
  192.23085 76.0 0
  192.239105 228.0 0
  192.389084 144.0 0
  192.40501400000002 176.0 0
  192.421021 116.0 0
  192.505951 212.0 0
  192.534164 60.0 0
  192.89857500000002 120.0 0
  193.045181 424.0 0
  193.098129 412.0 0
  193.101822 2320.0 1
  193.11398300000002 368.0 0
  193.12687 324.0 0
  193.166 8017.0 4
  193.177658 128.0 0
  193.22967500000001 92.0 0
  193.363953 152.0 0
  193.402374 232.0 0
  193.873413 176.0 0
  193.95446800000002 188.0 0
  193.96481300000002 104.0 0
  193.97700500000002 180.0 0
  194.00972000000002 128.0 0
  194.04182400000002 152.0 0
  194.064301 2.24 0
  194.17932100000002 212.0 0
  194.19743300000002 188.0 0
  194.202042 156.0 0
  194.205048 64.0 0
  194.212296 124.0 0
  194.26637300000002 76.0 0
  194.26701400000002 132.0 0
  194.383926 340.0 0
  194.40699800000002 112.0 0
  194.55986000000001 76.0 0
  194.614655 88.0 0
  194.674957 60.0 0
  194.790802 248.0 0
  194.846741 188.0 0
  194.91317700000002 128.0 0
  194.91725200000002 184.0 0
  195.05706800000002 156.0 0
  195.21121200000002 92.0 0
  195.487274 260.0 0
  195.608337 88.0 0
  195.664749 132.0 0
  195.70571900000002 400.0 0
  195.761871 56.0 0
  195.866501 104.0 0
  195.87089500000002 56.0 0
  195.883011 116.0 0
  195.939209 148.0 0
  195.948883 140.0 0
  195.96109 40.0 0
  196.11334200000002 104.0 0
  196.235992 72.0 0
  196.272751 92.0 0
  196.325455 92.0 0
  196.63772600000001 156.0 0
  196.66407800000002 172.0 0
  196.68360900000002 64.0 0
  196.70562700000002 180.0 0
  196.778671 236.0 0
  196.800171 136.0 0
  196.802277 124.0 0
  196.98249800000002 124.0 0
  197.077698 156.0 0
  197.098587 136.0 0
  197.109451 240.0 0
  197.114075 176.0 0
  197.133499 1172.0 1
  197.311111 184.0 0
  197.31436200000002 13.65812 0
  197.61372400000002 296.0 0
  197.62110900000002 48.0 0
  197.666412 80.0 0
  197.85067700000002 168.0 0
  197.852707 88.0 0
  197.86050400000002 136.0 0
  198.1297 204.0 0
  198.23628200000002 192.0 0
  198.429688 180.0 0
  198.440445 180.0 0
  198.774643 164.0 0
  198.776978 128.0 0
  198.809586 204.0 0
  198.90747100000002 176.0 0
  199.01236 96.0 0
  199.024246 152.0 0
  199.065033 172.0 0
  199.07225 204.0 0
  199.074432 560.0 0
  199.083786 144.0 0
  199.097778 353.362305 0
  199.18161 32.0 0
  199.21043400000002 84.0 0
  199.216461 4640.0 2
  199.31547500000002 292.0 0
  199.357742 168.0 0
  199.360321 9.735 0
  199.43441800000002 216.0 0
  199.442657 48.0 0
  199.571594 84.0 0
  199.943024 188.0 0
  200.015411 220.0 0
  200.02562 160.0 0
  200.03126500000002 152.0 0
  200.07522600000001 168.0 0
  200.11389200000002 180.0 0
  200.14624 148.0 0
  200.22967500000001 132.0 0
  200.23465000000002 13850.78125 7
  200.666 196.0 0
  200.687027 228.0 0
  200.797729 464.0 0
  200.812119 45.023689 0
  200.882629 172.0 0
  200.92567400000001 184.0 0
  201.039429 132.0 0
  201.05801400000001 216.0 0
  201.166275 156.0 0
  201.238617 188.0 0
  201.255402 80.0 0
  201.258957 180.0 0
  201.350922 116.0 0
  201.46859700000002 192.0 0
  201.546646 192.0 0
  201.601135 184.0 0
  201.607254 120.0 0
  201.614105 156.0 0
  201.72151200000002 120.0 0
  201.807129 112.0 0
  201.811844 128.0 0
  201.903336 140.0 0
  201.95282 260.0 0
  202.07269300000002 152.0 0
  202.12262 184.0 0
  202.304291 120.0 0
  202.467056 228.0 0
  202.47520400000002 164.0 0
  202.623093 196.0 0
  202.72039800000002 164.0 0
  202.73822 76.0 0
  202.937271 204.0 0
  202.946945 52.0 0
  203.027451 152.0 0
  203.044601 144.0 0
  203.13278200000002 156.0 0
  203.276382 132.0 0
  203.33050500000002 88.0 0
  203.36618 120.0 0
  203.44206200000002 72.0 0
  203.518784 88.0 0
  203.56140100000002 36.0 0
  203.67363 260.0 0
  203.704025 76.0 0
  203.729614 172.0 0
  203.738358 172.0 0
  203.92073100000002 152.0 0
  203.948822 244.0 0
  204.06500200000002 6256.0 3
  204.108337 224.0 0
  204.138229 180.0 0
  204.40609700000002 164.0 0
  204.438431 88.0 0
  204.79007000000001 404.0 0
  204.840485 200.0 0
  204.85470600000002 80.0 0
  204.899765 160.0 0
  204.999619 212.0 0
  205.12037700000002 160.0 0
  205.434265 132.0 0
  205.57054100000002 244.0 0
  205.60089100000002 38.910694 0
  205.67338600000002 84.0 0
  205.801468 188.0 0
  205.87239100000002 224.0 0
  205.95210300000002 52.0 0
  206.086792 92.0 0
  206.127411 56.0 0
  206.14244100000002 76.0 0
  206.19592300000002 152.0 0
  206.269012 136.0 0
  206.37857100000002 84.0 0
  206.452606 140.0 0
  206.488113 156.0 0
  206.573196 80.0 0
  206.663361 76.0 0
  206.767212 156.0 0
  206.780853 140.0 0
  206.829285 192.0 0
  206.842926 124.0 0
  207.035538 172.0 0
  207.0755 352.0 0
  207.10080000000002 208.0 0
  207.15065 80.0 0
  207.426163 80.0 0
  207.504501 128.0 0
  207.504639 144.0 0
  207.53552200000001 152.0 0
  207.54426600000002 40.0 0
  207.697845 152.0 0
  207.719986 44.0 0
  207.960922 160.0 0
  207.98107900000002 120.0 0
  208.11273200000002 228.0 0
  208.115067 192.0 0
  208.412094 132.0 0
  208.447113 108.0 0
  208.5755 200.0 0
  208.61676 116.0 0
  208.62132300000002 160.0 0
  208.670242 180.0 0
  208.926712 44.0 0
  208.994583 140.0 0
  209.03976400000002 176.0 0
  209.045578 160.0 0
  209.095413 157.016098 0
  209.245346 128.0 0
  209.26602200000002 196.0 0
  209.32782 240.0 0
  209.470337 112.0 0
  209.47288500000002 160.0 0
  209.690659 96.0 0
  209.707703 104.0 0
  209.98613 88.0 0
  210.012024 192.0 0
  210.014404 72.0 0
  210.102753 121.971397 0
  210.217682 160.0 0
  210.352936 48.0 0
  210.35463000000001 92.0 0
  210.449554 156.0 0
  210.45416300000002 96.0 0
  210.583389 18.24575 0
  210.757599 120.0 0
  210.759766 204.0 0
  210.782959 128.0 0
  210.848343 96.0 0
  211.058472 220.0 0
  211.073746 636.0 0
  211.10986300000002 472.0 0
  211.112244 964.0 0
  211.652817 124.0 0
  211.687592 192.0 0
  211.768158 52.0 0
  211.93820200000002 3.617308 0
  211.961319 152.0 0
  211.97674600000002 160.0 0
  212.061493 72.0 0
  212.09989900000002 136.0 0
  212.10929900000002 124.0 0
  212.11874400000002 448.0 0
  212.144684 456.0 0
  212.151093 224.0 0
  212.175812 96.0 0
  212.242188 156.0 0
  212.313736 28.0 0
  212.65416000000002 160.0 0
  212.68365500000002 180.0 0
  212.77783200000002 176.0 0
  212.913254 124.0 0
  213.009644 144.0 0
  213.092422 187.162903 0
  213.108002 144.0 0
  213.184097 1052.0 1
  213.224594 196.0 0
  213.545456 2.439797 0
  213.595291 64.0 0
  213.689224 120.0 0
  213.975281 188.0 0
  214.10874900000002 7032.0 4
  214.217789 128.0 0
  214.224549 104.0 0
  214.28675800000002 164.0 0
  214.47717300000002 100.0 0
  214.47920200000002 152.0 0
  214.547943 212.0 0
  214.609528 140.0 0
  214.68441800000002 108.0 0
  214.806137 188.0 0
  215.07428000000002 112.0 0
  215.095474 748.0 0
  215.13465200000002 356.0 0
  215.348755 120.0 0
  215.42253100000002 140.0 0
  215.482529 184.0 0
  215.504288 128.0 0
  215.60195900000002 52.0 0
  215.923981 56.0 0
  216.07672100000002 196.0 0
  216.11291500000002 144.0 0
  216.136505 112.0 0
  216.50460800000002 84.0 0
  216.72825600000002 120.0 0
  216.847397 60.0 0
  216.86329700000002 84.0 0
  216.89656100000002 152.0 0
  217.04710400000002 220.0 0
  217.09539800000002 36.0 0
  217.20739700000001 56.0 0
  217.24353000000002 188.0 0
  217.34260600000002 140.0 0
  217.360626 32.0 0
  217.365128 128.0 0
  217.421432 92.0 0
  217.421448 144.0 0
  217.42665100000002 76.0 0
  217.617783 148.0 0
  217.618179 84.0 0
  217.63772600000001 128.0 0
  217.708817 68.0 0
  217.92077600000002 144.0 0
  217.924881 144.0 0
  217.966385 80.0 0
  217.984329 156.0 0
  218.058533 976.0 0
  218.128677 208.0 0
  218.134094 64.0 0
  218.161621 184.0 0
  218.169632 100.0 0
  218.247406 160.0 0
  218.339584 76.0 0
  218.370316 60.0 0
  218.450058 80.0 0
  218.51705900000002 92.0 0
  218.562012 148.0 0
  218.76997400000002 200.0 0
  218.823303 152.0 0
  218.955338 156.0 0
  219.17227200000002 548.0 0
  219.270477 176.0 0
  219.29177900000002 80.0 0
  219.472687 152.0 0
  219.603485 80.0 0
  219.698563 90.706818 0
  219.74992400000002 100.0 0
  219.8358 184.0 0
  219.84175100000002 164.0 0
  219.929642 104.0 0
  219.969849 104.0 0
  219.985046 108.0 0
  220.01532 2.041667 0
  220.054459 164.0 0
  220.067902 44.0 0
  220.07576 1660.0 1
  220.144821 180.0 0
  220.14485200000001 80.0 0
  220.207031 180.0 0
  220.272736 1.172 0
  220.29534900000002 68.0 0
  220.357269 200.0 0
  220.48713700000002 128.0 0
  220.820038 144.0 0
  220.857559 136.0 0
  221.21698 64.0 0
  221.245728 14.43333 0
  221.250626 176.0 0
  221.282013 56.0 0
  221.297043 68.0 0
  221.30934100000002 12.97556 0
  221.335495 116.0 0
  221.452347 120.0 0
  221.509384 148.0 0
  221.524551 40.0 0
  221.68635600000002 124.0 0
  221.897263 56.0 0
  221.95254500000001 132.0 0
  222.03247100000002 212.0 0
  222.16450500000002 11.447485 0
  222.20253 124.0 0
  222.21563700000002 208.0 0
  222.372894 144.0 0
  222.405685 40.0 0
  222.523056 264.0 0
  222.54985000000002 116.0 0
  222.684067 184.0 0
  222.764114 176.0 0
  223.038071 488.0 0
  223.08139 160.0 0
  223.11087 896.0 0
  223.25354000000002 136.0 0
  223.393585 140.0 0
  223.544861 92.0 0
  223.570343 68.0 0
  223.64300500000002 68.0 0
  223.66751100000002 10.215 0
  224.090134 908.0 0
  224.11438 900.0 0
  224.12222300000002 412.0 0
  224.143311 180.0 0
  224.406815 104.0 0
  224.424866 172.0 0
  224.44459500000002 152.0 0
  224.503082 4.773809 0
  224.593155 100.0 0
  224.74653600000002 200.0 0
  224.798813 232.0 0
  224.919388 156.0 0
  224.970688 116.0 0
  225.09655800000002 136.0 0
  225.282974 156.0 0
  225.28299 112.0 0
  225.31456 216.0 0
  225.693497 164.0 0
  225.902679 84.0 0
  226.01232900000002 156.0 0
  226.067596 128.0 0
  226.093414 144.0 0
  226.150742 44.0 0
  226.229462 144.0 0
  226.335846 52.554871 0
  226.394577 180.0 0
  226.398651 140.0 0
  226.961243 80.0 0
  226.995651 51.933609 0
  227.06710800000002 304.0 0
  227.08380100000002 104.0 0
  227.16313200000002 148.0 0
  227.177368 332.0 0
  227.236115 72.0 0
  227.350281 104.0 0
  227.398468 132.0 0
  227.465576 84.0 0
  227.590088 28.0 0
  227.597 148.0 0
  227.920105 76.0 0
  228.048181 164.0 0
  228.075623 152.0 0
  228.10990900000002 152.0 0
  228.241714 108.0 0
  228.366104 112.0 0
  228.524689 164.0 0
  228.625268 288.0 0
  228.64862100000002 152.0 0
  228.66922 100.0 0
  228.773849 200.0 0
  228.780899 100.0 0
  228.90884400000002 108.0 0
  229.00477600000002 404.0 0
  229.044113 264.0 0
  229.073257 2028.0 1
  229.096115 168.0 0
  229.14209 76.0 0
  229.284164 104.0 0
  229.334503 80.0 0
  229.40193200000002 36.0 0
  229.466675 260.0 0
  229.521896 120.0 0
  229.583832 156.0 0
  229.720718 136.0 0
  229.972183 180.0 0
  230.01074200000002 172.0 0
  230.05835000000002 300.0 0
  230.173676 48.0 0
  230.211975 140.0 0
  230.247635 148.0 0
  230.28933700000002 168.0 0
  230.32423400000002 144.0 0
  230.340744 176.0 0
  230.52298000000002 140.0 0
  230.638214 140.0 0
  230.75354000000002 176.0 0
  230.81958 384.0 0
  230.84217800000002 52.0 0
  230.938965 44.0 0
  231.047211 116.0 0
  231.059647 160.0 0
  231.18956 32.0 0
  231.69104000000002 464.0 0
  231.806732 64.0 0
  231.871857 164.0 0
  231.910889 140.0 0
  232.00473 268.0 0
  232.03242500000002 184.0 0
  232.09483300000002 384.0 0
  232.105896 176.0 0
  232.153671 628.0 0
  232.352814 116.0 0
  232.633331 140.0 0
  232.728195 164.0 0
  232.73962400000002 300.0 0
  232.811081 112.0 0
  232.87025500000001 116.0 0
  232.902206 80.0 0
  232.91655 176.0 0
  232.95541400000002 124.0 0
  233.072021 3008.0 2
  233.074585 43540.0 22
  233.417923 204.0 0
  233.43026700000001 4.380952 0
  233.532364 140.0 0
  233.68571500000002 204.0 0
  233.689972 52.0 0
  233.69397 168.0 0
  233.906082 128.0 0
  234.03254700000002 56.0 0
  234.141144 44.0 0
  234.144043 3128.0 2
  234.164566 132.0 0
  234.24748200000002 156.0 0
  234.26559400000002 128.0 0
  234.31478900000002 148.0 0
  234.438004 108.0 0
  234.43948400000002 196.0 0
  234.48043800000002 84.0 0
  234.945908 116.0 0
  234.965744 68.0 0
  234.992447 128.0 0
  235.068756 172.0 0
  235.08696 276.0 0
  235.08981300000002 168.0 0
  235.373398 7.5625 0
  235.38157700000002 124.0 0
  235.41362 148.0 0
  235.64724700000002 92.0 0
  235.661087 144.0 0
  235.80067400000001 40.0 0
  235.959885 168.0 0
  236.050003 1967916.0 999
  236.07103 832.0 0
  236.09217800000002 3196.0 2
  236.13034100000002 348.0 0
  236.20941200000001 64.0 0
  236.22551 164.0 0
  236.238358 76.0 0
  236.297424 88.0 0
  236.29937700000002 116.0 0
  236.30264300000002 12.11304 0
  236.616638 60.0 0
  236.631042 64.0 0
  236.641876 140.0 0
  236.7332 156.0 0
  236.776443 128.0 0
  236.93129000000002 144.0 0
  237.048889 152.0 0
  237.08448800000002 11.64031 0
  237.114822 136.0 0
  237.185654 180.0 0
  237.40690600000002 64.0 0
  237.49511700000002 132.0 0
  237.656982 368.0 0
  237.718475 160.0 0
  238.093369 372.0 0
  238.102203 112.0 0
  238.215363 44.0 0
  238.587006 168.0 0
  238.632462 88.0 0
  238.83638000000002 144.0 0
  238.90210000000002 184.0 0
  238.930878 152.0 0
  238.94177200000001 152.0 0
  238.954971 84.0 0
  239.057999 169711.0 86
  239.084091 2004.0 1
  239.125244 692.0 0
  239.146759 204.0 0
  239.207458 96.0 0
  239.26301600000002 260.0 0
  239.90094000000002 88.0 0
  239.948013 64.0 0
  239.994034 212.0 0
  240.12561 224.0 0
  240.496597 176.0 0
  240.546432 212.0 0
  240.649063 448.0 0
  240.816132 80.0 0
  240.823959 152.0 0
  240.90905800000002 168.0 0
  240.910202 224.0 0
  241.024582 148.0 0
  241.074265 228.0 0
  241.122025 952.0 0
  241.154877 128.0 0
  241.16217 128.0 0
  241.203674 288.0 0
  241.37027 168.0 0
  241.482651 76.0 0
  241.519089 76.0 0
  241.56457500000002 124.0 0
  241.594635 84.0 0
  241.846176 168.0 0
  241.896469 88.0 0
  242.225128 144.0 0
  242.31457500000002 152.0 0
  242.596664 120.0 0
  242.736008 160.0 0
  243.09259 2168.0 1
  243.145386 268.0 0
  243.17364500000002 156.0 0
  243.174484 148.0 0
  243.352631 148.0 0
  243.398636 92.0 0
  243.480621 176.0 0
  243.609894 260.0 0
  243.7276 100.0 0
  243.817688 116.0 0
  243.873505 124.0 0
  243.918945 64.0 0
  244.02063 120.0 0
  244.206421 40.0 0
  244.275314 184.0 0
  244.31372100000002 148.0 0
  244.784851 132.0 0
  244.834854 76.0 0
  244.91291800000002 152.0 0
  245.11937 13.90645 0
  245.279083 112.0 0
  245.359711 92.0 0
  245.488831 196.0 0
  245.598068 88.0 0
  245.700806 52.0 0
  245.97876000000002 180.0 0
  246.075378 132.0 0
  246.080063 164.0 0
  246.108261 4100.0 2
  246.12136800000002 44.0 0
  246.14177800000002 1208.0 1
  246.145905 268.0 0
  246.17485000000002 112.0 0
  246.22683700000002 60.0 0
  246.41635100000002 5.341667 0
  247.039429 180.0 0
  247.043564 132.0 0
  247.11213700000002 2036.0 1
  247.122757 120.0 0
  247.265015 180.0 0
  247.539047 176.0 0
  247.704178 58.443291 0
  247.72271700000002 88.0 0
  247.80714400000002 220.0 0
  247.83981300000002 80.0 0
  247.936234 92.0 0
  248.101913 148.0 0
  248.10600300000002 220.0 0
  248.152154 144.0 0
  248.43364 80.0 0
  248.558838 212.0 0
  248.64648400000002 112.0 0
  248.720428 144.0 0
  248.89106800000002 128.0 0
  248.93692000000001 112.0 0
  248.95524600000002 88.0 0
  249.050049 192.0 0
  249.06848100000002 120.0 0
  249.14883400000002 5908.0 3
  249.26448100000002 148.0 0
  249.395889 46.214149 0
  249.44816600000001 164.0 0
  249.53152500000002 240.0 0
  249.730881 14.00298 0
  249.865753 40.0 0
  250.003433 76.0 0
  250.03753700000001 18.80167 0
  250.063126 104.0 0
  250.149261 1692.0 1
  250.19790600000002 116.0 0
  250.22044400000001 124.0 0
  250.372833 32.0 0
  250.39032 64.0 0
  250.53808600000002 92.0 0
  250.64248700000002 120.0 0
  250.659454 108.0 0
  250.898178 180.0 0
  250.961502 64.0 0
  250.972168 40.0 0
  251.003983 164.0 0
  251.077057 148.0 0
  251.14357 317.097595 0
  251.442764 112.0 0
  251.482742 144.0 0
  251.618423 156.0 0
  251.837341 120.0 0
  251.85501100000002 280.0 0
  252.039322 144.0 0
  252.05671700000002 15057.0 8
  252.294205 180.0 0
  252.29478500000002 168.0 0
  252.370956 180.0 0
  252.41835 116.0 0
  252.49298100000001 252.0 0
  252.533569 112.0 0
  252.901321 168.0 0
  253.122711 272.0 0
  253.158936 2692.0 1
  253.25456200000002 132.0 0
  253.265152 16.516479 0
  253.27307100000002 112.0 0
  253.367615 148.0 0
  253.44262700000002 48.0 0
  253.53195200000002 116.0 0
  253.54328900000002 188.0 0
  253.570221 224.0 0
  253.67742900000002 48.0 0
  253.797028 108.0 0
  253.879486 160.0 0
  254.05864 29.83333 0
  254.100876 108.0 0
  254.162888 356.0 0
  254.40055800000002 148.0 0
  254.454803 252.0 0
  254.699905 84.0 0
  254.788467 88.0 0
  254.825287 176.0 0
  254.870453 96.0 0
  255.119446 72.0 0
  255.133331 148.0 0
  255.173965 204.0 0
  255.389893 184.0 0
  255.634491 136.0 0
  255.752823 84.0 0
  255.929733 176.0 0
  256.00579799999997 148.0 0
  256.09256 132.0 0
  256.123199 92.0 0
  256.250122 112.0 0
  256.251038 108.0 0
  256.329315 164.0 0
  256.94930999999997 144.0 0
  257.035797 23.709511 0
  257.132751 52.0 0
  257.133362 1216.0 1
  257.15423599999997 364.0 0
  257.253632 196.0 0
  257.33230599999996 100.0 0
  257.372437 76.0 0
  257.38064599999996 160.0 0
  257.41128499999996 148.0 0
  257.65466299999997 200.851501 0
  257.796478 152.0 0
  257.822906 172.0 0
  257.87240599999996 184.0 0
  258.04693599999996 505.0 0
  258.249664 56.0 0
  258.315369 44.0 0
  258.504913 11.45 0
  258.899841 200.0 0
  258.949463 64.0 0
  258.95639 152.0 0
  258.969177 352.0 0
  259.03244 192.0 0
  259.184174 156.0 0
  259.375031 6066.604492 3
  259.39257799999996 92.0 0
  259.463715 48.0 0
  259.925659 224.0 0
  260.096032 140.0 0
  260.222107 148.0 0
  260.53097499999996 80.0 0
  260.73727399999996 40.0 0
  260.783997 100.0 0
  260.871063 40.0 0
  260.89788799999997 140.0 0
  260.955811 60.0 0
  261.470551 208.0 0
  261.495728 160.0 0
  261.531097 112.0 0
  261.56323199999997 200.0 0
  261.668182 72.0 0
  261.714752 304.0 0
  261.719879 100.0 0
  262.03893999999997 176.0 0
  262.11715699999996 144.0 0
  262.194489 152.0 0
  262.74456799999996 7.840278 0
  262.852264 160.0 0
  263.06539899999996 268.0 0
  263.166473 8636.0 4
  263.239197 168.0 0
  263.27624499999996 324.0 0
  263.40673799999996 152.0 0
  263.503632 220.0 0
  263.53054799999995 72.0 0
  263.536224 240.0 0
  263.54305999999997 124.0 0
  263.54834 92.0 0
  263.65972899999997 68.0 0
  263.776306 172.0 0
  263.810974 24.89966 0
  264.08139 188.0 0
  264.090698 42.282051 0
  264.17868 36.0 0
  264.180542 124.0 0
  264.30447399999997 48.0 0
  264.385376 172.0 0
  264.403778 76.0 0
  264.49057 84.0 0
  264.58551 144.0 0
  264.744263 160.0 0
  264.79483 132.0 0
  265.04977399999996 100.0 0
  265.091705 68.0 0
  265.121552 1164.0 1
  265.13845799999996 52.0 0
  265.324768 260.0 0
  265.384033 76.0 0
  265.49285899999995 100.0 0
  265.50323499999996 48.0 0
  265.71344 60.0 0
  265.83984399999997 196.0 0
  266.033081 47968.0 24
  266.05365 252.0 0
  266.074982 1216.0 1
  266.078674 196.0 0
  266.52117899999996 124.0 0
  266.876587 104.0 0
  267.09329199999996 25.952841 0
  267.13571199999996 188.0 0
  267.17486599999995 7123.214844 4
  267.334076 52.0 0
  267.37170399999997 19.67647 0
  267.409332 64.0 0
  267.64248699999996 204.0 0
  267.64736899999997 140.0 0
  267.68338 128.0 0
  268.085602 132.0 0
  268.419312 21.358009 0
  268.433747 36.0 0
  268.46698 160.0 0
  268.78125 76.0 0
  268.872528 116.0 0
  268.900604 48.0 0
  269.01989699999996 156.0 0
  269.111511 136.0 0
  269.32208299999996 52.0 0
  269.514008 84.0 0
  269.631805 68.0 0
  269.75299099999995 2.89 0
  269.809937 36.0 0
  269.890991 96.0 0
  270.08377099999996 4508.0 2
  270.327087 196.0 0
  270.539154 40.0 0
  270.737976 180.0 0
  270.77185099999997 76.0 0
  270.872803 200.0 0
  271.03973399999995 168.0 0
  271.054199 2972.0 2
  271.075409 140.0 0
  271.42529299999995 156.0 0
  272.079834 264.0 0
  272.235657 76.0 0
  272.283905 116.0 0
  272.31503299999997 140.0 0
  272.44107099999997 192.0 0
  272.51416 240.0 0
  272.58505199999996 236.0 0
  272.889801 896.0 0
  273.007294 156.0 0
  273.24517799999995 192.0 0
  273.691467 200.0 0
  273.83291599999995 84.0 0
  274.156213 164.0 0
  274.443512 236.0 0
  274.545441 172.0 0
  274.738586 372.0 0
  274.81014999999996 128.0 0
  274.961639 92.0 0
  275.11911 260.0 0
  275.142273 144.0 0
  275.757477 120.0 0
  275.817322 220.0 0
  275.96875 80.0 0
  276.03002899999996 460.0 0
  276.106476 140.0 0
  276.22628799999995 144.0 0
  276.30483999999996 56.0 0
  276.371857 84.0 0
  276.514435 148.0 0
  276.766846 140.0 0
  276.79418899999996 124.0 0
  277.030945 68.0 0
  277.07928499999997 244.0 0
  277.280121 224.0 0
  277.36422699999997 196.0 0
  277.55947899999995 208.0 0
  277.570923 128.0 0
  277.63149999999996 100.0 0
  278.098724 2944.0 1
  278.11141999999995 144.0 0
  278.11929299999997 188.0 0
  278.215668 172.0 0
  278.23950199999996 44.0 0
  278.23999 124.0 0
  278.367188 148.0 0
  278.51483199999996 56.0 0
  278.63415499999996 156.0 0
  278.88723799999997 156.0 0
  279.02529899999996 88.0 0
  279.064941 156.0 0
  279.126373 48.0 0
  279.20523099999997 96.0 0
  279.473419 140.0 0
  279.54315199999996 100.0 0
  279.89187599999997 172.0 0
  280.026886 72.0 0
  280.25726299999997 44.033691 0
  280.267609 212.0 0
  280.72497599999997 176.0 0
  280.930817 112.0 0
  280.983643 21.463539 0
  281.09167499999995 144.0 0
  281.107574 104.0 0
  282.020172 148.0 0
  282.131012 88.0 0
  282.36355599999996 196.0 0
  282.42898599999995 88.0 0
  282.57302899999996 188.0 0
  282.97430399999996 168.0 0
  283.07113599999997 6683.0 3
  283.073334 168.0 0
  283.131866 224.0 0
  283.27127099999996 56.0 0
  283.486725 184.0 0
  283.594635 112.0 0
  283.64975 808.0 0
  283.94769299999996 140.0 0
  283.974884 172.0 0
  284.133514 200.0 0
  284.20944199999997 160.0 0
  284.896759 108.0 0
  284.91772499999996 156.0 0
  285.27392599999996 152.0 0
  285.319885 156.0 0
  285.44467199999997 124.0 0
  285.479492 36.0 0
  285.549896 56.0 0
  285.95077499999996 36.0 0
  286.027649 140.0 0
  286.07074 232.0 0
  286.367432 108.0 0
  286.426636 72.0 0
  286.463623 120.0 0
  286.475555 116.0 0
  286.515533 84.0 0
  286.740326 28.0 0
  287.055542 104.0 0
  287.212274 144.0 0
  287.25683599999996 176.0 0
  287.803955 172.0 0
  288.06662 128.0 0
  288.117188 152.0 0
  288.35986299999996 48.0 0
  288.400757 148.0 0
  288.56311 252.0 0
  288.821075 180.0 0
  288.940582 15.070495 0
  289.14282199999997 52.0 0
  289.473572 84.0 0
  289.507812 100.0 0
  289.89007599999997 12666.230469 6
  289.986206 128.0 0
  290.040619 352.0 0
  290.823486 92.0 0
  291.173798 4840.0 2
  291.17571999999996 6636.0 3
  291.347565 176.0 0
  292.05749499999996 104.0 0
  292.057556 176.0 0
  292.131775 148.0 0
  292.131897 144.0 0
  292.20754999999997 217440.0 110
//
