ACCESSION: CCMSLIB00000085390
RECORD_TITLE: decoy
DATE: 2015.11.20
AUTHORS: Administrator
LICENSE: CC BY-SA
CH$NAME: decoy
CH$COMPOUND_CLASS: Natural Product
CH$FORMULA: C21H26N2S2
CH$EXACT_MASS: 370.153740832
CH$SMILES: N/A
CH$IUPAC: decoy
CH$LINK: N/A
AC$INSTRUMENT: decoy
AC$INSTRUMENT_TYPE: decoy
AC$MASS_SPECTROMETRY: MS_TYPE MS2
AC$MASS_SPECTROMETRY: ION_MODE POSITIVE
AC$MASS_SPECTROMETRY: COLLISION_ENERGY 10 V
MS$FOCUSED_ION: PRECURSOR_M/Z 371
MS$FOCUSED_ION: PRECURSOR_TYPE [M+H]+
PK$NUM_PEAK: 3233
PK$PEAK: m/z int. rel.int.
  44.967766000000005 160.0 2
  44.994503 196.0 2
  45.023808 188.0 2
  45.177032000000004 180.0 2
  45.348255 124.0 1
  45.469624 188.0 2
  45.522678 128.0 1
  45.572369 240.0 2
  45.600739000000004 148.0 1
  45.62587 176.0 2
  45.640724 124.0 1
  45.706043 140.0 1
  45.738354 180.0 2
  45.878895 136.0 1
  46.011951 160.0 2
  46.129242000000005 156.0 2
  46.345722 176.0 2
  46.560734000000004 272.0 3
  46.697720000000004 120.0 1
  46.851322 256.0 2
  47.024399 176.0 2
  47.110508 108.0 1
  47.206902 156.0 2
  47.316978 148.0 1
  47.416836 176.0 2
  47.446838 160.0 2
  47.519505 164.0 2
  47.655884 196.0 2
  47.735546 144.0 1
  47.878132 152.0 1
  48.009632 176.0 2
  48.071323 152.0 1
  48.081139 244.0 2
  48.095474 140.0 1
  48.212517 88.0 1
  48.214058 160.0 2
  48.365891000000005 124.0 1
  48.409233 168.0 2
  48.523846 200.0 2
  48.584251 152.0 1
  48.677269 200.0 2
  48.690724 68.0 1
  48.800232 308.0 3
  48.827801 136.0 1
  48.87603 132.0 1
  48.901882 44.0 0
  48.916470000000004 176.0 2
  48.999809 196.0 2
  49.021141 168.0 2
  49.038399 160.0 2
  49.089466 328.0 3
  49.103638000000004 176.0 2
  49.172913 144.0 1
  49.18877 208.0 2
  49.233444 144.0 1
  49.239037 172.0 2
  49.271191 164.0 2
  49.271751 124.0 1
  49.278980000000004 320.0 3
  49.317318 172.0 2
  49.339451000000004 116.0 1
  49.362263 332.0 3
  49.451561 188.0 2
  49.517506000000004 100.0 1
  49.543736 164.0 2
  49.582394 148.0 1
  49.687923000000005 192.0 2
  49.688648 44.0 0
  49.69672 136.0 1
  49.699646 176.0 2
  49.719887 160.0 2
  49.779686 140.0 1
  49.783329 136.0 1
  49.853146 144.0 1
  49.882652 96.0 1
  49.905197 148.0 1
  49.933212000000005 108.0 1
  50.069588 168.0 2
  50.136642 128.0 1
  50.19907 208.0 2
  50.223873000000005 156.0 2
  50.233036 180.0 2
  50.253716000000004 220.0 2
  50.390087 224.0 2
  50.413540000000005 144.0 1
  50.563213000000005 196.0 2
  50.669594000000004 144.0 1
  50.675392 160.0 2
  50.771244 136.0 1
  50.797306 96.0 1
  50.811829 208.0 2
  50.821217000000004 172.0 2
  50.862198 100.0 1
  50.879921 236.0 2
  51.014591 128.0 1
  51.110531 164.0 2
  51.182575 152.0 1
  51.219376000000004 180.0 2
  51.256424 276.0 3
  51.256916000000004 180.0 2
  51.329433 172.0 2
  51.483166000000004 164.0 2
  51.516163 116.0 1
  51.573483 240.0 2
  51.774338 140.0 1
  51.805744000000004 244.0 2
  51.822491 116.0 1
  51.834427 156.0 2
  51.860676 176.0 2
  51.878082 248.0 2
  51.895359 136.0 1
  52.096519 172.0 2
  52.112999 140.0 1
  52.123898000000004 164.0 2
  52.170666000000004 152.0 1
  52.425789 156.0 2
  52.452400000000004 92.0 1
  52.509132 156.0 2
  52.566006 220.0 2
  52.588638 76.0 1
  52.664009 176.0 2
  52.692684 376.0 4
  52.738743 176.0 2
  52.752766 172.0 2
  52.817665 196.0 2
  52.844498 140.0 1
  52.848717 168.0 2
  52.86338 220.0 2
  52.903519 292.0 3
  52.978634 120.0 1
  53.077686 160.0 2
  53.185825 140.0 1
  53.193653000000005 172.0 2
  53.38459 184.0 2
  53.406319 188.0 2
  53.444393 172.0 2
  53.506348 140.0 1
  53.577400000000004 156.0 2
  53.633865 136.0 1
  53.764828 204.0 2
  53.78915 144.0 1
  53.961018 32.0 0
  53.966648 156.0 2
  53.968246 124.0 1
  54.001041 120.0 1
  54.023735 84.0 1
  54.034088000000004 156.0 2
  54.250786 200.0 2
  54.387131000000004 168.0 2
  54.623055 160.0 2
  54.706551000000005 188.0 2
  54.717632 196.0 2
  54.739262000000004 36.0 0
  54.788528 92.0 1
  54.788624 380.0 4
  54.797073000000005 88.0 1
  54.812836000000004 236.0 2
  54.8559 148.0 1
  54.859837 176.0 2
  54.867363000000005 72.0 1
  54.934216 128.0 1
  54.997425 212.0 2
  55.021652 208.0 2
  55.06884 148.0 1
  55.138096000000004 212.0 2
  55.165051 156.0 2
  55.178429 116.0 1
  55.185909 172.0 2
  55.227608000000004 188.0 2
  55.288967 208.0 2
  55.346989 172.0 2
  55.711491 180.0 2
  55.743614 188.0 2
  55.832722000000004 216.0 2
  55.84132 192.0 2
  55.910339 192.0 2
  55.924545 172.0 2
  56.015114000000004 216.0 2
  56.073471000000005 148.0 1
  56.227024 160.0 2
  56.560757 152.0 1
  56.57848 164.0 2
  56.742344 128.0 1
  56.951115 144.0 1
  56.954765 192.0 2
  57.091370000000005 148.0 1
  57.138908 180.0 2
  57.229099000000005 324.0 3
  57.373352000000004 180.0 2
  57.375126 192.0 2
  57.388309 128.0 1
  57.825619 232.0 2
  57.826683 224.0 2
  57.830399 208.0 2
  57.972996 144.0 1
  58.119209000000005 120.0 1
  58.152287 140.0 1
  58.350212 132.0 1
  58.361908 72.0 1
  58.441746 160.0 2
  58.568996 228.0 2
  58.631863 140.0 1
  58.660564 140.0 1
  58.716263000000005 156.0 2
  58.873165 136.0 1
  58.897202 44.0 0
  58.932716 168.0 2
  59.086811000000004 148.0 1
  59.175014000000004 176.0 2
  59.186272 180.0 2
  59.234314000000005 180.0 2
  59.270878 164.0 2
  59.367775 216.0 2
  59.413914 92.0 1
  59.508289000000005 172.0 2
  59.5135 192.0 2
  59.646473 180.0 2
  59.750198000000005 180.0 2
  59.785919 164.0 2
  59.798634 168.0 2
  59.854839 200.0 2
  60.072662 148.0 1
  60.133202000000004 64.0 1
  60.168251000000005 156.0 2
  60.188576000000005 184.0 2
  60.302143 200.0 2
  60.306542 156.0 2
  60.446274 144.0 1
  60.496159 172.0 2
  60.656559 120.0 1
  60.661407000000004 96.0 1
  60.688015 132.0 1
  60.727898 320.0 3
  60.736454 224.0 2
  60.747341 212.0 2
  60.865334000000004 140.0 1
  60.942314 140.0 1
  61.031033 160.0 2
  61.140663 140.0 1
  61.374287 152.0 1
  61.650681 152.0 1
  61.851665000000004 84.0 1
  61.883228 152.0 1
  61.891014 140.0 1
  61.977276 144.0 1
  61.997044 172.0 2
  62.005497 176.0 2
  62.021099 156.0 2
  62.046043000000004 172.0 2
  62.153809 164.0 2
  62.314171 152.0 1
  62.414005 96.0 1
  62.592171 196.0 2
  62.605442000000004 228.0 2
  62.628269 32.0 0
  62.728504 216.0 2
  62.758011 176.0 2
  62.871799 132.0 1
  63.025581 260.0 3
  63.044373 240.0 2
  63.135284 168.0 2
  63.179939000000005 168.0 2
  63.242893 124.0 1
  63.440857 108.0 1
  63.457981000000004 184.0 2
  63.484516 108.0 1
  63.488457000000004 260.0 3
  63.584652 144.0 1
  63.646233 116.0 1
  63.678886 296.0 3
  63.737926 156.0 2
  63.801323000000004 168.0 2
  63.884083000000004 44.0 0
  63.93177 292.0 3
  64.104645 132.0 1
  64.161789 148.0 1
  64.357765 140.0 1
  64.36887399999999 160.0 2
  64.38679499999999 180.0 2
  64.399506 84.0 1
  64.564644 116.0 1
  64.69148299999999 196.0 2
  64.904671 92.0 1
  64.953903 164.0 2
  65.033974 108.0 1
  65.16210199999999 136.0 1
  65.370476 156.0 2
  65.407364 164.0 2
  65.454155 60.0 1
  65.513809 84.0 1
  65.526833 180.0 2
  65.59769399999999 156.0 2
  65.612808 144.0 1
  65.71968799999999 132.0 1
  65.811134 184.0 2
  66.067719 184.0 2
  66.07674399999999 184.0 2
  66.11838499999999 76.0 1
  66.309868 164.0 2
  66.571022 168.0 2
  66.602493 200.0 2
  66.616272 112.0 1
  66.746613 128.0 1
  66.873238 220.0 2
  66.935486 280.0 3
  66.96726199999999 148.0 1
  67.04927099999999 180.0 2
  67.108154 200.0 2
  67.2509 208.0 2
  67.42008999999999 152.0 1
  67.525337 216.0 2
  67.592232 140.0 1
  67.893692 200.0 2
  67.90411399999999 168.0 2
  68.19638099999999 132.0 1
  68.20676399999999 148.0 1
  68.21803999999999 216.0 2
  68.31565099999999 164.0 2
  68.345047 172.0 2
  68.50469199999999 168.0 2
  68.954247 80.0 1
  68.995628 324.0 3
  69.11134299999999 176.0 2
  69.173172 168.0 2
  69.220726 196.0 2
  69.33612799999999 188.0 2
  69.36653899999999 48.0 0
  69.377861 180.0 2
  69.393784 84.0 1
  69.44959999999999 32.0 0
  69.455925 156.0 2
  69.476395 248.0 2
  69.555641 196.0 2
  69.564308 132.0 1
  69.679993 184.0 2
  69.71606399999999 140.0 1
  69.971931 148.0 1
  70.004807 192.0 2
  70.08004799999999 208.0 2
  70.106743 128.0 1
  70.12039899999999 356.0 3
  70.16323899999999 112.0 1
  70.196953 264.0 3
  70.205086 172.0 2
  70.352547 92.0 1
  70.437607 140.0 1
  70.54969 184.0 2
  70.59632099999999 212.0 2
  70.70845 148.0 1
  70.76029199999999 116.0 1
  70.76856199999999 156.0 2
  70.797585 196.0 2
  70.83064999999999 144.0 1
  70.86260999999999 176.0 2
  70.88126399999999 192.0 2
  70.903961 236.0 2
  71.00072499999999 48.0 0
  71.06277499999999 84.0 1
  71.195152 152.0 1
  71.342339 120.0 1
  71.434006 152.0 1
  71.46457699999999 172.0 2
  71.482101 164.0 2
  71.541924 216.0 2
  71.598022 120.0 1
  71.65100899999999 244.0 2
  71.65859999999999 140.0 1
  71.764198 208.0 2
  71.773354 168.0 2
  71.793404 136.0 1
  72.07009099999999 124.0 1
  72.098343 128.0 1
  72.14018999999999 108.0 1
  72.187134 152.0 1
  72.24790999999999 196.0 2
  72.25786599999999 276.0 3
  72.289383 136.0 1
  72.302101 328.0 3
  72.396408 252.0 2
  72.417656 212.0 2
  72.580849 108.0 1
  72.69753299999999 80.0 1
  72.911476 184.0 2
  73.09436 156.0 2
  73.13873299999999 112.0 1
  73.19251999999999 112.0 1
  73.194054 100.0 1
  73.27296399999999 112.0 1
  73.437218 176.0 2
  73.461784 136.0 1
  73.57238799999999 96.0 1
  73.66715199999999 144.0 1
  73.737122 172.0 2
  73.804245 160.0 2
  73.830795 172.0 2
  73.88454399999999 180.0 2
  73.932327 324.0 3
  73.93334999999999 148.0 1
  74.02091999999999 188.0 2
  74.09523 152.0 1
  74.16877699999999 200.0 2
  74.199226 140.0 1
  74.43068699999999 168.0 2
  74.557198 136.0 1
  74.561386 160.0 2
  74.580185 136.0 1
  74.95185099999999 144.0 1
  75.098396 176.0 2
  75.45929699999999 292.0 3
  76.00051099999999 88.0 1
  76.029022 132.0 1
  76.030991 164.0 2
  76.039711 288.0 3
  76.075386 204.0 2
  76.178299 164.0 2
  76.304237 128.0 1
  76.5205 168.0 2
  76.52237699999999 280.0 3
  76.52259099999999 196.0 2
  76.625603 124.0 1
  76.650498 212.0 2
  76.70295 192.0 2
  76.71418 172.0 2
  76.76043 92.0 1
  76.914963 168.0 2
  76.91976899999999 208.0 2
  76.979874 180.0 2
  77.068817 200.0 2
  77.09801499999999 340.0 3
  77.173813 212.0 2
  77.36090899999999 176.0 2
  77.482986 192.0 2
  77.611626 200.0 2
  77.689903 184.0 2
  77.732895 152.0 1
  77.804947 128.0 1
  77.96263099999999 264.0 3
  78.056252 120.0 1
  78.08049 224.0 2
  78.09111 96.0 1
  78.113823 200.0 2
  78.29499799999999 52.0 1
  78.43223599999999 192.0 2
  78.537712 168.0 2
  78.72370099999999 192.0 2
  78.74351499999999 148.0 1
  78.74973299999999 152.0 1
  78.900368 124.0 1
  78.908638 124.0 1
  79.089005 164.0 2
  79.11224399999999 168.0 2
  79.13533 156.0 2
  79.487854 44.0 0
  79.49733699999999 132.0 1
  79.773438 124.0 1
  79.988068 160.0 2
  79.998222 68.0 1
  80.084953 184.0 2
  80.10071599999999 144.0 1
  80.101357 144.0 1
  80.14009899999999 208.0 2
  80.151344 276.0 3
  80.18363199999999 240.0 2
  80.315277 164.0 2
  80.352165 156.0 2
  80.553497 200.0 2
  80.648651 196.0 2
  80.665855 136.0 1
  80.72551 184.0 2
  80.837471 136.0 1
  80.931664 152.0 1
  81.07225 172.0 2
  81.091629 96.0 1
  81.098244 208.0 2
  81.17895499999999 184.0 2
  81.206108 132.0 1
  81.235687 188.0 2
  81.443733 224.0 2
  81.449135 176.0 2
  81.45622999999999 200.0 2
  81.575661 144.0 1
  81.644279 160.0 2
  81.82916999999999 176.0 2
  81.89690399999999 128.0 1
  81.99436999999999 88.0 1
  81.99845099999999 172.0 2
  82.107658 204.0 2
  82.12915 116.0 1
  82.17991599999999 184.0 2
  82.239052 108.0 1
  82.31501 124.0 1
  82.44440499999999 184.0 2
  82.60009799999999 48.0 0
  82.708084 168.0 2
  82.822212 184.0 2
  82.90637199999999 304.0 3
  83.123627 280.0 3
  83.12673199999999 212.0 2
  83.14197499999999 216.0 2
  83.20406299999999 140.0 1
  83.28685 140.0 1
  83.373627 148.0 1
  83.389122 152.0 1
  83.46582799999999 40.0 0
  83.47398399999999 132.0 1
  83.63673399999999 164.0 2
  83.844826 168.0 2
  83.86936999999999 40.0 0
  83.90149699999999 188.0 2
  83.90540299999999 160.0 2
  84.05886799999999 212.0 2
  84.26825699999999 196.0 2
  84.54384599999999 176.0 2
  84.68492099999999 76.0 1
  84.72567 152.0 1
  84.794754 188.0 2
  84.85387399999999 208.0 2
  84.962334 200.0 2
  84.96565199999999 160.0 2
  84.977806 180.0 2
  85.013206 156.0 2
  85.01965299999999 120.0 1
  85.026581 204.0 2
  85.06590999999999 196.0 2
  85.15068099999999 152.0 1
  85.231186 124.0 1
  85.277481 164.0 2
  85.288963 148.0 1
  85.304199 56.0 1
  85.48011 216.0 2
  85.53229499999999 56.0 1
  85.56384999999999 124.0 1
  85.67079199999999 132.0 1
  85.73101799999999 208.0 2
  85.759789 192.0 2
  85.94223799999999 144.0 1
  86.085815 140.0 1
  86.093346 172.0 2
  86.181648 160.0 2
  86.272385 116.0 1
  86.52635199999999 220.0 2
  86.94554099999999 80.0 1
  86.961807 196.0 2
  86.962296 172.0 2
  86.995438 148.0 1
  87.09223899999999 252.0 2
  87.19427499999999 168.0 2
  87.218048 140.0 1
  87.50980399999999 316.0 3
  87.594856 164.0 2
  87.63382 72.0 1
  87.75250199999999 168.0 2
  87.75601999999999 188.0 2
  87.792107 168.0 2
  87.889809 144.0 1
  87.944649 236.0 2
  88.05137599999999 124.0 1
  88.056793 208.0 2
  88.07421099999999 124.0 1
  88.130821 148.0 1
  88.325104 220.0 2
  88.349205 148.0 1
  88.45545999999999 192.0 2
  88.51439699999999 204.0 2
  88.75518799999999 148.0 1
  88.810791 236.0 2
  88.92560599999999 148.0 1
  88.943512 176.0 2
  88.950706 92.0 1
  89.06219499999999 180.0 2
  89.10949699999999 60.0 1
  89.189529 120.0 1
  89.195381 172.0 2
  89.26188699999999 156.0 2
  89.45813799999999 120.0 1
  89.475685 168.0 2
  89.588898 148.0 1
  89.688469 56.0 1
  89.79963699999999 100.0 1
  89.809113 212.0 2
  89.82811 136.0 1
  89.946114 144.0 1
  90.19841 124.0 1
  90.20809899999999 212.0 2
  90.23950199999999 172.0 2
  90.30245199999999 396.0 4
  90.85458399999999 188.0 2
  90.98535899999999 128.0 1
  91.020157 180.0 2
  91.02256 164.0 2
  91.065804 236.0 2
  91.10273 188.0 2
  91.16104899999999 204.0 2
  91.195427 152.0 1
  91.24884 132.0 1
  91.30425299999999 164.0 2
  91.311989 112.0 1
  91.40710399999999 248.0 2
  91.46024299999999 312.0 3
  91.479294 148.0 1
  91.499512 160.0 2
  91.77210199999999 172.0 2
  91.81922899999999 48.0 0
  91.85102099999999 156.0 2
  91.883347 116.0 1
  91.90341199999999 172.0 2
  92.05747199999999 2884.0 28
  92.057693 560.0 5
  92.05895199999999 872.870117 8
  92.10311899999999 168.0 2
  92.150757 184.0 2
  92.16101099999999 216.0 2
  92.2173 196.0 2
  92.279991 184.0 2
  92.289986 192.0 2
  92.665466 204.0 2
  92.70902299999999 264.0 3
  92.754677 136.0 1
  92.823067 144.0 1
  92.894577 220.0 2
  92.89710199999999 148.0 1
  92.924301 120.0 1
  93.324867 172.0 2
  93.524452 108.0 1
  93.531273 92.0 1
  93.66695399999999 172.0 2
  93.737648 172.0 2
  93.82565299999999 124.0 1
  93.980927 72.0 1
  93.98172 192.0 2
  94.043877 272.0 3
  94.06438399999999 140.0 1
  94.223457 168.0 2
  94.39209 120.0 1
  94.421883 240.0 2
  94.46811699999999 164.0 2
  94.693748 208.0 2
  94.72831699999999 192.0 2
  94.76329 80.0 1
  94.89546999999999 148.0 1
  94.952545 148.0 1
  95.039062 40.0 0
  95.16193399999999 156.0 2
  95.164909 152.0 1
  95.176132 148.0 1
  95.32150999999999 112.0 1
  95.394424 180.0 2
  95.49568199999999 220.0 2
  95.53079199999999 176.0 2
  95.57738499999999 400.0 4
  95.581589 80.0 1
  95.61769899999999 152.0 1
  95.806755 152.0 1
  95.81098899999999 152.0 1
  95.81942 196.0 2
  95.871178 64.0 1
  95.891891 188.0 2
  96.02059899999999 256.0 2
  96.04201499999999 248.0 2
  96.04450999999999 608.0 6
  96.061577 160.0 2
  96.07803299999999 140.0 1
  96.280266 288.0 3
  96.296127 180.0 2
  96.307175 76.0 1
  96.348 172.0 2
  96.467331 228.0 2
  96.512688 144.0 1
  96.558067 136.0 1
  96.58470899999999 156.0 2
  96.742798 172.0 2
  96.77785499999999 192.0 2
  96.799843 144.0 1
  96.840492 120.0 1
  96.86754599999999 208.0 2
  96.879173 172.0 2
  96.88834399999999 120.0 1
  96.904495 140.0 1
  96.93545499999999 276.0 3
  97.00902599999999 96.0 1
  97.074501 648.0 6
  97.080261 156.0 2
  97.12280299999999 140.0 1
  97.252083 180.0 2
  97.313126 172.0 2
  97.40840899999999 140.0 1
  97.420227 76.0 1
  97.47687499999999 176.0 2
  97.510567 188.0 2
  97.54255699999999 156.0 2
  97.563347 168.0 2
  97.603691 164.0 2
  97.72026799999999 164.0 2
  97.837227 160.0 2
  97.87822 160.0 2
  97.965729 328.0 3
  97.97951499999999 284.0 3
  97.988045 156.0 2
  98.015205 152.0 1
  98.03274499999999 240.0 2
  98.043129 224.0 2
  98.045082 156.0 2
  98.06369799999999 208.0 2
  98.249229 176.0 2
  98.29337299999999 168.0 2
  98.31233999999999 180.0 2
  98.36986499999999 164.0 2
  98.402031 96.0 1
  98.4216 984.0 10
  98.45700099999999 168.0 2
  98.48947899999999 84.0 1
  98.491936 100.0 1
  98.49848899999999 200.0 2
  98.51059699999999 228.0 2
  98.538742 188.0 2
  98.61065699999999 148.0 1
  98.61878999999999 44.0 0
  98.64756799999999 140.0 1
  98.678123 180.0 2
  98.786102 140.0 1
  98.938774 196.0 2
  99.058144 196.0 2
  99.08125299999999 108.0 1
  99.082588 204.0 2
  99.098923 264.0 3
  99.21052599999999 84.0 1
  99.270241 128.0 1
  99.291473 256.0 2
  99.310852 168.0 2
  99.35823099999999 196.0 2
  99.378288 56.0 1
  99.511208 44.0 0
  99.523911 140.0 1
  99.558235 112.0 1
  99.573349 128.0 1
  99.61125899999999 132.0 1
  99.69189499999999 104.0 1
  99.700684 104.0 1
  99.75123599999999 156.0 2
  99.76038399999999 128.0 1
  99.81095099999999 192.0 2
  99.85453799999999 188.0 2
  99.96477499999999 192.0 2
  99.96676599999999 168.0 2
  100.003372 152.0 1
  100.011147 188.0 2
  100.04274699999999 204.0 2
  100.051643 76.0 1
  100.11501299999999 800.0 8
  100.13971699999999 140.0 1
  100.143929 188.0 2
  100.33531199999999 240.0 2
  100.478279 172.0 2
  100.532806 216.0 2
  100.559097 176.0 2
  100.57427999999999 240.0 2
  100.62102499999999 204.0 2
  100.820808 36.0 0
  100.851585 468.0 5
  101.01102399999999 196.0 2
  101.05259699999999 128.0 1
  101.30201 168.0 2
  101.330956 224.0 2
  101.427582 188.0 2
  101.43324299999999 3.336538 0
  101.518181 144.0 1
  101.57876599999999 164.0 2
  101.611244 232.0 2
  101.613182 244.0 2
  101.67431599999999 10.20119 0
  101.728127 172.0 2
  101.754623 96.0 1
  101.76888299999999 268.0 3
  101.78015099999999 68.0 1
  101.81270599999999 188.0 2
  101.99524699999999 168.0 2
  102.04824099999999 184.0 2
  102.15155 188.0 2
  102.19601399999999 156.0 2
  102.221817 200.0 2
  102.226265 140.0 1
  102.25544 140.0 1
  102.319206 176.0 2
  102.351074 140.0 1
  102.371513 68.0 1
  102.406174 3.6 0
  102.45672599999999 148.0 1
  102.64506499999999 224.0 2
  102.68859099999999 220.0 2
  102.899963 160.0 2
  102.90126799999999 168.0 2
  102.903488 172.0 2
  102.926338 148.0 1
  103.05937999999999 96.0 1
  103.162506 176.0 2
  103.229637 60.0 1
  103.31050099999999 200.0 2
  103.339531 6.657051 0
  103.350281 176.0 2
  103.37476299999999 184.0 2
  103.502602 260.0 3
  103.59066 140.0 1
  103.61428799999999 100.0 1
  103.88485 132.0 1
  103.910316 252.0 2
  103.96825399999999 144.0 1
  104.01637299999999 732.0 7
  104.09423799999999 232.0 2
  104.15111499999999 248.0 2
  104.22990399999999 124.0 1
  104.255989 224.0 2
  104.27830499999999 124.0 1
  104.329308 176.0 2
  104.40002399999999 200.0 2
  104.494102 104.0 1
  104.62503099999999 180.0 2
  104.67566699999999 328.0 3
  104.68132 156.0 2
  104.76715899999999 184.0 2
  104.805717 172.0 2
  104.839676 152.0 1
  104.893349 76.0 1
  104.934753 160.0 2
  104.953499 188.0 2
  105.033447 451.299011 4
  105.057907 100.0 1
  105.070145 1284.0 12
  105.163406 148.0 1
  105.164368 172.0 2
  105.226631 72.0 1
  105.22943099999999 140.0 1
  105.29064899999999 140.0 1
  105.291389 112.0 1
  105.364876 180.0 2
  105.40240499999999 144.0 1
  105.425354 196.0 2
  105.43356299999999 48.0 0
  105.49501 116.0 1
  105.64211999999999 88.0 1
  105.65344999999999 15.26087 0
  105.668831 116.0 1
  105.68421199999999 232.0 2
  105.847977 180.0 2
  105.848244 64.0 1
  105.86533399999999 96.0 1
  105.88626099999999 224.0 2
  105.898552 380.0 4
  105.929642 184.0 2
  105.994682 144.0 1
  106.025719 136.0 1
  106.03334 228.0 2
  106.06208 168.0 2
  106.06601699999999 93.694221 1
  106.075081 380.0 4
  106.104637 176.0 2
  106.14662899999999 100.0 1
  106.173645 144.0 1
  106.191368 180.0 2
  106.225349 144.0 1
  106.256042 128.0 1
  106.261574 192.0 2
  106.267563 88.0 1
  106.33139 120.0 1
  106.353172 204.0 2
  106.413956 196.0 2
  106.451591 168.0 2
  106.515335 104.0 1
  106.531876 188.0 2
  106.642136 140.0 1
  106.643349 72.0 1
  106.676109 184.0 2
  106.678452 172.0 2
  106.74140899999999 48.120998 0
  106.887321 176.0 2
  106.93261 176.0 2
  106.95073699999999 168.0 2
  106.981285 128.0 1
  106.983284 84.0 1
  107.033958 164.0 2
  107.04892 920.0 9
  107.051903 156.0 2
  107.073555 10796.0 104
  107.16216999999999 100.0 1
  107.163963 80.0 1
  107.28697199999999 104.0 1
  107.287178 152.0 1
  107.565315 140.0 1
  107.62840299999999 188.0 2
  107.647667 144.0 1
  107.65982799999999 104.0 1
  107.734375 160.0 2
  107.740952 148.0 1
  107.76604499999999 128.0 1
  107.77810699999999 80.0 1
  107.860733 144.0 1
  107.899582 140.0 1
  107.94339799999999 232.0 2
  107.96463 88.0 1
  107.970131 128.0 1
  107.970726 56.0 1
  108.044838 332.0 3
  108.055511 180.0 2
  108.05658 500.0 5
  108.08822599999999 172.0 2
  108.170311 4.333333 0
  108.175339 116.0 1
  108.24707799999999 128.0 1
  108.26387 148.0 1
  108.29506699999999 196.0 2
  108.304642 236.0 2
  108.374969 172.0 2
  108.404381 88.0 1
  108.44517499999999 140.0 1
  108.489578 180.0 2
  108.504196 196.0 2
  108.526741 216.0 2
  108.53300499999999 156.0 2
  108.54663799999999 164.0 2
  108.61185499999999 152.0 1
  108.61585199999999 168.0 2
  108.656105 308.0 3
  108.79521199999999 132.0 1
  108.86312099999999 148.0 1
  108.89542399999999 160.0 2
  108.896507 208.0 2
  108.906357 144.0 1
  108.973236 148.0 1
  108.98383299999999 96.0 1
  109.023911 176.0 2
  109.029243 248.0 2
  109.051605 220.0 2
  109.09902199999999 380.0 4
  109.191475 116.0 1
  109.19912699999999 180.0 2
  109.295822 176.0 2
  109.351349 160.0 2
  109.445229 156.0 2
  109.455109 268.0 3
  109.473671 128.0 1
  109.544518 208.0 2
  109.715668 204.0 2
  109.727684 128.0 1
  109.730148 100.0 1
  109.75201399999999 128.0 1
  109.808746 160.0 2
  109.83479299999999 136.0 1
  109.84584 88.0 1
  109.93341799999999 140.0 1
  109.93689699999999 68.0 1
  109.956001 180.0 2
  109.96954299999999 180.0 2
  110.104942 118.138496 1
  110.183151 176.0 2
  110.245972 188.0 2
  110.34498599999999 148.0 1
  110.737251 140.0 1
  110.769234 176.0 2
  110.856827 204.0 2
  110.856972 112.0 1
  110.89656099999999 232.0 2
  110.91974599999999 168.0 2
  110.93122899999999 220.0 2
  110.93251 132.0 1
  110.94384799999999 144.0 1
  111.04718799999999 168.0 2
  111.10006 136.0 1
  111.179115 144.0 1
  111.39046499999999 180.0 2
  111.39164699999999 264.0 3
  111.42862699999999 200.0 2
  111.473396 128.0 1
  111.49950399999999 156.0 2
  111.517426 196.0 2
  111.638481 208.0 2
  111.66645799999999 152.0 1
  111.66830399999999 188.0 2
  111.689247 192.0 2
  111.704628 176.0 2
  111.804718 192.0 2
  111.809669 208.0 2
  111.888336 216.0 2
  112.08013199999999 196.0 2
  112.10561399999999 156.0 2
  112.110176 196.0 2
  112.21870399999999 200.0 2
  112.22917199999999 188.0 2
  112.23661799999999 164.0 2
  112.25299799999999 160.0 2
  112.28594199999999 44.0 0
  112.31559 144.0 1
  112.323296 204.0 2
  112.467278 372.0 4
  112.48732 112.0 1
  112.49076099999999 204.0 2
  112.52229299999999 156.0 2
  112.52512399999999 64.0 1
  112.533974 280.0 3
  112.59938799999999 156.0 2
  112.743217 152.0 1
  112.74452199999999 184.0 2
  112.779541 108.0 1
  112.809624 72.0 1
  112.826538 192.0 2
  112.855415 80.0 1
  112.994484 148.0 1
  112.998138 148.0 1
  113.01048999999999 224.0 2
  113.09355199999999 172.0 2
  113.10535399999999 76.0 1
  113.156898 100.0 1
  113.175201 152.0 1
  113.398918 152.0 1
  113.538445 92.0 1
  113.55117 56.0 1
  113.599426 160.0 2
  113.621544 252.0 2
  113.739159 220.0 2
  113.801941 84.0 1
  113.87093399999999 156.0 2
  113.95109599999999 160.0 2
  113.98237599999999 80.0 1
  114.011383 28.787621 0
  114.086411 96.0 1
  114.122208 152.0 1
  114.131874 26.29348 0
  114.17856599999999 96.0 1
  114.248375 156.0 2
  114.260216 56.0 1
  114.27494 14.3729 0
  114.27564199999999 224.0 2
  114.365776 464.0 4
  114.54538699999999 176.0 2
  114.640587 132.0 1
  114.973778 164.0 2
  115.02995299999999 168.0 2
  115.03388199999999 204.0 2
  115.12958499999999 124.0 1
  115.156578 120.0 1
  115.38926699999999 168.0 2
  115.39372999999999 112.0 1
  115.40965999999999 48.0 0
  115.478218 64.0 1
  115.49995399999999 112.0 1
  115.54727899999999 140.0 1
  115.65096299999999 252.0 2
  115.679863 156.0 2
  115.770485 220.0 2
  116.011276 212.0 2
  116.014893 144.0 1
  116.02637499999999 140.0 1
  116.05646499999999 632.0 6
  116.06366 276.0 3
  116.202553 180.0 2
  116.204888 44.0 0
  116.212357 152.0 1
  116.251976 152.0 1
  116.354889 204.0 2
  116.427841 144.0 1
  116.443642 140.0 1
  116.45208 196.0 2
  116.490822 7.276136 0
  116.67366799999999 216.0 2
  116.674568 184.0 2
  116.683601 220.0 2
  116.766098 148.0 1
  116.804993 256.0 2
  116.83519 84.0 1
  116.91049199999999 232.0 2
  117.07141899999999 308.0 3
  117.097466 192.0 2
  117.24394199999999 156.0 2
  117.270035 172.0 2
  117.379356 196.0 2
  117.463821 200.0 2
  117.499168 176.0 2
  117.61299899999999 128.0 1
  117.66180399999999 116.0 1
  117.662369 192.0 2
  117.713326 168.0 2
  117.77961699999999 108.0 1
  117.789177 160.0 2
  117.79828599999999 224.0 2
  117.88911399999999 64.0 1
  118.015205 164.0 2
  118.024895 208.0 2
  118.026184 140.0 1
  118.02714499999999 132.0 1
  118.065292 1691.547974 16
  118.125847 196.0 2
  118.284256 192.0 2
  118.299843 208.0 2
  118.349014 184.0 2
  118.382027 176.0 2
  118.489357 160.0 2
  118.521385 140.0 1
  118.611908 160.0 2
  118.89899399999999 152.0 1
  119.00939199999999 156.0 2
  119.04710399999999 152.0 1
  119.06002 1808.0 17
  119.086891 436.0 4
  119.114227 116.0 1
  119.19000199999999 32.0 0
  119.391403 208.0 2
  119.410507 120.0 1
  119.43491399999999 30.82649 0
  119.458092 144.0 1
  119.514938 40.0 0
  119.528267 152.0 1
  119.57103699999999 124.0 1
  119.585777 180.0 2
  119.634209 280.0 3
  119.739792 120.0 1
  119.762497 160.0 2
  119.777069 64.0 1
  119.781044 156.0 2
  119.87731199999999 184.0 2
  119.92308 96.0 1
  119.93025999999999 20.280041 0
  120.01926399999999 88.0 1
  120.02340699999999 320.0 3
  120.040543 160.0 2
  120.06618499999999 208.0 2
  120.070656 128.0 1
  120.12108599999999 72.0 1
  120.295448 152.0 1
  120.30381 148.0 1
  120.324821 212.0 2
  120.331177 180.0 2
  120.366653 164.0 2
  120.42590299999999 176.0 2
  120.43809499999999 64.0 1
  120.45406299999999 216.0 2
  120.547264 180.0 2
  120.700943 264.0 3
  120.720787 228.0 2
  120.788719 172.0 2
  120.789864 120.0 1
  120.85344699999999 164.0 2
  121.03925299999999 2092.0 20
  121.04116099999999 184.0 2
  121.045631 31.026711 0
  121.135857 160.0 2
  121.146599 164.0 2
  121.148788 108.0 1
  121.17482799999999 132.0 1
  121.27729 128.0 1
  121.33406099999999 104.0 1
  121.38668799999999 128.0 1
  121.458191 168.0 2
  121.60529299999999 44.0 0
  121.649002 164.0 2
  121.734489 36.0 0
  121.81974799999999 128.0 1
  121.920372 268.0 3
  121.951859 292.0 3
  122.022156 68.0 1
  122.037399 516.0 5
  122.03952799999999 172.0 2
  122.04577599999999 164.0 2
  122.077011 400.0 4
  122.10520199999999 144.0 1
  122.21410399999999 268.0 3
  122.227646 40.0 0
  122.241035 128.0 1
  122.241272 84.0 1
  122.452141 212.0 2
  122.477165 248.0 2
  122.52829 92.0 1
  122.595985 160.0 2
  122.681221 192.0 2
  122.695045 168.0 2
  122.793106 144.0 1
  122.979362 168.0 2
  123.02078999999999 116.0 1
  123.062874 84.0 1
  123.157867 208.0 2
  123.173172 88.0 1
  123.22689799999999 420.0 4
  123.420311 200.0 2
  123.55785399999999 40.0 0
  123.70747399999999 192.0 2
  123.731659 160.0 2
  123.7379 112.0 1
  123.84988399999999 204.0 2
  123.852318 140.0 1
  123.906509 160.0 2
  123.94492299999999 176.0 2
  123.976402 160.0 2
  124.002083 144.0 1
  124.022514 280.0 3
  124.05936399999999 112.0 1
  124.105865 144.0 1
  124.109917 616.0 6
  124.123238 156.0 2
  124.1716 280.0 3
  124.236572 168.0 2
  124.289558 192.0 2
  124.345345 152.0 1
  124.35775799999999 196.0 2
  124.35857399999999 216.0 2
  124.486511 196.0 2
  124.58770799999999 212.0 2
  124.63439899999999 160.0 2
  124.63926699999999 192.0 2
  124.71942899999999 188.0 2
  124.762695 60.0 1
  124.922882 196.0 2
  125.01355 188.0 2
  125.05832699999999 19.70476 0
  125.066887 112.0 1
  125.17163799999999 172.0 2
  125.184151 76.0 1
  125.256104 200.0 2
  125.261078 148.0 1
  125.274864 176.0 2
  125.27548999999999 88.0 1
  125.352959 180.0 2
  125.35408 76.0 1
  125.575485 148.0 1
  125.634941 168.0 2
  125.79206099999999 120.0 1
  125.859268 148.0 1
  125.937607 128.0 1
  126.06710799999999 1164.0 11
  126.16181999999999 124.0 1
  126.197914 236.0 2
  126.26641099999999 124.0 1
  126.311707 172.0 2
  126.435043 180.0 2
  126.46243299999999 84.0 1
  126.552208 152.0 1
  126.58579999999999 52.0 1
  126.61161799999999 5.414216 0
  126.670563 204.0 2
  126.731415 180.0 2
  126.780701 128.0 1
  126.78456899999999 200.0 2
  126.836159 48.0 0
  127.027138 188.0 2
  127.081994 336.0 3
  127.15637199999999 200.0 2
  127.169136 52.0 1
  127.215561 196.0 2
  127.728729 232.0 2
  127.892815 160.0 2
  127.897652 216.0 2
  127.964371 204.0 2
  128.049835 1812.0 18
  128.10611 228.0 2
  128.108673 56.0 1
  128.284439 180.0 2
  128.30336 9.733334 0
  128.71579 164.0 2
  128.989914 8.031566 0
  129.052399 2116.0 20
  129.053482 216.0 2
  129.05638100000002 156.0 2
  129.05754100000001 6472.0 63
  129.058731 2608.0 25
  129.069153 1180.0 11
  129.070358 192.0 2
  129.106049 176.0 2
  129.115417 172.0 2
  129.20784 220.0 2
  129.28195200000002 152.0 1
  129.306442 28.0 0
  129.30749500000002 88.0 1
  129.336288 168.0 2
  129.338638 220.0 2
  129.345245 144.0 1
  129.410889 40.0 0
  129.422928 120.0 1
  129.43071 120.0 1
  129.88157700000002 140.0 1
  129.88291900000002 84.0 1
  129.88583400000002 120.0 1
  129.886063 112.0 1
  129.928406 124.0 1
  130.002106 108.0 1
  130.074097 1328.0 13
  130.076416 150.164505 1
  130.08964500000002 156.0 2
  130.09433 200.0 2
  130.114807 168.0 2
  130.146683 160.0 2
  130.155777 192.0 2
  130.23249800000002 112.0 1
  130.263046 176.0 2
  130.340942 76.0 1
  130.477875 356.0 3
  130.488144 120.0 1
  130.53457600000002 188.0 2
  130.665848 132.0 1
  130.82814000000002 48.0 0
  130.86059600000002 176.0 2
  130.89686600000002 160.0 2
  130.992905 100.0 1
  130.99606300000002 120.0 1
  131.033813 96.0 1
  131.04866 1944.0 19
  131.053406 236.0 2
  131.071152 232.0 2
  131.142899 144.0 1
  131.351089 212.0 2
  131.43167100000002 64.0 1
  131.441925 128.0 1
  131.53955100000002 252.0 2
  131.60080000000002 140.0 1
  131.698914 112.0 1
  131.705765 180.0 2
  131.75778200000002 168.0 2
  131.77208000000002 328.0 3
  131.924576 148.0 1
  131.953979 196.0 2
  132.011337 192.0 2
  132.026047 204.0 2
  132.042969 136.0 1
  132.08223 348.0 3
  132.168427 228.0 2
  132.18782000000002 112.0 1
  132.265442 96.0 1
  132.28993200000002 64.0 1
  132.377182 88.0 1
  132.51942400000001 128.0 1
  132.563705 68.0 1
  132.604187 48.0 0
  132.82135 220.0 2
  132.855835 152.0 1
  132.861694 188.0 2
  132.879639 176.0 2
  132.887756 132.0 1
  132.97377 224.0 2
  133.04504400000002 2200.0 21
  133.06372100000002 516.0 5
  133.064331 40052.0 388
  133.066452 5604.0 54
  133.076782 256.0 2
  133.162003 176.0 2
  133.220123 5.801667 0
  133.38827500000002 140.0 1
  133.562698 220.0 2
  133.56332400000002 84.0 1
  133.712143 36.0 0
  133.715179 224.0 2
  133.751923 164.0 2
  133.972122 216.0 2
  133.993988 132.0 1
  134.03302000000002 120.0 1
  134.07058700000002 280.0 3
  134.09497100000002 340.697998 3
  134.096161 20500.0 198
  134.12489300000001 176.0 2
  134.12544300000002 64.0 1
  134.237854 136.0 1
  134.367355 328.0 3
  134.44996600000002 176.0 2
  134.541595 180.0 2
  134.560181 88.0 1
  134.576309 132.0 1
  134.608475 176.0 2
  134.627487 124.0 1
  134.677704 152.0 1
  134.701431 120.0 1
  134.758377 184.0 2
  134.766434 160.0 2
  134.84587100000002 96.0 1
  134.99087500000002 212.0 2
  135.06779500000002 4140.0 40
  135.126892 176.0 2
  135.12922700000001 40.0 0
  135.14502000000002 108.0 1
  135.215393 52.160091 1
  135.217545 80.0 1
  135.233429 108.0 1
  135.28633100000002 12.77778 0
  135.506638 104.0 1
  135.51767 164.0 2
  135.624878 224.0 2
  135.639175 192.0 2
  135.86750800000002 164.0 2
  135.921875 184.0 2
  136.01918 164.0 2
  136.096405 152.0 1
  136.193512 56.0 1
  136.285355 128.0 1
  136.294983 67.426193 1
  136.43429600000002 124.0 1
  136.439636 120.0 1
  136.53117400000002 124.0 1
  136.547974 172.0 2
  136.592789 156.0 2
  136.786194 160.0 2
  136.997299 212.0 2
  137.01606800000002 336.0 3
  137.070099 148.0 1
  137.10763500000002 252.0 2
  137.402298 196.0 2
  137.466583 92.0 1
  137.49916100000002 144.0 1
  137.587723 88.0 1
  137.591003 2.280048 0
  137.59149200000002 132.0 1
  137.632751 124.0 1
  137.67244 192.0 2
  137.69863900000001 176.0 2
  137.80796800000002 188.0 2
  137.830261 136.0 1
  137.969131 108.0 1
  137.98580900000002 148.0 1
  138.079147 188.0 2
  138.081421 152.0 1
  138.122025 36.0 0
  138.122818 76.0 1
  138.252625 168.0 2
  138.351212 100.0 1
  138.36270100000002 172.0 2
  138.55380200000002 176.0 2
  138.723923 168.0 2
  138.75396700000002 204.0 2
  138.884262 148.0 1
  138.98107900000002 120.0 1
  138.984253 176.0 2
  138.98822 252.0 2
  138.991928 244.0 2
  139.03843700000002 480.0 5
  139.04663100000002 180.0 2
  139.17283600000002 84.0 1
  139.278015 168.0 2
  139.376831 168.0 2
  139.38742100000002 104.0 1
  139.42543 272.0 3
  139.49284400000002 296.0 3
  139.61145000000002 208.0 2
  139.689514 112.0 1
  139.712341 156.0 2
  139.721695 168.0 2
  139.799576 148.0 1
  139.924438 152.0 1
  139.941086 120.0 1
  139.942032 148.0 1
  139.99203500000002 188.0 2
  140.047974 556.0 5
  140.10183700000002 284.0 3
  140.164948 224.0 2
  140.336136 156.0 2
  140.357651 72.0 1
  140.430618 216.0 2
  140.455017 172.0 2
  140.49142500000002 60.0 1
  140.587204 124.0 1
  140.636932 76.0 1
  140.653366 208.0 2
  140.741867 88.0 1
  140.81102 140.0 1
  140.837418 132.0 1
  140.851013 144.0 1
  140.87445100000002 168.0 2
  140.902344 208.0 2
  140.98382600000002 196.0 2
  141.006424 288.0 3
  141.01533500000002 136.0 1
  141.01701400000002 340.0 3
  141.057465 208.0 2
  141.06414800000002 144.0 1
  141.069229 868.0 8
  141.070206 148.609695 1
  141.1259 212.0 2
  141.185532 136.0 1
  141.275269 84.0 1
  141.326355 96.0 1
  141.346863 2.5 0
  141.66185000000002 136.0 1
  141.686584 56.0 1
  141.689987 76.0 1
  141.765244 7.751488 0
  141.82074 188.0 2
  141.821304 140.0 1
  141.843567 144.0 1
  141.852539 92.0 1
  141.860321 132.0 1
  141.966507 200.0 2
  142.08599900000002 224.0 2
  142.151321 160.0 2
  142.159149 8.667592 0
  142.22911100000002 208.0 2
  142.252747 156.0 2
  142.257889 160.0 2
  142.307388 128.0 1
  142.35289 272.0 3
  142.37080400000002 284.0 3
  142.42489600000002 208.0 2
  142.483505 192.0 2
  142.564133 128.0 1
  142.599579 200.0 2
  142.786896 172.0 2
  142.911957 172.0 2
  142.930573 52.0 1
  142.96701000000002 108.0 1
  143.02096600000002 156.0 2
  143.036255 168.0 2
  143.04423500000001 196.0 2
  143.11381500000002 752.0 7
  143.162201 144.0 1
  143.18512 204.0 2
  143.226517 96.0 1
  143.236649 204.0 2
  143.286621 64.0 1
  143.38479600000002 160.0 2
  143.443939 136.0 1
  143.46791100000002 120.0 1
  143.50264 280.0 3
  143.518188 92.0 1
  143.55452 324.0 3
  143.59440600000002 104.0 1
  143.60913100000002 200.0 2
  143.73983800000002 60.0 1
  143.917694 140.0 1
  144.050293 152.0 1
  144.055878 1104.0 11
  144.058411 148.0 1
  144.072205 156.0 2
  144.078583 152.0 1
  144.09355200000002 1024.20105 10
  144.196121 180.0 2
  144.329865 68.0 1
  144.39856 168.0 2
  144.39888000000002 60.0 1
  144.44653300000002 44.0 0
  144.467789 240.0 2
  144.512558 56.0 1
  144.53521700000002 108.0 1
  144.557953 11.39583 0
  144.603699 172.0 2
  144.658508 188.0 2
  144.66008000000002 136.0 1
  144.69021600000002 172.0 2
  144.837937 172.0 2
  144.87759400000002 160.0 2
  145.063751 136.0 1
  145.065186 180.0 2
  145.06625400000001 180.0 2
  145.185043 11.89628 0
  145.227936 56.0 1
  145.259171 100.0 1
  145.277085 64.0 1
  145.40364100000002 176.0 2
  145.409943 192.0 2
  145.415009 128.0 1
  145.501755 152.0 1
  145.515198 192.0 2
  145.603226 76.0 1
  145.635223 164.0 2
  145.83204700000002 100.0 1
  145.909622 180.0 2
  145.98829700000002 204.0 2
  145.99913 208.0 2
  146.03289800000002 160.0 2
  146.060638 168.0 2
  146.07077 1324.0 13
  146.105423 1396.0 14
  146.136917 112.0 1
  146.208862 92.0 1
  146.226395 172.0 2
  146.24031100000002 140.0 1
  146.339035 168.0 2
  146.434662 116.0 1
  146.445831 184.0 2
  146.46864300000001 172.0 2
  146.474197 144.0 1
  146.683334 40.0 0
  146.792435 156.0 2
  146.810089 28.0 0
  146.84402500000002 132.0 1
  147.004578 164.0 2
  147.06955000000002 216.0 2
  147.104248 6.666667 0
  147.10578900000002 296.0 3
  147.178268 76.0 1
  147.22641000000002 13.91667 0
  147.345032 100.0 1
  147.52404800000002 188.0 2
  147.580536 156.0 2
  147.631851 96.0 1
  147.690933 140.0 1
  147.853363 168.0 2
  147.913895 172.0 2
  147.915482 164.0 2
  148.068558 184.0 2
  148.074997 408.82251 4
  148.082077 864.0 8
  148.08812 128.0 1
  148.25915500000002 92.0 1
  148.30633500000002 40.0 0
  148.309967 172.0 2
  148.31251500000002 104.0 1
  148.475235 176.0 2
  148.48465000000002 124.0 1
  148.490585 100.0 1
  148.518402 92.0 1
  148.531403 184.0 2
  148.650192 164.0 2
  148.673676 204.0 2
  148.73764 128.0 1
  148.75082400000002 136.0 1
  148.790909 240.0 2
  148.88504 176.0 2
  148.943542 168.0 2
  149.00206 380.0 4
  149.015411 300.0 3
  149.016937 1268.0 12
  149.05131500000002 196.0 2
  149.09440600000002 500.0 5
  149.14575200000002 264.0 3
  149.156281 112.0 1
  149.189178 172.0 2
  149.23339800000002 92.0 1
  149.314117 52.0 1
  149.315033 160.0 2
  149.421982 48.0 0
  149.455276 88.0 1
  149.493332 136.0 1
  149.58017 120.0 1
  149.596955 148.0 1
  149.644989 212.0 2
  149.645523 180.0 2
  149.676758 112.0 1
  149.699326 308.0 3
  149.841354 116.0 1
  149.86196900000002 184.0 2
  149.89111300000002 112.0 1
  149.904861 200.0 2
  149.91670200000002 120.0 1
  149.922089 128.0 1
  149.944229 144.0 1
  149.953262 84.0 1
  150.01237500000002 280.0 3
  150.09137 1084.0 10
  150.096664 108.0 1
  150.119537 116.0 1
  150.354507 128.0 1
  150.368698 224.0 2
  150.39064000000002 192.0 2
  150.502609 184.0 2
  150.536469 200.0 2
  150.608994 244.0 2
  150.64514200000002 60.0 1
  150.78041100000002 44.0 0
  151.000076 152.0 1
  151.127258 116.0 1
  151.13081400000002 216.0 2
  151.259598 168.0 2
  151.437622 132.0 1
  151.439758 172.0 2
  151.45134000000002 64.0 1
  151.482941 336.0 3
  151.504669 152.0 1
  151.559143 208.0 2
  151.586777 52.0 1
  151.723511 104.0 1
  151.828812 168.0 2
  151.952087 112.0 1
  151.956589 136.0 1
  152.00827 164.0 2
  152.078583 380.0 4
  152.11528 224.0 2
  152.27063 184.0 2
  152.329376 188.0 2
  152.521667 160.0 2
  152.59715300000002 128.0 1
  152.60067700000002 204.0 2
  152.61294600000002 80.0 1
  152.77487200000002 168.0 2
  152.89506500000002 220.0 2
  152.927628 204.0 2
  153.070694 292.0 3
  153.108505 52.0 1
  153.108582 88.0 1
  153.125214 208.0 2
  153.13609300000002 344.0 3
  153.267029 196.0 2
  153.343887 104.0 1
  153.368225 284.0 3
  153.43382300000002 152.0 1
  153.510605 172.0 2
  153.77276600000002 144.0 1
  153.944061 204.0 2
  154.001251 88.0 1
  154.003693 172.0 2
  154.03268400000002 28.0 0
  154.06684900000002 220.0 2
  154.07692 168.0 2
  154.119034 176.0 2
  154.154816 188.0 2
  154.196671 196.0 2
  154.266602 144.0 1
  154.399292 252.0 2
  154.44386300000002 9.760057 0
  154.521362 108.0 1
  154.52272000000002 84.0 1
  154.53114300000001 144.0 1
  154.549454 40.0 0
  154.575363 120.0 1
  154.643784 204.0 2
  154.738693 220.0 2
  154.78791800000002 128.0 1
  155.085022 812.0 8
  155.15330500000002 176.0 2
  155.41511500000001 124.0 1
  155.433716 176.0 2
  155.47885100000002 72.0 1
  155.583054 140.0 1
  155.692612 204.0 2
  155.708359 228.0 2
  155.749039 196.0 2
  155.81028700000002 84.0 1
  156.057724 668.0 6
  156.075623 116.0 1
  156.09108 2208.0 21
  156.095383 156.0 2
  156.099487 1640.0 16
  156.219315 160.0 2
  156.354385 156.0 2
  156.43689 156.0 2
  156.44632000000001 124.0 1
  156.55067400000001 140.0 1
  156.576416 220.0 2
  156.699036 132.0 1
  156.703644 132.0 1
  156.78637700000002 176.0 2
  156.83522000000002 52.0 1
  156.890289 48.0 0
  156.91033900000002 180.0 2
  156.921143 64.0 1
  156.95626800000002 156.0 2
  156.962936 188.0 2
  157.008804 164.0 2
  157.01889 188.0 2
  157.03064 312.0 3
  157.04667700000002 156.0 2
  157.061005 180.0 2
  157.08810400000002 5818.830078 56
  157.0952 136.0 1
  157.105118 108.0 1
  157.295868 136.0 1
  157.363632 132.0 1
  157.438904 204.0 2
  157.482346 212.0 2
  157.566223 120.0 1
  157.637497 204.0 2
  157.918304 132.0 1
  158.057297 280.0 3
  158.069656 160.0 2
  158.092834 228.0 2
  158.19258100000002 200.0 2
  158.201447 76.0 1
  158.22816500000002 176.0 2
  158.247375 152.0 1
  158.31665 156.0 2
  158.327484 84.0 1
  158.430115 40.0 0
  158.57302900000002 144.0 1
  158.59011800000002 184.0 2
  158.646591 124.0 1
  158.693298 96.0 1
  158.866196 188.0 2
  159.04367100000002 180.0 2
  159.059006 252.0 2
  159.06109600000002 188.0 2
  159.069504 196.0 2
  159.114044 196.0 2
  159.19570900000002 108.0 1
  159.242599 164.0 2
  159.297852 72.0 1
  159.355392 160.0 2
  159.424286 220.0 2
  159.43029800000002 104.0 1
  159.465158 168.0 2
  159.470108 172.0 2
  159.508224 64.0 1
  159.59788500000002 116.0 1
  159.619492 116.0 1
  159.806091 176.0 2
  159.81784100000002 88.0 1
  159.936005 112.0 1
  159.96202100000002 120.0 1
  160.006851 92.0 1
  160.07569900000001 55.100868 1
  160.075836 2076.0 20
  160.07624800000002 53616.0 519
  160.107651 164.0 2
  160.12960800000002 220.0 2
  160.16713000000001 80.0 1
  160.20489500000002 52.0 1
  160.277847 180.0 2
  160.28714000000002 104.0 1
  160.297043 44.0 0
  160.338593 156.0 2
  160.36256400000002 120.0 1
  160.37300100000002 180.0 2
  160.384399 100.0 1
  160.43434100000002 116.0 1
  160.434586 200.0 2
  160.709732 184.0 2
  160.710587 132.0 1
  160.72790500000002 164.0 2
  160.746994 140.0 1
  160.74884 132.0 1
  160.75155600000002 280.0 3
  160.75671400000002 2.835938 0
  161.056915 124.0 1
  161.05806 616.0 6
  161.13209500000002 184.0 2
  161.29547100000002 248.0 2
  161.307678 152.0 1
  161.35089100000002 108.0 1
  161.36093100000002 64.0 1
  161.37011700000002 140.0 1
  161.39651500000002 200.0 2
  161.47584500000002 144.0 1
  161.502579 64.0 1
  161.58985900000002 152.0 1
  161.626526 168.0 2
  161.66850300000002 136.0 1
  161.815277 160.0 2
  161.935867 188.0 2
  162.20996100000002 164.0 2
  162.23838800000001 164.0 2
  162.25572200000002 140.0 1
  162.27461200000002 164.0 2
  162.282394 160.0 2
  162.335968 148.0 1
  162.387009 192.0 2
  162.46133400000002 140.0 1
  162.704697 104.0 1
  162.83728000000002 88.0 1
  162.895218 56.0 1
  162.980682 92.0 1
  163.02392600000002 176.0 2
  163.101547 132.0 1
  163.109238 392.0 4
  163.11621100000002 164.0 2
  163.244766 200.0 2
  163.369583 140.0 1
  163.387192 60.0 1
  163.43820200000002 164.0 2
  163.503342 8.049797 0
  163.528458 244.0 2
  163.55294800000001 80.0 1
  163.56791700000002 220.0 2
  163.623993 220.0 2
  163.81272900000002 156.0 2
  163.84672500000002 192.0 2
  163.88900800000002 168.0 2
  163.925934 52.0 1
  163.959915 72.0 1
  164.026138 2204.0 21
  164.07988 164.0 2
  164.084595 252.0 2
  164.34613000000002 18.67737 0
  164.403061 188.0 2
  164.453033 168.0 2
  164.700165 44.0 0
  164.76236 152.0 1
  164.77662700000002 352.0 3
  164.84397900000002 172.0 2
  164.852875 80.0 1
  164.91828900000002 312.0 3
  165.070297 103228.0 999
  165.07276900000002 216.0 2
  165.16026300000001 132.0 1
  165.270096 136.0 1
  165.32728600000002 288.0 3
  165.346146 224.0 2
  165.44374100000002 120.0 1
  165.512482 192.0 2
  165.581711 180.0 2
  165.639801 120.0 1
  165.66592400000002 52.0 1
  165.986221 11.52466 0
  166.012787 2028.0 20
  166.02276600000002 628.0 6
  166.026657 112.0 1
  166.05229200000002 87.000366 1
  166.052704 172.0 2
  166.060165 1820.0 18
  166.08371 52.0 1
  166.111862 140.0 1
  166.13085900000002 160.0 2
  166.14051800000001 72.0 1
  166.147568 176.0 2
  166.37428300000002 68.0 1
  166.413025 164.0 2
  166.420486 140.0 1
  166.42157 132.0 1
  166.51817300000002 204.0 2
  166.540482 14.12971 0
  166.62316900000002 156.0 2
  166.808167 14.04847 0
  166.971527 100.0 1
  167.022415 204.0 2
  167.071136 184.0 2
  167.076584 1668.0 16
  167.10295100000002 148.0 1
  167.14210500000002 201.152893 2
  167.17622400000002 28.0 0
  167.181427 100.0 1
  167.18270900000002 208.0 2
  167.25293000000002 136.0 1
  167.28070100000002 188.0 2
  167.28320300000001 192.0 2
  167.324585 80.0 1
  167.34449800000002 216.0 2
  167.349442 96.0 1
  167.403381 152.0 1
  167.411911 10.49425 0
  167.460449 100.0 1
  167.552399 292.0 3
  167.56897 144.0 1
  167.867188 284.0 3
  167.86952200000002 220.0 2
  168.2229 124.0 1
  168.22996500000002 88.0 1
  168.253784 76.0 1
  168.366531 116.0 1
  168.40124500000002 160.0 2
  168.45687900000001 308.0 3
  168.495193 168.0 2
  168.508438 48.0 0
  168.510895 156.0 2
  168.742874 156.0 2
  168.77809100000002 196.0 2
  168.789917 152.0 1
  168.995071 96.0 1
  169.02607700000002 148.0 1
  169.078552 170.825302 2
  169.114227 180.0 2
  169.147308 220.0 2
  169.21997100000002 132.0 1
  169.252747 276.0 3
  169.385773 80.0 1
  169.50195300000001 48.0 0
  169.530945 52.0 1
  169.591766 124.0 1
  169.698257 256.0 2
  169.85188300000002 144.0 1
  169.881699 264.0 3
  169.907318 148.0 1
  169.989136 56.0 1
  170.137955 108.0 1
  170.31753500000002 84.0 1
  170.377274 100.0 1
  170.459885 128.0 1
  170.52589400000002 52.0 1
  170.55023200000002 180.0 2
  170.610733 140.0 1
  170.63969400000002 44.0 0
  170.860062 168.0 2
  170.881561 240.0 2
  170.965912 140.0 1
  170.997467 60.0 1
  170.998566 108.0 1
  171.04129 108.0 1
  171.103104 224.0 2
  171.170746 4.840074 0
  171.396637 136.0 1
  171.445602 136.0 1
  171.52861000000001 236.0 2
  171.534073 17.091459 0
  171.91629 120.0 1
  171.986588 88.0 1
  172.048416 136.0 1
  172.067505 48.859669 0
  172.082962 196.0 2
  172.087234 304.0 3
  172.088165 576.0 6
  172.097351 112.0 1
  172.112122 172.0 2
  172.112152 840.0 8
  172.239304 52.0 1
  172.31076000000002 64.0 1
  172.333344 160.0 2
  172.56774900000002 120.0 1
  172.622299 156.0 2
  172.688492 172.0 2
  172.695557 180.0 2
  172.71348600000002 156.0 2
  172.71417200000002 136.0 1
  172.811508 76.0 1
  172.813812 52.0 1
  172.88157700000002 132.0 1
  173.01297 928.0 9
  173.062012 188.0 2
  173.076233 144.0 1
  173.234055 132.0 1
  173.274002 176.0 2
  173.334351 100.0 1
  173.495148 25.236111 0
  173.62982200000002 124.0 1
  173.63591 132.0 1
  173.863861 156.0 2
  174.025375 144.0 1
  174.06601 3336.0 32
  174.100922 104.0 1
  174.42700200000002 156.0 2
  174.479813 64.0 1
  174.52478000000002 44.0 0
  174.545441 120.0 1
  174.597824 168.0 2
  174.654007 64.0 1
  174.831894 176.0 2
  174.851761 216.0 2
  174.99224900000002 156.0 2
  175.040359 2172.0 21
  175.058731 200.0 2
  175.11319 672.0 7
  175.12265000000002 588.0 6
  175.157272 124.0 1
  175.23434400000002 180.0 2
  175.244812 132.0 1
  175.301971 104.0 1
  175.343781 124.0 1
  175.37539700000002 116.0 1
  175.964233 3.335526 0
  175.992859 168.0 2
  176.07475300000002 348.0 3
  176.107147 1384.0 13
  176.140182 13.29348 0
  176.1996 216.0 2
  176.24061600000002 128.0 1
  176.25885 140.0 1
  176.261703 156.0 2
  176.264801 172.0 2
  176.29747 56.0 1
  176.683029 328.0 3
  176.68396 128.0 1
  176.89883400000002 96.0 1
  176.98100300000002 112.0 1
  176.992126 8.540064 0
  177.0 34.854763 0
  177.012817 84.0 1
  177.04577600000002 180.0 2
  177.07016000000002 164.0 2
  177.09066800000002 596.0 6
  177.202057 180.0 2
  177.393021 92.0 1
  177.409378 88.0 1
  177.448776 184.0 2
  177.541748 104.0 1
  177.841934 156.0 2
  177.869247 64.0 1
  177.958191 236.0 2
  178.206009 40.0 0
  178.238358 144.0 1
  178.40060400000002 176.0 2
  178.533127 180.0 2
  178.771255 88.0 1
  178.858948 60.0 1
  178.98632800000001 212.0 2
  178.988953 176.0 2
  179.01503 18.81255 0
  179.032913 528.0 5
  179.083786 652.0 6
  179.084305 1704.0 16
  179.38230900000002 248.0 2
  179.494812 84.0 1
  179.508072 188.0 2
  179.532715 184.0 2
  179.606537 80.0 1
  179.646423 172.0 2
  179.674347 228.0 2
  179.79061900000002 44.0 0
  179.80801400000001 236.0 2
  179.823135 132.0 1
  179.834686 144.0 1
  179.92321800000002 256.0 2
  180.04422 516.0 5
  180.100815 2268.0 22
  180.104431 72.0 1
  180.112015 156.0 2
  180.238159 172.0 2
  180.25379900000001 132.0 1
  180.27475 340.0 3
  180.29573100000002 180.0 2
  180.31736800000002 164.0 2
  180.369202 92.0 1
  180.512924 80.0 1
  180.513214 192.0 2
  180.522736 108.0 1
  180.52626 156.0 2
  180.598846 96.0 1
  181.013596 260.0 3
  181.154648 164.0 2
  181.155045 148.0 1
  181.253052 136.0 1
  181.344818 48.0 0
  181.600021 84.0 1
  181.756012 80.0 1
  181.91420000000002 244.0 2
  181.973846 100.0 1
  182.00441 144.0 1
  182.015015 136.0 1
  182.096619 37.85796 0
  182.219528 116.0 1
  182.46580500000002 192.0 2
  182.538528 48.0 0
  182.643631 128.0 1
  182.796127 92.0 1
  182.890961 236.0 2
  182.940415 140.0 1
  183.057373 60.0 1
  183.07148700000002 528.0 5
  183.075104 164.0 2
  183.103073 904.0 9
  183.196381 148.0 1
  183.211838 168.0 2
  183.24241600000002 180.0 2
  183.290955 56.0 1
  183.318512 116.0 1
  183.40448 56.0 1
  183.409927 144.0 1
  183.432159 172.0 2
  183.44021600000002 156.0 2
  183.460464 180.0 2
  183.607193 72.0 1
  183.620499 88.0 1
  183.642502 88.0 1
  183.75224300000002 204.0 2
  183.85887100000002 88.0 1
  183.913071 216.0 2
  183.94873 43.591942 0
  184.01895100000002 360.0 3
  184.101868 64.0 1
  184.134354 264.0 3
  184.217804 216.0 2
  184.300476 172.0 2
  184.40295400000002 136.0 1
  184.41644300000002 68.0 1
  184.606506 108.0 1
  184.71125800000002 136.0 1
  184.727249 96.0 1
  184.77783200000002 128.0 1
  184.824554 252.0 2
  184.896255 188.0 2
  184.89944500000001 108.0 1
  184.9384 204.0 2
  184.988846 1276.0 12
  185.071716 148.0 1
  185.127991 88.0 1
  185.199982 72.0 1
  185.319305 48.0 0
  185.325851 72.0 1
  185.330963 120.0 1
  185.39445500000002 96.0 1
  185.430374 100.0 1
  185.555496 136.0 1
  185.747345 128.0 1
  185.81572 88.0 1
  185.88526900000002 332.0 3
  185.891907 156.0 2
  185.957794 120.0 1
  185.961365 228.0 2
  186.06298800000002 5988.0 58
  186.08905000000001 308.0 3
  186.12390100000002 168.0 2
  186.164429 112.0 1
  186.187408 168.0 2
  186.328369 224.0 2
  186.446472 180.0 2
  186.735947 52.0 1
  186.933731 76.0 1
  187.024582 100.0 1
  187.035782 132.0 1
  187.051727 80.0 1
  187.08221400000002 188.0 2
  187.36140400000002 176.0 2
  187.60325600000002 156.0 2
  187.632629 164.0 2
  187.809402 100.0 1
  187.855453 196.0 2
  187.91055300000002 76.0 1
  188.008743 160.0 2
  188.074081 120.0 1
  188.36810300000002 68.0 1
  188.41253700000001 272.0 3
  188.645721 136.0 1
  188.65815700000002 172.0 2
  188.692871 116.0 1
  188.82333400000002 184.0 2
  188.99229400000002 76.0 1
  189.049759 168.0 2
  189.06526200000002 8909.426758 86
  189.089203 4528.0 44
  189.103149 2508.0 24
  189.12750200000002 122.441299 1
  189.186081 48.0 0
  189.295395 188.0 2
  189.571686 152.0 1
  189.57399 116.0 1
  189.676666 168.0 2
  189.688318 96.0 1
  189.748703 92.0 1
  189.76443500000002 124.0 1
  189.830734 88.0 1
  189.86767600000002 128.0 1
  189.921432 140.0 1
  189.995834 304.0 3
  190.045456 264.0 3
  190.129333 76.0 1
  190.133789 96.0 1
  190.266861 108.0 1
  190.306992 216.0 2
  190.465744 36.0 0
  190.674835 84.0 1
  190.76478600000002 176.0 2
  190.78923 64.0 1
  190.811172 92.0 1
  190.87780800000002 84.0 1
  191.032669 268.0 3
  191.054413 156.0 2
  191.07431 140.0 1
  191.084503 172.0 2
  191.20605500000002 60.0 1
  191.258926 164.0 2
  191.33569300000002 220.0 2
  191.414093 344.0 3
  191.468536 96.0 1
  191.52842700000002 112.0 1
  191.812714 40.971745 0
  191.900757 172.0 2
  191.992905 108.0 1
  192.015579 84.0 1
  192.069626 184.0 2
  192.090576 312.0 3
  192.111115 176.0 2
  192.120987 1620.0 16
  192.21107500000002 60.0 1
  192.277374 140.0 1
  192.38742100000002 172.0 2
  192.390793 148.0 1
  192.65029900000002 116.0 1
  192.661957 156.0 2
  192.697418 76.0 1
  192.777023 212.0 2
  192.821335 48.0 0
  192.826584 204.0 2
  193.047394 132.0 1
  193.06964100000002 100.0 1
  193.080734 1688.0 16
  193.086105 5592.0 54
  193.08763100000002 200.0 2
  193.152649 320.0 3
  193.392044 168.0 2
  193.434158 168.0 2
  193.598083 168.0 2
  193.782974 432.0 4
  193.866623 200.0 2
  193.922256 40.0 0
  193.996552 52.0 1
  194.056656 312.0 3
  194.06607100000002 428.0 4
  194.078644 592.0 6
  194.097733 168.0 2
  194.118759 244.0 2
  194.139847 288.0 3
  194.216599 72.0 1
  194.21713300000002 136.0 1
  194.246002 104.0 1
  194.266983 48.0 0
  194.48022500000002 104.0 1
  194.58467100000001 120.0 1
  194.608765 76.0 1
  194.86174 96.0 1
  194.881821 196.0 2
  194.954361 224.0 2
  195.10659800000002 172.0 2
  195.30661 84.0 1
  195.314117 152.0 1
  195.679382 116.0 1
  195.716309 80.0 1
  195.74108900000002 144.0 1
  195.76658600000002 40.0 0
  196.067764 72.0 1
  196.089111 1232.0 12
  196.213669 168.0 2
  196.22868300000002 148.0 1
  196.302277 148.0 1
  196.318802 156.0 2
  196.467682 124.0 1
  196.495316 120.0 1
  196.597122 80.0 1
  196.60372900000002 40.0 0
  196.884918 7.088443 0
  196.917908 88.0 1
  196.96592700000002 144.0 1
  197.005447 48.0 0
  197.093964 68.0 1
  197.212891 68.0 1
  197.222565 196.0 2
  197.32196000000002 92.0 1
  197.33606 236.0 2
  197.394363 104.0 1
  197.41333 4.340909 0
  197.73524500000002 196.0 2
  197.75842300000002 136.0 1
  197.99087500000002 268.0 3
  198.02623 164.0 2
  198.068512 1112.0 11
  198.070053 204.0 2
  198.09787 424.0 4
  198.328552 60.0 1
  198.48924300000002 32.0 0
  198.56166100000002 104.0 1
  198.602509 312.0 3
  198.92326400000002 244.0 2
  198.95146200000002 196.0 2
  199.012833 200.0 2
  199.09285 124.0 1
  199.15060400000002 92.0 1
  199.289322 96.0 1
  199.402252 88.0 1
  199.50546300000002 136.0 1
  199.52662700000002 224.0 2
  199.551575 180.0 2
  200.02392600000002 140.0 1
  200.06140100000002 6412.0 62
  200.224274 160.0 2
  200.502319 52.0 1
  200.559753 184.0 2
  201.012695 1.216667 0
  201.029968 72.0 1
  201.043564 2274.215088 22
  201.059235 156.209305 2
  201.094604 104.0 1
  201.115204 88.0 1
  201.12596100000002 16.72991 0
  201.273682 96.0 1
  201.322357 312.0 3
  201.816452 60.0 1
  201.971924 240.0 2
  201.975906 164.0 2
  202.058594 1536.0 15
  202.09419300000002 152.0 1
  202.211029 172.0 2
  202.286789 6.840517 0
  202.357834 200.0 2
  202.393265 172.0 2
  202.803635 104.0 1
  202.977509 236.0 2
  203.010651 128.0 1
  203.022522 40.0 0
  203.050735 80.0 1
  203.053085 328.0 3
  203.081299 56.0 1
  203.08393900000002 1836.0 18
  203.144089 7896.0 76
  203.18249500000002 148.0 1
  203.232208 144.0 1
  203.373062 76.0 1
  203.87016300000002 128.0 1
  203.967163 40.0 0
  204.016037 140.0 1
  204.14442400000001 180.0 2
  204.774292 96.0 1
  204.902542 48.0 0
  205.14939900000002 152.0 1
  205.185211 148.0 1
  205.187317 136.0 1
  205.353714 312.0 3
  205.361557 80.0 1
  205.715256 12.69231 0
  206.03559900000002 184.0 2
  206.08519 148.0 1
  206.088806 204.408203 2
  206.097992 184.0 2
  206.10475200000002 304.0 3
  206.124268 140.0 1
  206.158951 60.0 1
  206.165558 76.0 1
  206.24025 180.0 2
  206.34967 136.0 1
  206.578079 184.0 2
  206.64334100000002 60.0 1
  206.765961 48.0 0
  206.871902 116.0 1
  206.992645 136.0 1
  207.007767 152.0 1
  207.044006 140.0 1
  207.15799 136.0 1
  207.26538100000002 44.0 0
  207.30474900000002 128.0 1
  207.52710000000002 32.0 0
  207.578888 160.0 2
  207.952179 196.0 2
  207.97726400000002 70.516853 1
  208.09513900000002 184.0 2
  208.251541 200.0 2
  208.281113 180.0 2
  208.308746 192.0 2
  208.322052 100.0 1
  208.37188700000002 156.0 2
  208.38038600000002 160.0 2
  208.436813 200.0 2
  208.50607300000001 168.0 2
  208.539566 164.0 2
  208.54530300000002 180.0 2
  208.750641 112.0 1
  208.888519 152.0 1
  208.93974300000002 104.0 1
  209.066406 1772.0 17
  209.097916 104.0 1
  209.119629 188.0 2
  209.318085 272.0 3
  209.406403 32.0 0
  209.480042 48.0 0
  209.632965 212.0 2
  209.737381 116.0 1
  209.83725 84.0 1
  210.00224300000002 204.0 2
  210.034134 148.0 1
  210.061111 40.0 0
  210.0729 104.0 1
  210.23382600000002 176.0 2
  210.34909100000002 48.0 0
  210.368561 148.0 1
  210.48999 132.0 1
  210.49606300000002 268.0 3
  210.602112 116.0 1
  210.62046800000002 72.0 1
  210.656372 36.0 0
  210.69030800000002 5.026175 0
  210.70192 60.0 1
  210.74478100000002 124.0 1
  210.86644 220.0 2
  210.962265 112.0 1
  211.04603600000002 352.0 3
  211.08607500000002 6012.0 58
  211.095459 744.0 7
  211.109879 136.0 1
  211.121857 164.0 2
  211.349243 48.0 0
  211.504257 44.0 0
  211.582199 84.0 1
  211.68283100000002 164.0 2
  211.866577 232.0 2
  211.97493 44.0 0
  212.086014 200.0 2
  212.096756 176.0 2
  212.098389 512.0 5
  212.114014 208.0 2
  212.13403300000002 132.0 1
  212.205338 172.0 2
  212.25882000000001 12.44167 0
  212.28512600000002 92.0 1
  212.38342300000002 136.0 1
  212.501617 40.0 0
  212.907501 96.0 1
  212.913193 140.0 1
  213.012405 144.0 1
  213.050552 180.0 2
  213.28341700000001 2.722222 0
  213.51211500000002 6.75 0
  213.52186600000002 176.0 2
  213.52203400000002 140.0 1
  213.53817700000002 164.0 2
  213.553345 124.0 1
  213.735306 68.0 1
  213.737244 160.0 2
  213.885941 104.0 1
  214.02305 236.0 2
  214.081375 212.0 2
  214.086792 144.0 1
  214.14016700000002 88.0 1
  214.15579200000002 340.0 3
  214.264587 168.0 2
  214.37591600000002 20.45476 0
  214.53105200000002 196.0 2
  214.60231000000002 148.0 1
  214.857925 160.0 2
  214.930786 76.0 1
  214.942184 44.0 0
  215.013397 156.0 2
  215.037155 128.0 1
  215.038788 152.0 1
  215.085587 168.0 2
  215.17823800000002 92.0 1
  215.34802200000001 136.0 1
  215.54534900000002 88.0 1
  215.64312700000002 100.0 1
  215.768326 396.0 4
  215.799088 168.0 2
  215.803223 192.0 2
  215.932907 148.0 1
  215.951843 200.0 2
  215.98164400000002 136.0 1
  216.052887 176.0 2
  216.1483 580.0 6
  216.22061200000002 120.0 1
  216.291061 100.0 1
  216.427323 40.0 0
  216.79341100000002 124.0 1
  216.798157 144.0 1
  216.88192700000002 164.0 2
  216.990646 196.0 2
  217.071762 576.0 6
  217.101471 744.0 7
  217.17790200000002 276.0 3
  217.313278 144.0 1
  217.353714 76.0 1
  217.36308300000002 160.0 2
  217.887665 32.0 0
  217.96691900000002 124.0 1
  217.985565 56.0 1
  217.993729 100.0 1
  218.108627 276.0 3
  218.294556 192.0 2
  218.399033 148.0 1
  218.483505 228.0 2
  218.53027300000002 124.0 1
  218.577209 108.0 1
  218.625092 44.0 0
  218.640961 216.0 2
  219.081894 720.0 7
  219.09054600000002 148.0 1
  219.102371 97.94091 1
  219.195435 204.0 2
  219.212479 84.0 1
  219.41308600000002 56.0 1
  219.561203 128.0 1
  219.641907 48.0 0
  219.805542 44.0 0
  219.873611 60.0 1
  219.884293 64.0 1
  219.924454 180.0 2
  219.998917 76.0 1
  220.04184 180.0 2
  220.042007 96.0 1
  220.25314300000002 188.0 2
  220.420441 232.0 2
  220.44339000000002 112.0 1
  220.72644 108.0 1
  221.060104 156.0 2
  221.083099 168.0 2
  221.130142 180.0 2
  221.176926 108.0 1
  221.208618 168.0 2
  221.26838700000002 128.0 1
  221.34291100000002 184.0 2
  221.372879 96.0 1
  221.67205800000002 108.0 1
  221.753464 10.50417 0
  221.94030800000002 17.375 0
  222.07960500000002 176.0 2
  222.11050400000002 400.0 4
  222.162003 120.0 1
  222.464355 64.0 1
  222.52435300000002 48.0 0
  222.765671 32.0 0
  222.80896 52.0 1
  223.025787 200.0 2
  223.037506 216.0 2
  223.111252 4148.0 40
  223.391357 56.0 1
  223.422714 96.0 1
  223.462204 128.0 1
  223.621216 156.0 2
  223.70340000000002 100.0 1
  223.779709 48.0 0
  223.95477300000002 172.0 2
  224.004929 208.0 2
  224.027115 72.0 1
  224.049515 204.0 2
  224.056107 196.0 2
  224.067993 236.0 2
  224.068497 280.0 3
  224.144302 108.0 1
  224.204147 176.0 2
  224.29779100000002 128.0 1
  224.564041 180.0 2
  224.686508 164.0 2
  225.064682 204.0 2
  225.09114100000002 128.0 1
  225.091248 89.378151 1
  225.129593 216.0 2
  225.17527800000002 64.0 1
  225.427246 21.56609 0
  225.46005200000002 132.0 1
  225.607101 60.0 1
  225.976349 120.0 1
  226.122589 380.0 4
  226.221329 120.0 1
  226.530212 60.0 1
  226.696732 116.0 1
  227.069305 136.0 1
  227.082626 160.0 2
  227.210114 84.0 1
  227.27803 180.0 2
  227.45845 140.0 1
  227.608856 112.0 1
  227.662033 92.0 1
  227.789444 100.0 1
  228.005951 172.0 2
  228.087143 152.0 1
  228.175873 168.0 2
  228.466782 128.0 1
  228.643661 76.0 1
  228.865463 104.0 1
  228.91360500000002 148.0 1
  229.137177 38.970242 0
  229.422653 104.0 1
  229.635895 156.0 2
  230.10084500000002 26.713961 0
  230.27507 56.0 1
  230.35501100000002 176.0 2
  230.370972 104.0 1
  230.63377400000002 20.08116 0
  230.685425 72.0 1
  230.926712 140.0 1
  230.95004300000002 224.0 2
  231.060471 132.0 1
  231.09343 176.0 2
  231.23413100000002 168.0 2
  231.376251 164.0 2
  231.398438 10.76078 0
  231.621719 196.0 2
  231.896805 132.0 1
  231.926071 180.0 2
  231.94094800000002 228.0 2
  231.94184900000002 108.0 1
  231.942047 280.0 3
  232.215469 152.0 1
  232.30096400000002 180.0 2
  232.38853500000002 48.0 0
  232.521286 128.0 1
  232.602203 136.0 1
  232.6091 176.0 2
  232.61445600000002 176.0 2
  232.647781 54.87949 1
  232.753952 112.377502 1
  233.03616300000002 2548.0 25
  233.059692 396.0 4
  233.127823 196.0 2
  233.22297700000001 128.0 1
  233.23313900000002 148.0 1
  233.253738 80.0 1
  233.34857200000002 156.0 2
  233.421448 76.0 1
  233.435165 84.0 1
  233.798126 44.0 0
  233.855362 216.0 2
  234.01327500000002 244.0 2
  234.13948100000002 37.024731 0
  234.19558700000002 324.0 3
  234.375412 172.0 2
  234.4897 116.0 1
  235.078644 916.0 9
  235.103302 184.0 2
  235.134521 724.0 7
  235.196152 172.0 2
  235.28074600000002 84.0 1
  235.29452500000002 160.0 2
  235.562027 152.0 1
  235.56753500000002 52.0 1
  235.75889600000002 424.0 4
  236.045013 120.0 1
  236.06066900000002 188.0 2
  236.52513100000002 252.0 2
  236.538925 128.0 1
  236.894516 196.0 2
  236.941742 116.0 1
  237.014725 12.19038 0
  237.051605 68.0 1
  237.205307 172.0 2
  238.098602 180.020493 2
  238.190155 2.347222 0
  238.237534 7.137978 0
  238.547089 144.0 1
  238.75697300000002 160.0 2
  238.75984200000002 40.0 0
  238.85389700000002 144.0 1
  238.975662 132.0 1
  239.00856000000002 48.0 0
  239.090897 368.0 4
  239.14274600000002 664.0 6
  239.25387600000002 140.0 1
  239.397476 188.0 2
  239.406937 184.0 2
  239.41592400000002 96.0 1
  239.465347 44.0 0
  239.5755 104.0 1
  239.637299 60.0 1
  239.82063300000002 112.0 1
  239.931686 196.0 2
  240.059616 152.0 1
  240.114182 312.0 3
  240.174484 132.0 1
  240.62986800000002 36.0 0
  240.81835900000002 152.0 1
  240.904739 152.0 1
  240.911987 68.0 1
  241.137756 140.0 1
  241.412643 520.0 5
  241.462524 54.035431 1
  241.603836 72.0 1
  241.670792 92.0 1
  241.851288 100.0 1
  241.920593 5.729167 0
  241.983566 152.0 1
  242.069839 340.0 3
  242.09707600000002 1496.0 14
  242.43867500000002 72.0 1
  242.507004 168.0 2
  242.567505 296.0 3
  242.734787 148.0 1
  242.856415 92.0 1
  242.919434 108.0 1
  243.010117 1.777778 0
  243.041458 124.0 1
  243.064896 120.0 1
  243.07663 148.0 1
  243.445435 168.0 2
  243.487152 132.0 1
  243.636612 220.0 2
  243.717484 272.0 3
  243.872345 244.0 2
  243.962662 224.0 2
  244.05818200000002 28.2924 0
  244.099625 144.0 1
  244.290939 144.0 1
  244.46426400000001 176.0 2
  244.497452 7.345454 0
  244.645676 436.0 4
  244.655518 56.0 1
  244.693588 240.0 2
  244.89267 180.0 2
  244.961792 52.0 1
  245.007385 464.0 4
  245.639328 76.0 1
  245.699051 72.0 1
  245.74644500000002 76.0 1
  245.748672 208.0 2
  245.754715 156.0 2
  246.07569900000001 52.0 1
  246.437286 108.0 1
  246.454956 160.0 2
  246.70202600000002 148.0 1
  246.85226400000002 204.0 2
  246.994202 192.0 2
  247.05912800000002 136.0 1
  247.11656200000002 188.0 2
  247.121872 132.0 1
  247.506638 72.0 1
  247.64630100000002 120.0 1
  247.660202 168.0 2
  247.86831700000002 84.0 1
  248.22695900000002 4.007759 0
  248.331253 112.0 1
  248.43364 80.0 1
  248.569611 208.0 2
  248.703583 92.0 1
  248.88171400000002 148.0 1
  248.96202100000002 204.0 2
  249.222397 88.0 1
  249.53093 64.0 1
  249.591858 20.0 0
  249.90841700000001 108.0 1
  249.96717800000002 80.0 1
  250.06152300000002 160.0 2
  250.06369 124.0 1
  250.117218 172.0 2
  250.15295400000002 444.0 4
  250.17979400000002 80.0 1
  250.29573100000002 204.0 2
  250.350357 32.0 0
  250.70442200000002 44.0 0
  250.705063 116.0 1
  250.78924600000002 68.0 1
  250.86938500000002 132.0 1
  250.948746 72.0 1
  251.079712 80.0 1
  251.142029 548.0 5
  251.21322600000002 56.0 1
  251.56221000000002 140.0 1
  252.118118 3.66886 0
  252.240677 108.0 1
  252.26973 192.0 2
  252.400238 188.0 2
  252.482513 228.0 2
  252.592621 14.53289 0
  252.65780600000002 176.0 2
  252.770844 140.0 1
  253.289871 64.0 1
  253.523895 128.0 1
  253.744812 188.0 2
  253.76753200000002 96.0 1
  253.883636 52.0 1
  253.956635 164.0 2
  254.059097 136.0 1
  254.081116 108.0 1
  254.121521 188.0 2
  254.240341 224.0 2
  254.487061 244.0 2
  254.804565 140.0 1
  254.891785 64.0 1
  255.069061 132.0 1
  255.166162 172.0 2
  255.46151700000001 120.0 1
  255.866165 148.0 1
  256.012299 176.0 2
  256.883209 160.0 2
  256.963684 68.0 1
  256.984833 96.0 1
  257.082581 312.0 3
  257.132507 420.0 4
  257.36923199999995 92.0 1
  257.646393 144.0 1
  257.740845 268.0 3
  258.455017 128.0 1
  258.876923 172.0 2
  258.89822399999997 44.0 0
  259.07852199999996 392.0 4
  259.267639 148.0 1
  259.367554 48.0 0
  259.791504 64.0 1
  259.925415 172.0 2
  259.980927 496.0 5
  260.10162399999996 159.003601 2
  260.158844 128.0 1
  260.22766099999996 84.0 1
  260.92810099999997 96.0 1
  261.02676399999996 168.0 2
  261.068176 92.037933 1
  261.160309 1456.0 14
  261.211487 6.416667 0
  261.418274 196.0 2
  261.92922999999996 32.0 0
  262.140472 244.0 2
  262.173706 160.0 2
  262.986969 12.84314 0
  263.08486899999997 144.0 1
  263.184998 240.0 2
  263.433228 116.0 1
  263.496063 184.0 2
  263.534851 176.0 2
  263.586365 68.0 1
  263.82809399999996 124.0 1
  263.83755499999995 360.0 3
  264.168945 168.0 2
  264.18334999999996 148.0 1
  264.197296 80.0 1
  264.279266 72.0 1
  264.55483999999996 128.0 1
  264.56143199999997 56.0 1
  264.70523099999997 48.0 0
  264.93102999999996 32.0 0
  264.962494 104.0 1
  264.972046 164.0 2
  265.075043 376.0 4
  265.089233 29.70476 0
  265.11251799999997 156.0 2
  265.13622999999995 116.0 1
  266.169891 160.0 2
  266.197296 324.0 3
  266.21255499999995 88.0 1
  266.298187 60.0 1
  266.887817 52.0 1
  267.10162399999996 800.0 8
  267.275848 52.0 1
  267.591278 108.0 1
  267.740234 208.0 2
  268.14205899999996 100.0 1
  268.145874 148.0 1
  268.175812 188.0 2
  268.430756 144.0 1
  268.431 96.0 1
  268.462311 120.0 1
  268.477264 92.0 1
  268.7742 188.0 2
  268.790375 18.588091 0
  268.818329 128.0 1
  268.91061399999995 140.0 1
  268.92627 140.0 1
  269.66705299999995 92.0 1
  269.744629 104.0 1
  269.95791599999995 140.0 1
  270.086548 14248.0 138
  270.098206 144.0 1
  270.104523 40.0 0
  270.12136799999996 104.0 1
  270.156372 104.0 1
  270.178741 232.0 2
  270.20083 200.0 2
  270.279572 148.0 1
  270.55029299999995 136.0 1
  270.641754 220.0 2
  270.778198 152.0 1
  270.947662 64.0 1
  271.376984 92.0 1
  271.56246899999996 68.0 1
  271.763428 44.0 0
  272.124847 104.0 1
  272.19897499999996 136.0 1
  272.449554 104.0 1
  272.737885 152.0 1
  272.88259899999997 60.0 1
  272.949341 92.0 1
  272.960938 60.0 1
  272.988434 152.0 1
  273.345245 80.0 1
  273.38784799999996 144.0 1
  273.622253 88.0 1
  274.928162 168.0 2
  275.11871299999996 48088.0 465
  275.129028 512.0 5
  275.13122599999997 84.0 1
  275.165527 48.0 0
  275.80346699999996 232.0 2
  276.13708499999996 2100.0 20
  276.14624 616.0 6
  276.395508 136.0 1
  276.83078 128.0 1
  277.018799 224.0 2
  277.23098799999997 32.0 0
  277.67157 92.0 1
  277.817657 376.0 4
  277.865753 48.0 0
  278.165039 276.0 3
  278.206207 10.1131 0
  278.269409 144.0 1
  278.740082 104.0 1
  278.77838099999997 23.362089 0
  278.811462 36.0 0
  279.172943 2620.0 25
  279.31411699999995 112.0 1
  279.615936 48.0 0
  280.05722 340.0 3
  280.10256999999996 10.4671 0
  280.173706 2400.0 23
  280.210205 116.0 1
  280.49588 172.0 2
  280.934174 124.0 1
  281.19287099999997 144.0 1
  281.359222 132.0 1
  282.070648 40.0 0
  282.59869399999997 48.0 0
  282.62231399999996 176.0 2
  282.67477399999996 148.0 1
  282.733856 68.0 1
  282.79238899999996 244.0 2
  283.12799099999995 6.906746 0
  283.31597899999997 152.0 1
  284.010406 160.0 2
  284.81469699999997 108.0 1
  284.939301 68.0 1
  285.273041 6.668478 0
  285.46511799999996 80.0 1
  285.74835199999995 340.0 3
  285.788055 64.0 1
  285.874786 200.0 2
  285.913544 144.0 1
  286.155151 6.564103 0
  286.17807 768.0 7
  286.54717999999997 108.0 1
  286.80645799999996 140.0 1
  286.902802 104.0 1
  287.037384 192.0 2
  287.144958 48.0 0
  287.31057699999997 100.0 1
  287.644165 80.0 1
  288.052795 172.0 2
  288.073914 140.0 1
  288.15322899999995 68.0 1
  288.20696999999996 1524.0 15
  288.582367 160.0 2
  288.643982 12.52006 0
  289.040192 144.0 1
  289.073486 88.0 1
  289.277557 84.0 1
  290.37737999999996 9.75 0
  290.84991499999995 124.0 1
  290.8974 156.0 2
  291.061676 312.0 3
  291.08725 6180.0 60
  291.097473 180.0 2
  291.366577 108.0 1
  291.52865599999996 176.0 2
  291.748291 128.0 1
  291.87393199999997 132.0 1
  291.944305 48.0 0
  292.12747199999995 144.0 1
  292.130341 108.0 1
  292.164703 136.0 1
  293.07842999999997 1340.0 13
  293.187347 420.0 4
  293.189148 9.391305 0
  293.308136 208.0 2
  293.5625 136.0 1
  293.71286 3.334559 0
  293.91961699999996 152.0 1
  294.055573 168.0 2
  294.29953 152.0 1
  294.724152 108.0 1
  294.849701 188.0 2
  295.10754399999996 184.0 2
  295.14807099999996 632.0 6
  295.265991 4.017857 0
  295.9104 120.0 1
  296.040344 76.0 1
  296.11544799999996 212.0 2
  296.628693 188.0 2
  296.75924699999996 72.0 1
  297.061646 60.0 1
  297.132843 120.0 1
  297.19888299999997 484.0 5
  297.53396599999996 148.0 1
  297.570343 208.0 2
  297.91061399999995 152.0 1
  298.043549 11476.0 111
  298.051758 9.30625 0
  299.023529 188.0 2
  299.457336 136.0 1
  299.571899 208.0 2
  299.676788 180.0 2
  299.986603 84.0 1
  300.060822 67.415253 1
  300.40304599999996 7.167298 0
  301.026886 140.0 1
  301.070313 708.0 7
  301.467133 144.0 1
  301.95025599999997 160.0 2
  302.026031 108.0 1
  302.140198 584.0 6
  302.417236 20.0 0
  304.36938499999997 152.0 1
  304.864136 80.0 1
  305.23571799999996 3.248529 0
  305.834259 56.0 1
  305.835968 200.0 2
  305.875031 156.0 2
  306.214539 68.0 1
  306.575562 188.0 2
  306.674042 172.0 2
  307.042755 940.0 9
  307.410492 124.0 1
  307.756775 128.0 1
  307.791565 108.0 1
  307.822205 128.0 1
  308.07894899999997 372.0 4
  308.095917 112.0 1
  308.12710599999997 172.0 2
  308.148865 496.0 5
  308.195557 140.0 1
  308.261932 180.0 2
  308.774078 184.0 2
  309.00588999999997 104.0 1
  309.073151 604.0 6
  309.073181 672.0 7
  309.130951 184.0 2
  309.298279 184.0 2
  310.0 1.813643 0
  310.01843299999996 68.0 1
  310.188049 312.0 3
  310.20550499999996 136.0 1
  310.22259499999996 76.0 1
  310.570862 3.9675 0
  310.963898 18.9053 0
  311.088806 560.0 5
  311.21487399999995 84.0 1
  311.36557 188.0 2
  311.76336699999996 136.0 1
  312.13003499999996 60.0 1
  312.13678 176.0 2
  312.137024 224.0 2
  312.96383699999996 136.0 1
  313.08917199999996 1540.0 15
  313.239563 104.0 1
  313.46649199999996 148.0 1
  313.49792499999995 52.0 1
  314.14376799999997 156.0 2
  314.17535399999997 116.0 1
  314.191528 8.844298 0
  314.202972 172.0 2
  314.245209 112.0 1
  314.56582599999996 56.0 1
  314.56692499999997 204.0 2
  314.98996 11.18939 0
  315.32122799999996 68.0 1
  315.362762 116.0 1
  315.477112 136.0 1
  315.703308 92.0 1
  317.209259 352.0 3
  317.760895 120.0 1
  317.839111 76.0 1
  318.376709 132.0 1
  318.890533 64.0 1
  319.150604 372.0 4
  319.524384 100.0 1
  319.55957 96.0 1
  320.30483999999996 104.0 1
  321.014069 52.0 1
  321.458954 112.0 1
  321.71975699999996 252.0 2
  321.866608 108.0 1
  321.94381699999997 124.0 1
  321.980377 68.0 1
  322.268311 80.0 1
  322.691284 152.0 1
  323.37789899999996 228.0 2
  323.441559 164.0 2
  323.47695899999997 148.0 1
  324.061829 228.0 2
  324.228302 5432.0 53
  324.25228899999996 148.0 1
  324.32217399999996 104.0 1
  324.429108 52.0 1
  324.60015899999996 128.0 1
  324.79779099999996 64.0 1
  324.918549 28.0 0
  325.14007599999997 128.0 1
  325.177643 180.0 2
  325.818176 68.0 1
  325.94281 64.0 1
  326.27713 64.0 1
  326.545868 260.0 3
  326.96896399999997 180.0 2
  327.200562 156.0 2
  327.719727 160.0 2
  328.139374 48.0 0
  328.18722499999996 168.0 2
  328.791473 204.0 2
  329.309692 40.0 0
  330.512878 60.0 1
  330.59847399999995 52.0 1
  330.771454 280.0 3
  331.00357099999997 140.0 1
  331.08349599999997 40.0 0
  331.241241 68.0 1
  331.47473099999996 128.0 1
  331.935822 108.0 1
  332.08987399999995 136.0 1
  332.18850699999996 168.0 2
  332.84603899999996 148.0 1
  333.00891099999996 88.0 1
  333.212067 88.0 1
  333.256042 112.0 1
  333.56131 120.0 1
  333.828064 224.0 2
  333.87487799999997 132.0 1
  333.933228 84.0 1
  334.218018 208.0 2
  334.237823 30216.0 292
  335.588593 76.0 1
  336.465332 68.0 1
  336.90048199999995 15.88281 0
  338.123291 192.0 2
  338.16720599999996 172.0 2
  338.253967 84.0 1
  338.718323 112.0 1
  340.812249 156.0 2
  342.13656599999996 29.828569 0
  342.653839 128.0 1
  342.75 4.622231 0
  342.88266 48.0 0
  343.183289 136.0 1
  343.722107 116.0 1
  344.09295699999996 528.0 5
  345.777496 68.0 1
  345.97918699999997 80.0 1
  346.12912 108.0 1
  346.30560299999996 60.0 1
  347.756531 232.0 2
  348.20428499999997 140.0 1
  349.091126 184.0 2
  349.14376799999997 110.540199 1
  349.480957 112.0 1
  349.497528 76.0 1
  349.60497999999995 140.0 1
  349.606628 156.0 2
  350.29315199999996 168.0 2
  350.29556299999996 152.0 1
  350.996674 17504.0 169
  351.092194 224.0 2
  352.58703599999996 32.71487 0
  352.707458 80.0 1
  354.25228899999996 188.0 2
  354.59457399999997 64.0 1
  355.055542 80.0 1
  355.561768 60.0 1
  356.083282 96.0 1
  356.40536499999996 140.0 1
  356.779449 56.0 1
  356.858124 96.0 1
  357.058716 128.0 1
  357.12161299999997 152.0 1
  357.69717399999996 144.0 1
  357.93505899999997 44.0 0
  358.375183 364.0 4
  358.47662399999996 56.0 1
  358.48760999999996 152.0 1
  359.349884 128.0 1
  359.464294 140.0 1
  359.720764 180.0 2
  359.791321 144.0 1
  360.082367 76.0 1
  360.20284999999996 136.0 1
  360.88671899999997 80.0 1
  361.63922099999996 148.0 1
  361.690674 176.0 2
  361.858337 76.0 1
  362.17157 144.0 1
  362.74087499999996 132.0 1
  362.896027 180.0 2
  362.948486 144.0 1
  363.551544 68.0 1
  363.774628 120.0 1
  363.830444 60.0 1
  364.190613 48.0 0
  364.736786 152.0 1
  365.214294 116.0 1
  366.04211399999997 128.0 1
  366.09906 140.0 1
  366.498383 244.0 2
  366.867401 17.40749 0
  367.21829199999996 19.77976 0
  367.30526699999996 216.0 2
  367.367432 64.0 1
  367.909027 176.0 2
  368.188141 108.0 1
  368.380524 56.0 1
  368.40716599999996 116.0 1
  370.297729 424.0 4
  370.801361 4.675926 0
  371.16104099999995 16140.0 156
//
