ACCESSION: CCMSLIB00000079852
RECORD_TITLE: decoy
DATE: 2015.11.20
AUTHORS: Administrator
LICENSE: CC BY-SA
CH$NAME: decoy
CH$COMPOUND_CLASS: Natural Product
CH$FORMULA: C17H14O4
CH$EXACT_MASS: 282.089208928
CH$SMILES: N/A
CH$IUPAC: decoy
CH$LINK: N/A
AC$INSTRUMENT: decoy
AC$INSTRUMENT_TYPE: decoy
AC$MASS_SPECTROMETRY: MS_TYPE MS2
AC$MASS_SPECTROMETRY: ION_MODE POSITIVE
AC$MASS_SPECTROMETRY: COLLISION_ENERGY 10 V
MS$FOCUSED_ION: PRECURSOR_M/Z 283
MS$FOCUSED_ION: PRECURSOR_TYPE [M+H]+
PK$NUM_PEAK: 3992
PK$PEAK: m/z int. rel.int.
  44.927761000000004 216.0 0
  44.961819 148.0 0
  44.998344 104.0 0
  45.067173000000004 128.0 0
  45.074413 128.0 0
  45.104389000000005 36.0 0
  45.188614 120.0 0
  45.192463000000004 260.0 0
  45.199947 240.0 0
  45.210602 112.0 0
  45.267014 256.0 0
  45.273739 196.0 0
  45.339504 144.0 0
  45.347256 164.0 0
  45.376598 280.0 0
  45.406925 72.0 0
  45.421261 220.0 0
  45.448505000000004 152.0 0
  45.638634 152.0 0
  45.749516 124.0 0
  45.768093 176.0 0
  45.78904 212.0 0
  45.833218 216.0 0
  45.844715 216.0 0
  45.857792 96.0 0
  45.910572 160.0 0
  45.968884 172.0 0
  45.971405000000004 136.0 0
  45.982327000000005 148.0 0
  46.020199 208.0 0
  46.174374 156.0 0
  46.452164 116.0 0
  46.455688 220.0 0
  46.607094000000004 96.0 0
  46.626324000000004 152.0 0
  46.657406 184.0 0
  46.895508 176.0 0
  46.921349 84.0 0
  46.924297 224.0 0
  47.009762 144.0 0
  47.021465 152.0 0
  47.116795 96.0 0
  47.168125 96.0 0
  47.186424 220.0 0
  47.235119000000005 132.0 0
  47.237221 152.0 0
  47.277699 116.0 0
  47.319023 132.0 0
  47.378197 180.0 0
  47.411339 140.0 0
  47.462616000000004 180.0 0
  47.476017 192.0 0
  47.484421000000005 196.0 0
  47.562626 96.0 0
  47.58321 120.0 0
  47.584656 136.0 0
  47.649754 124.0 0
  47.661255000000004 164.0 0
  47.666012 184.0 0
  47.666451 144.0 0
  47.68589 104.0 0
  47.723293 108.0 0
  47.788918 68.0 0
  47.802834000000004 220.0 0
  47.824268000000004 32.0 0
  47.84462 164.0 0
  47.8895 168.0 0
  47.943932000000004 164.0 0
  48.023899 184.0 0
  48.059891 120.0 0
  48.194294 44.0 0
  48.239784 224.0 0
  48.297421 204.0 0
  48.300209 140.0 0
  48.330029 240.0 0
  48.412888 180.0 0
  48.448048 40.0 0
  48.471581 88.0 0
  48.476074000000004 156.0 0
  48.521008 140.0 0
  48.640625 172.0 0
  48.640671000000005 152.0 0
  48.705647 144.0 0
  48.710758 72.0 0
  48.746132 420.0 0
  48.820568 156.0 0
  48.865299 176.0 0
  48.903778 244.0 0
  48.949123 200.0 0
  49.033005 212.0 0
  49.043667 128.0 0
  49.054188 120.0 0
  49.059052 140.0 0
  49.181805000000004 128.0 0
  49.21106 136.0 0
  49.230862 156.0 0
  49.246616 112.0 0
  49.252686000000004 188.0 0
  49.286144 116.0 0
  49.348698 188.0 0
  49.479355 156.0 0
  49.543812 160.0 0
  49.633022000000004 112.0 0
  49.633957 180.0 0
  49.700829 212.0 0
  49.795315 188.0 0
  49.884781000000004 108.0 0
  49.931061 176.0 0
  49.944878 248.0 0
  49.975872 176.0 0
  50.04771 200.0 0
  50.379864000000005 208.0 0
  50.381279 312.0 0
  50.480606 172.0 0
  50.485863 80.0 0
  50.565742 176.0 0
  50.605183000000004 140.0 0
  50.628551 260.0 0
  50.716381 168.0 0
  50.769066 168.0 0
  50.829281 176.0 0
  50.837952 204.0 0
  50.88065 128.0 0
  50.996609 128.0 0
  51.053482 216.0 0
  51.061317 168.0 0
  51.075211 220.0 0
  51.196747 136.0 0
  51.262074 152.0 0
  51.317497 68.0 0
  51.367031000000004 176.0 0
  51.37952 176.0 0
  51.39801 180.0 0
  51.412346 192.0 0
  51.419834 100.0 0
  51.453705 124.0 0
  51.482693000000005 124.0 0
  51.510841 180.0 0
  51.573528 204.0 0
  51.670822 188.0 0
  51.693089 228.0 0
  51.756916000000004 208.0 0
  51.916077 100.0 0
  51.944298 152.0 0
  52.010033 84.0 0
  52.095871 200.0 0
  52.113625 188.0 0
  52.151402000000004 144.0 0
  52.234978 212.0 0
  52.352852 112.0 0
  52.382580000000004 196.0 0
  52.40332 164.0 0
  52.414715 128.0 0
  52.517971 188.0 0
  52.53191 84.0 0
  52.638577000000005 192.0 0
  52.686115 144.0 0
  52.704746 144.0 0
  52.758900000000004 160.0 0
  52.825947 220.0 0
  53.075214 136.0 0
  53.121269 140.0 0
  53.154831 256.0 0
  53.157265 204.0 0
  53.166481000000005 160.0 0
  53.176754 156.0 0
  53.218895 316.0 0
  53.336529 200.0 0
  53.419018 108.0 0
  53.553047 68.0 0
  53.575626 160.0 0
  53.676998000000005 100.0 0
  53.693398 232.0 0
  53.948875 148.0 0
  53.956474 68.0 0
  53.957813 208.0 0
  53.9589 164.0 0
  53.973541000000004 124.0 0
  54.034973 144.0 0
  54.155537 196.0 0
  54.251671 132.0 0
  54.380882 76.0 0
  54.473839 148.0 0
  54.647034000000005 192.0 0
  54.649578 56.0 0
  54.746269 152.0 0
  54.786957 348.0 0
  54.801208 136.0 0
  54.806282 120.0 0
  54.944832 60.0 0
  54.975868 192.0 0
  54.985828000000005 204.0 0
  55.088909 212.0 0
  55.206306000000005 160.0 0
  55.351055 188.0 0
  55.557156 100.0 0
  55.589493000000004 168.0 0
  55.604313000000005 152.0 0
  55.737221 148.0 0
  55.749188000000004 144.0 0
  55.875275 148.0 0
  55.908089000000004 116.0 0
  55.913254 204.0 0
  55.967045 200.0 0
  56.037025 156.0 0
  56.166363000000004 192.0 0
  56.188393000000005 204.0 0
  56.213081 228.0 0
  56.21711 72.0 0
  56.303749 272.0 0
  56.309502 216.0 0
  56.415066 60.0 0
  56.523651 76.0 0
  56.573059 156.0 0
  56.613052 76.0 0
  56.616913000000004 192.0 0
  56.620369000000004 200.0 0
  56.680149 200.0 0
  56.710773 36.0 0
  56.734001 100.0 0
  56.765820000000005 164.0 0
  56.895214 124.0 0
  56.914768 204.0 0
  56.952198 164.0 0
  57.072102 120.0 0
  57.194050000000004 144.0 0
  57.363724000000005 124.0 0
  57.596714 68.0 0
  57.607422 368.0 0
  57.785339 132.0 0
  57.902649000000004 116.0 0
  57.914188 148.0 0
  57.962795 168.0 0
  57.977669 140.0 0
  58.189793 200.0 0
  58.223015000000004 176.0 0
  58.241478 132.0 0
  58.36681 192.0 0
  58.378357 140.0 0
  58.508202000000004 112.0 0
  58.599133 192.0 0
  58.640644 188.0 0
  58.690037000000004 204.0 0
  58.740139 176.0 0
  58.765106 160.0 0
  58.808174 172.0 0
  58.820972000000005 40.0 0
  58.917381 144.0 0
  59.024326 108.0 0
  59.055077000000004 132.0 0
  59.137009 108.0 0
  59.199333 124.0 0
  59.302101 168.0 0
  59.316177 220.0 0
  59.362823 324.0 0
  59.401287 184.0 0
  59.432667 196.0 0
  59.434757000000005 224.0 0
  59.563286 196.0 0
  59.58128 160.0 0
  59.640465 176.0 0
  59.733463 124.0 0
  59.795975 184.0 0
  59.882229 228.0 0
  59.952091 168.0 0
  59.978489 200.0 0
  60.005928000000004 72.0 0
  60.061687 156.0 0
  60.142059 172.0 0
  60.14756 72.0 0
  60.303894 220.0 0
  60.387081 160.0 0
  60.397526 112.0 0
  60.469864 352.0 0
  60.559338000000004 124.0 0
  60.590328 96.0 0
  60.620018 224.0 0
  60.633213000000005 164.0 0
  60.717403000000004 80.0 0
  60.77282 164.0 0
  60.832348 188.0 0
  60.844769 220.0 0
  60.871384 144.0 0
  60.893009 268.0 0
  60.949791000000005 176.0 0
  60.979965 112.0 0
  61.276768000000004 160.0 0
  61.383801 204.0 0
  61.390480000000004 188.0 0
  61.421154 148.0 0
  61.640678 80.0 0
  61.642735 184.0 0
  61.678555 192.0 0
  61.729130000000005 160.0 0
  61.761002000000005 228.0 0
  61.779720000000005 140.0 0
  61.914791 144.0 0
  61.922394000000004 128.0 0
  61.939171 176.0 0
  61.949188 164.0 0
  62.060841 140.0 0
  62.128983 188.0 0
  62.165505 156.0 0
  62.263512 184.0 0
  62.276123 124.0 0
  62.466927 180.0 0
  62.478058000000004 152.0 0
  62.509701 208.0 0
  62.575394 140.0 0
  62.612267 204.0 0
  62.63982 180.0 0
  62.678268 168.0 0
  62.818226 192.0 0
  62.830776 204.0 0
  62.908749 168.0 0
  63.022205 172.0 0
  63.086075 184.0 0
  63.099556 152.0 0
  63.266895 132.0 0
  63.277187000000005 168.0 0
  63.281857 108.0 0
  63.521641 180.0 0
  63.605999000000004 136.0 0
  63.609394 172.0 0
  63.624794 120.0 0
  63.799961 220.0 0
  63.956638 144.0 0
  63.984726 176.0 0
  64.05697599999999 76.0 0
  64.096626 164.0 0
  64.103416 180.0 0
  64.128784 236.0 0
  64.16027799999999 100.0 0
  64.408134 196.0 0
  64.583366 32.0 0
  64.613762 192.0 0
  64.871803 140.0 0
  64.895988 188.0 0
  65.09256699999999 164.0 0
  65.201645 108.0 0
  65.30092599999999 52.0 0
  65.32745399999999 236.0 0
  65.508949 200.0 0
  65.57165499999999 116.0 0
  65.69554099999999 48.0 0
  65.72196199999999 136.0 0
  65.723045 168.0 0
  65.74883299999999 156.0 0
  65.751747 52.0 0
  65.76975999999999 180.0 0
  65.777901 196.0 0
  65.78215 176.0 0
  65.815536 140.0 0
  65.927315 144.0 0
  66.06295 192.0 0
  66.129753 164.0 0
  66.20433 152.0 0
  66.22212999999999 192.0 0
  66.39649999999999 152.0 0
  66.46488199999999 232.0 0
  66.48355099999999 136.0 0
  66.53358499999999 228.0 0
  66.578812 276.0 0
  66.618286 152.0 0
  66.67957299999999 144.0 0
  66.73947899999999 152.0 0
  66.817696 156.0 0
  66.985748 164.0 0
  67.074005 128.0 0
  67.079346 88.0 0
  67.14549299999999 172.0 0
  67.199867 268.0 0
  67.263184 188.0 0
  67.268524 92.0 0
  67.308205 152.0 0
  67.368118 140.0 0
  67.50241899999999 156.0 0
  67.54364799999999 164.0 0
  67.579399 132.0 0
  67.599831 136.0 0
  67.776215 192.0 0
  67.8489 184.0 0
  67.87187999999999 120.0 0
  67.913017 196.0 0
  68.049942 160.0 0
  68.093674 140.0 0
  68.12709 56.0 0
  68.132988 180.0 0
  68.14113599999999 184.0 0
  68.149529 184.0 0
  68.158958 156.0 0
  68.278168 200.0 0
  68.30504599999999 168.0 0
  68.31205 140.0 0
  68.387085 312.0 0
  68.443489 164.0 0
  68.462189 156.0 0
  68.467186 296.0 0
  68.48833499999999 152.0 0
  68.49745899999999 196.0 0
  68.549774 88.0 0
  68.59406999999999 184.0 0
  68.624336 116.0 0
  68.62630499999999 100.0 0
  68.68972799999999 180.0 0
  68.720947 148.0 0
  68.764404 120.0 0
  68.81417099999999 196.0 0
  68.99790999999999 156.0 0
  69.03553799999999 52.0 0
  69.146805 124.0 0
  69.147606 184.0 0
  69.18388399999999 204.0 0
  69.236519 128.0 0
  69.34419299999999 148.0 0
  69.351608 164.0 0
  69.54553999999999 116.0 0
  69.623413 188.0 0
  69.63117199999999 132.0 0
  69.701714 124.0 0
  69.752472 112.0 0
  69.764488 140.0 0
  69.778572 172.0 0
  69.794754 348.0 0
  69.87677799999999 232.0 0
  69.882645 172.0 0
  69.888222 84.0 0
  70.018051 160.0 0
  70.083733 168.0 0
  70.37339 156.0 0
  70.45912899999999 204.0 0
  70.50936899999999 180.0 0
  70.543419 152.0 0
  70.565254 188.0 0
  70.56573499999999 208.0 0
  70.593857 168.0 0
  70.63542899999999 132.0 0
  70.65509 100.0 0
  70.68534899999999 228.0 0
  70.696495 180.0 0
  70.701691 540.0 0
  70.827919 148.0 0
  70.89066299999999 156.0 0
  70.984978 196.0 0
  71.001274 200.0 0
  71.041153 140.0 0
  71.114212 172.0 0
  71.131592 180.0 0
  71.252167 160.0 0
  71.297287 216.0 0
  71.34362 160.0 0
  71.39851399999999 204.0 0
  71.41534399999999 124.0 0
  71.47387699999999 132.0 0
  71.60353099999999 128.0 0
  71.707138 192.0 0
  71.816795 156.0 0
  71.862259 168.0 0
  71.90459399999999 144.0 0
  71.97927899999999 108.0 0
  72.07096899999999 140.0 0
  72.15602899999999 152.0 0
  72.2192 220.0 0
  72.43796499999999 180.0 0
  72.526962 120.0 0
  72.589401 192.0 0
  72.687698 152.0 0
  72.697426 128.0 0
  72.734055 164.0 0
  72.76104 248.0 0
  72.76299999999999 68.0 0
  72.832062 216.0 0
  72.853539 188.0 0
  72.87770099999999 212.0 0
  72.886642 216.0 0
  72.897392 104.0 0
  72.90935499999999 244.0 0
  72.91040799999999 152.0 0
  73.011642 176.0 0
  73.041878 180.0 0
  73.212547 56.0 0
  73.222015 228.0 0
  73.22973599999999 232.0 0
  73.248947 128.0 0
  73.315193 128.0 0
  73.557823 144.0 0
  73.560898 156.0 0
  73.640045 216.0 0
  73.645569 144.0 0
  73.649361 192.0 0
  73.71582799999999 144.0 0
  73.794556 216.0 0
  73.828705 160.0 0
  73.976402 164.0 0
  74.320602 148.0 0
  74.351479 88.0 0
  74.496399 204.0 0
  74.497665 100.0 0
  74.500259 196.0 0
  74.576241 184.0 0
  74.59532899999999 180.0 0
  74.718407 144.0 0
  74.812378 32.0 0
  74.823616 152.0 0
  74.840744 148.0 0
  74.848923 128.0 0
  74.91319299999999 244.0 0
  75.006828 184.0 0
  75.017769 228.0 0
  75.06315599999999 136.0 0
  75.162804 204.0 0
  75.306625 168.0 0
  75.39514899999999 136.0 0
  75.432053 248.0 0
  75.51339 224.0 0
  75.560463 140.0 0
  75.605476 184.0 0
  75.752586 120.0 0
  75.87490799999999 96.0 0
  75.874939 104.0 0
  75.924065 404.0 0
  76.030396 172.0 0
  76.071823 248.0 0
  76.136147 156.0 0
  76.17347 188.0 0
  76.234985 200.0 0
  76.28298199999999 144.0 0
  76.345238 188.0 0
  76.35353099999999 136.0 0
  76.389145 152.0 0
  76.424461 168.0 0
  76.46965 172.0 0
  76.48153699999999 232.0 0
  76.548828 212.0 0
  76.61872899999999 196.0 0
  76.63675699999999 216.0 0
  76.657158 304.0 0
  76.66128499999999 176.0 0
  76.66319999999999 176.0 0
  76.712982 140.0 0
  76.748329 188.0 0
  76.837677 160.0 0
  76.89948299999999 152.0 0
  77.129463 132.0 0
  77.25954399999999 160.0 0
  77.344978 232.0 0
  77.630989 160.0 0
  77.759987 112.0 0
  77.83006999999999 192.0 0
  77.87937199999999 176.0 0
  77.90128299999999 180.0 0
  77.91259 204.0 0
  77.91259799999999 168.0 0
  78.035606 108.0 0
  78.035866 152.0 0
  78.06568899999999 160.0 0
  78.139809 160.0 0
  78.19474799999999 220.0 0
  78.21199 36.0 0
  78.25402799999999 116.0 0
  78.516708 152.0 0
  78.525009 52.0 0
  78.66122399999999 160.0 0
  78.845444 136.0 0
  78.84606199999999 132.0 0
  79.10548399999999 124.0 0
  79.157578 164.0 0
  79.443474 160.0 0
  79.48209399999999 212.0 0
  79.541969 172.0 0
  79.67894 300.0 0
  79.762665 72.0 0
  79.822167 192.0 0
  79.993752 144.0 0
  80.042732 160.0 0
  80.095001 184.0 0
  80.10445399999999 184.0 0
  80.146858 188.0 0
  80.17650599999999 260.0 0
  80.182869 288.0 0
  80.208351 128.0 0
  80.59970899999999 192.0 0
  80.61400599999999 44.0 0
  80.660591 76.0 0
  80.858696 152.0 0
  80.88494899999999 48.0 0
  80.921402 68.0 0
  80.991997 164.0 0
  81.04648599999999 376.0 0
  81.14918499999999 132.0 0
  81.15446499999999 168.0 0
  81.286293 184.0 0
  81.35288999999999 168.0 0
  81.40029899999999 140.0 0
  81.48572499999999 156.0 0
  81.49814599999999 124.0 0
  81.581711 180.0 0
  81.72003199999999 144.0 0
  81.78965 180.0 0
  81.81198099999999 100.0 0
  81.81283599999999 192.0 0
  81.88355999999999 132.0 0
  81.897148 172.0 0
  81.921753 144.0 0
  81.99816899999999 176.0 0
  82.048103 164.0 0
  82.05319999999999 228.0 0
  82.14591999999999 160.0 0
  82.21213499999999 168.0 0
  82.345512 240.0 0
  82.350983 108.0 0
  82.359962 176.0 0
  82.547562 220.0 0
  82.588341 60.0 0
  82.873138 184.0 0
  83.09490199999999 148.0 0
  83.095901 176.0 0
  83.16564199999999 256.0 0
  83.178658 200.0 0
  83.250824 116.0 0
  83.36492199999999 160.0 0
  83.441002 140.0 0
  83.617043 184.0 0
  83.713646 188.0 0
  83.80928 220.0 0
  83.813515 56.0 0
  83.82878099999999 148.0 0
  83.97229 200.0 0
  83.97599799999999 168.0 0
  84.076309 152.0 0
  84.081329 128.0 0
  84.125496 160.0 0
  84.31575799999999 132.0 0
  84.371468 220.0 0
  84.50035899999999 196.0 0
  84.50270099999999 152.0 0
  84.516106 136.0 0
  84.53126499999999 340.0 0
  84.591629 228.0 0
  84.630173 104.0 0
  84.641785 176.0 0
  84.728394 224.0 0
  84.76321399999999 76.0 0
  84.86071799999999 152.0 0
  84.867317 292.0 0
  84.89832299999999 104.0 0
  84.936409 144.0 0
  84.96891 140.0 0
  85.21108199999999 180.0 0
  85.242126 124.0 0
  85.437096 124.0 0
  85.45755 216.0 0
  85.58783 160.0 0
  85.638184 68.0 0
  85.689049 140.0 0
  85.76666999999999 96.0 0
  85.779839 148.0 0
  85.82202099999999 140.0 0
  85.875023 196.0 0
  85.99704 176.0 0
  86.014854 180.0 0
  86.03576699999999 112.0 0
  86.050316 132.0 0
  86.15782899999999 148.0 0
  86.183647 20.0 0
  86.18409 56.0 0
  86.19468699999999 224.0 0
  86.34069799999999 164.0 0
  86.375092 184.0 0
  86.560204 88.0 0
  86.632904 196.0 0
  86.972145 144.0 0
  86.997734 132.0 0
  87.098839 200.0 0
  87.36385299999999 112.0 0
  87.635139 168.0 0
  87.663231 200.0 0
  87.75582899999999 184.0 0
  87.824051 176.0 0
  87.912651 200.0 0
  87.929581 212.0 0
  87.984314 152.0 0
  87.985298 188.0 0
  87.98956299999999 116.0 0
  87.994614 72.0 0
  88.010391 168.0 0
  88.049347 200.0 0
  88.080276 216.0 0
  88.094376 128.0 0
  88.12945599999999 180.0 0
  88.14323399999999 172.0 0
  88.180588 196.0 0
  88.193069 304.0 0
  88.201515 80.0 0
  88.20176699999999 128.0 0
  88.23189599999999 140.0 0
  88.282494 108.0 0
  88.286003 132.0 0
  88.322609 164.0 0
  88.359245 316.0 0
  88.48928099999999 40.0 0
  88.506012 192.0 0
  88.551811 180.0 0
  88.661819 272.0 0
  88.67403399999999 160.0 0
  88.729759 164.0 0
  88.75688199999999 184.0 0
  88.89145699999999 144.0 0
  88.92710899999999 192.0 0
  88.9384 136.0 0
  88.94942499999999 252.0 0
  89.226479 144.0 0
  89.232834 212.0 0
  89.353584 176.0 0
  89.370071 116.0 0
  89.39551499999999 192.0 0
  89.65998099999999 84.0 0
  89.674347 136.0 0
  89.940918 152.0 0
  89.990692 176.0 0
  90.01889 116.0 0
  90.317253 52.0 0
  90.38010399999999 156.0 0
  90.44541199999999 348.0 0
  90.46785 120.0 0
  90.666618 184.0 0
  90.802956 92.0 0
  90.87950099999999 144.0 0
  90.919647 176.0 0
  91.01950799999999 164.0 0
  91.04886599999999 68.044998 0
  91.053558 1512.0 1
  91.054932 1516.0 1
  91.239716 96.0 0
  91.25985 160.0 0
  91.38887799999999 168.0 0
  91.434494 128.0 0
  91.474792 168.0 0
  91.55738799999999 128.0 0
  91.579079 160.0 0
  91.57949099999999 40.0 0
  91.60941299999999 76.0 0
  91.72676799999999 228.0 0
  91.80131499999999 164.0 0
  91.852768 148.0 0
  91.90072599999999 160.0 0
  92.055054 324.0 0
  92.14216599999999 240.0 0
  92.27932 144.0 0
  92.391891 128.0 0
  92.468803 96.0 0
  92.548569 188.0 0
  92.74080699999999 196.0 0
  92.85687999999999 160.0 0
  92.869171 168.0 0
  92.922874 128.0 0
  92.976433 144.0 0
  93.01405299999999 124.0 0
  93.094521 116.0 0
  93.122513 228.0 0
  93.17939 208.0 0
  93.317055 144.0 0
  93.319969 160.0 0
  93.356888 284.0 0
  93.358047 216.0 0
  93.457146 148.0 0
  93.45954099999999 132.0 0
  93.465431 184.0 0
  93.490242 168.0 0
  93.528168 176.0 0
  93.547287 148.0 0
  93.746735 164.0 0
  93.881767 88.0 0
  93.909431 208.0 0
  94.001556 140.0 0
  94.04278599999999 176.0 0
  94.065147 3568.0 2
  94.132919 92.0 0
  94.225967 136.0 0
  94.277199 184.0 0
  94.368263 52.0 0
  94.375923 36.0 0
  94.51688399999999 124.0 0
  94.72496 116.0 0
  94.749664 172.0 0
  94.81498699999999 124.0 0
  94.919395 228.0 0
  95.04073299999999 124.0 0
  95.084862 152.0 0
  95.095924 200.0 0
  95.156036 148.0 0
  95.16179699999999 188.0 0
  95.162476 104.0 0
  95.18762199999999 124.0 0
  95.204079 60.0 0
  95.211418 136.0 0
  95.259819 132.0 0
  95.28957399999999 156.0 0
  95.36099999999999 140.0 0
  95.36292999999999 220.0 0
  95.443901 56.0 0
  95.520248 192.0 0
  95.520699 40.0 0
  95.58715799999999 156.0 0
  95.7145 204.0 0
  95.729958 200.0 0
  95.74234 164.0 0
  95.819153 144.0 0
  95.82719399999999 192.0 0
  95.87642699999999 212.0 0
  95.896622 220.0 0
  95.915543 228.0 0
  95.96363099999999 88.0 0
  95.966034 140.0 0
  95.99941299999999 232.0 0
  96.04880499999999 320.0 0
  96.145218 112.0 0
  96.14823899999999 212.0 0
  96.173645 188.0 0
  96.20863299999999 128.0 0
  96.218437 128.0 0
  96.360069 292.0 0
  96.49765 152.0 0
  96.53075399999999 80.0 0
  96.537094 176.0 0
  96.556061 100.0 0
  96.56200399999999 108.0 0
  96.58159599999999 168.0 0
  96.593384 132.0 0
  96.62509899999999 184.0 0
  96.664795 188.0 0
  96.67094399999999 164.0 0
  96.81575 156.0 0
  96.838455 112.0 0
  96.861069 68.0 0
  96.91081199999999 120.0 0
  96.91143799999999 148.0 0
  97.003159 144.0 0
  97.02249099999999 176.0 0
  97.02941899999999 172.0 0
  97.03073099999999 148.0 0
  97.12005599999999 180.0 0
  97.137924 104.0 0
  97.16497 184.0 0
  97.185081 216.0 0
  97.28240199999999 172.0 0
  97.32431 108.0 0
  97.347313 100.0 0
  97.35295099999999 96.0 0
  97.368935 152.0 0
  97.50535599999999 208.0 0
  97.53521699999999 216.0 0
  97.602859 240.0 0
  97.68777499999999 32.0 0
  97.72763099999999 168.0 0
  97.768761 108.0 0
  97.79008499999999 284.0 0
  97.826698 348.0 0
  97.884064 132.0 0
  97.942268 136.0 0
  98.03759 176.0 0
  98.084885 192.0 0
  98.095406 224.0 0
  98.145264 208.0 0
  98.280266 136.0 0
  98.312424 124.0 0
  98.340851 88.0 0
  98.411667 192.0 0
  98.42723099999999 116.0 0
  98.49778699999999 56.0 0
  98.545158 212.0 0
  98.55006399999999 148.0 0
  98.55440499999999 252.0 0
  98.56700099999999 144.0 0
  98.63707699999999 204.0 0
  98.652733 180.0 0
  98.78218799999999 192.0 0
  98.786453 196.0 0
  98.87366499999999 36.0 0
  98.909897 224.0 0
  98.966972 180.0 0
  99.06226299999999 188.0 0
  99.06613899999999 304.0 0
  99.09543599999999 260.0 0
  99.130714 116.0 0
  99.188835 132.0 0
  99.192978 224.0 0
  99.20648999999999 196.0 0
  99.263863 184.0 0
  99.285423 232.0 0
  99.28598 156.0 0
  99.34866299999999 160.0 0
  99.38121799999999 208.0 0
  99.444626 164.0 0
  99.55077399999999 324.0 0
  99.570549 172.0 0
  99.582062 192.0 0
  99.591545 144.0 0
  99.621979 192.0 0
  99.64220399999999 196.0 0
  99.643051 168.0 0
  99.64999399999999 148.0 0
  99.660789 220.0 0
  99.661491 468.0 0
  99.70198099999999 172.0 0
  99.72365599999999 160.0 0
  99.746521 120.0 0
  99.752045 48.0 0
  99.799095 152.0 0
  99.825935 204.0 0
  100.018051 236.0 0
  100.02098099999999 500.0 0
  100.02836599999999 188.0 0
  100.05722 224.0 0
  100.080078 196.0 0
  100.105362 188.0 0
  100.163788 160.0 0
  100.17012 64.0 0
  100.23093399999999 228.0 0
  100.325142 80.0 0
  100.326279 108.0 0
  100.372902 136.0 0
  100.375908 192.0 0
  100.39905499999999 64.0 0
  100.462723 160.0 0
  100.462959 148.0 0
  100.485298 152.0 0
  100.544342 236.0 0
  100.55560299999999 156.0 0
  100.76497699999999 248.0 0
  100.837364 112.0 0
  100.865082 160.0 0
  100.86715699999999 180.0 0
  100.88829 100.0 0
  100.94296999999999 176.0 0
  101.009445 152.0 0
  101.07105299999999 120.0 0
  101.114212 848.0 1
  101.127144 152.0 0
  101.19677 120.0 0
  101.23468 176.0 0
  101.285439 176.0 0
  101.318855 48.0 0
  101.37677799999999 152.0 0
  101.40312999999999 144.0 0
  101.436104 244.0 0
  101.446541 92.0 0
  101.492104 136.0 0
  101.507019 156.0 0
  101.513618 156.0 0
  101.613998 208.0 0
  101.664238 92.0 0
  101.67998499999999 120.0 0
  101.703789 148.0 0
  101.722191 172.0 0
  101.745728 172.0 0
  101.79079399999999 176.0 0
  101.825119 116.0 0
  101.83165 56.0 0
  101.835388 120.0 0
  101.855904 260.0 0
  101.933517 304.0 0
  101.995285 196.0 0
  102.030098 172.0 0
  102.06781799999999 196.0 0
  102.07965899999999 196.0 0
  102.089508 220.0 0
  102.09697 152.0 0
  102.101326 152.0 0
  102.166557 88.0 0
  102.17738399999999 144.0 0
  102.17787899999999 152.0 0
  102.23479499999999 128.0 0
  102.24870299999999 180.0 0
  102.346046 244.0 0
  102.402328 52.0 0
  102.40515099999999 348.0 0
  102.420082 148.0 0
  102.430084 228.0 0
  102.44466399999999 160.0 0
  102.462296 96.0 0
  102.50973499999999 52.0 0
  102.572823 184.0 0
  102.592247 128.0 0
  102.59317 72.0 0
  102.61172499999999 148.0 0
  102.654747 132.0 0
  102.722099 156.0 0
  102.736671 176.0 0
  102.784393 200.0 0
  102.788269 140.0 0
  102.804802 264.0 0
  102.877388 156.0 0
  102.940376 136.0 0
  103.01495399999999 228.0 0
  103.04916399999999 144.0 0
  103.052246 120.0 0
  103.05259699999999 468.0 0
  103.07197599999999 156.0 0
  103.07241099999999 184.0 0
  103.075409 144.0 0
  103.081772 136.0 0
  103.08462499999999 200.0 0
  103.09020199999999 208.0 0
  103.117661 76.0 0
  103.152611 48.0 0
  103.19934099999999 136.0 0
  103.239784 108.0 0
  103.279961 112.0 0
  103.34887699999999 80.0 0
  103.349785 108.0 0
  103.355728 144.0 0
  103.390991 72.0 0
  103.413315 9.631173 0
  103.429909 108.0 0
  103.494278 264.0 0
  103.56671899999999 92.0 0
  103.59082799999999 140.0 0
  103.599976 28.0 0
  103.63248399999999 72.0 0
  103.65523499999999 192.0 0
  103.74430799999999 136.0 0
  103.776733 168.0 0
  103.79257199999999 228.0 0
  103.884644 148.0 0
  103.942093 128.0 0
  103.95825199999999 152.0 0
  104.01064299999999 10.13611 0
  104.051498 112.0 0
  104.068573 172.0 0
  104.120384 256.0 0
  104.223236 136.0 0
  104.23552699999999 208.0 0
  104.37905099999999 272.0 0
  104.380669 240.0 0
  104.40087899999999 124.0 0
  104.410789 148.0 0
  104.505394 128.0 0
  104.54476199999999 92.0 0
  104.546104 152.0 0
  104.66643499999999 124.0 0
  104.679749 128.0 0
  104.876465 204.0 0
  104.883827 144.0 0
  104.884529 176.0 0
  104.89437099999999 132.0 0
  104.909065 124.0 0
  104.954292 224.0 0
  104.96601899999999 188.0 0
  105.01503 132.0 0
  105.05165099999999 232.0 0
  105.07062499999999 460.0 0
  105.140205 200.0 0
  105.141228 236.0 0
  105.145164 176.0 0
  105.190849 148.0 0
  105.195831 156.0 0
  105.20193499999999 184.0 0
  105.292091 248.0 0
  105.36598199999999 28.0 0
  105.443092 168.0 0
  105.487045 200.0 0
  105.53495 148.0 0
  105.671555 40.0 0
  105.712837 208.0 0
  105.71689599999999 112.0 0
  105.73365799999999 156.0 0
  105.744034 40.0 0
  105.798965 36.0 0
  105.81133299999999 136.0 0
  105.830322 180.0 0
  106.09054599999999 216.0 0
  106.09639 212.0 0
  106.12969199999999 52.0 0
  106.188324 164.0 0
  106.226349 108.0 0
  106.25909399999999 160.0 0
  106.395203 68.0 0
  106.41457399999999 100.0 0
  106.41965499999999 7.84375 0
  106.42225599999999 260.0 0
  106.44592999999999 116.0 0
  106.446022 184.0 0
  106.47641 124.0 0
  106.52462799999999 252.0 0
  106.58925599999999 64.0 0
  106.62242099999999 180.0 0
  106.637222 192.0 0
  106.72142799999999 188.0 0
  106.751205 140.0 0
  106.839478 248.0 0
  106.946739 136.0 0
  106.998329 3.926282 0
  107.01340499999999 140.0 0
  107.03141 128.0 0
  107.05090299999999 412.0 0
  107.059669 7052.0 4
  107.08350399999999 172.612595 0
  107.085838 312.0 0
  107.38823699999999 72.0 0
  107.40832499999999 172.0 0
  107.43057999999999 76.0 0
  107.49518599999999 208.0 0
  107.5075 172.0 0
  107.606377 40.0 0
  107.67330899999999 112.0 0
  107.81047099999999 128.0 0
  107.85614 156.0 0
  107.892822 212.0 0
  107.922348 144.0 0
  107.922951 284.0 0
  107.952332 176.0 0
  107.98273499999999 116.0 0
  108.060043 192.0 0
  108.081627 744.0 0
  108.104805 168.0 0
  108.168854 44.0 0
  108.197571 148.0 0
  108.206306 120.0 0
  108.35668199999999 196.0 0
  108.39209 168.0 0
  108.402985 152.0 0
  108.438622 236.0 0
  108.472893 212.0 0
  108.480278 148.0 0
  108.52372 192.0 0
  108.56584199999999 44.0 0
  108.568863 296.0 0
  108.573853 108.0 0
  108.59164399999999 28.0 0
  108.67643 184.0 0
  108.69551799999999 84.0 0
  108.798248 68.0 0
  108.847122 7.641125 0
  108.852104 212.0 0
  108.852684 128.0 0
  108.983353 272.0 0
  109.001144 76.0 0
  109.02632899999999 88.0 0
  109.028503 276.0 0
  109.04968299999999 184.0 0
  109.09375 204.0 0
  109.102463 404.0 0
  109.121185 276.0 0
  109.17034899999999 180.0 0
  109.181427 6.813516 0
  109.262215 6.710784 0
  109.273308 124.0 0
  109.278915 112.0 0
  109.279488 176.0 0
  109.302208 2.750822 0
  109.30755599999999 2.449074 0
  109.32549999999999 164.0 0
  109.332703 228.0 0
  109.35518599999999 84.0 0
  109.386787 464.0 0
  109.40860699999999 112.0 0
  109.42341599999999 92.0 0
  109.475815 108.0 0
  109.47619599999999 268.0 0
  109.47878999999999 92.0 0
  109.547913 176.0 0
  109.561707 184.0 0
  109.616997 236.0 0
  109.75471499999999 80.0 0
  109.757301 108.0 0
  109.803513 140.0 0
  109.830894 144.0 0
  109.86451699999999 212.0 0
  109.86760699999999 284.0 0
  109.87042199999999 160.0 0
  109.97344199999999 23.959208 0
  109.98818999999999 156.0 0
  110.059174 1208.0 1
  110.076408 120.0 0
  110.101479 128.0 0
  110.108154 152.0 0
  110.166191 172.0 0
  110.20079 204.0 0
  110.23093399999999 80.0 0
  110.26915 192.0 0
  110.28163099999999 172.0 0
  110.32427999999999 176.0 0
  110.33573899999999 188.0 0
  110.36548599999999 120.0 0
  110.393501 176.0 0
  110.427155 100.0 0
  110.43588299999999 48.0 0
  110.458405 108.0 0
  110.48503099999999 76.0 0
  110.510994 104.0 0
  110.595947 224.0 0
  110.68974299999999 236.0 0
  110.690781 168.0 0
  110.761703 68.0 0
  110.86698899999999 132.0 0
  110.912567 228.0 0
  110.944954 248.0 0
  110.98252099999999 156.0 0
  111.014023 26500.0 16
  111.040764 156.0 0
  111.05145999999999 132.0 0
  111.108009 160.0 0
  111.128716 168.0 0
  111.13491099999999 140.0 0
  111.145973 76.0 0
  111.18373899999999 56.0 0
  111.316673 208.0 0
  111.33524299999999 164.0 0
  111.33921099999999 80.0 0
  111.405594 128.0 0
  111.419373 156.0 0
  111.43959799999999 52.0 0
  111.503937 152.0 0
  111.648849 124.0 0
  111.65705899999999 116.0 0
  111.683937 148.0 0
  111.74512499999999 152.0 0
  111.749496 32.0 0
  111.75383 164.0 0
  111.769859 72.0 0
  111.84163699999999 116.0 0
  111.85361499999999 172.0 0
  112.059433 116.0 0
  112.06281999999999 148.0 0
  112.11252599999999 460.0 0
  112.15149699999999 248.0 0
  112.155312 88.0 0
  112.16525999999999 92.0 0
  112.17096699999999 212.0 0
  112.210899 80.0 0
  112.272858 180.0 0
  112.315674 100.0 0
  112.341461 144.0 0
  112.34545899999999 140.0 0
  112.37280299999999 112.0 0
  112.381958 132.0 0
  112.391617 160.0 0
  112.434052 104.0 0
  112.436386 96.0 0
  112.449562 224.0 0
  112.456795 148.0 0
  112.469742 176.0 0
  112.47365599999999 56.0 0
  112.55298599999999 56.0 0
  112.573257 96.0 0
  112.62196399999999 128.0 0
  112.643959 184.0 0
  112.681793 128.0 0
  112.70249199999999 152.0 0
  112.881805 180.0 0
  113.02738199999999 172.0 0
  113.138657 44.0 0
  113.15123 200.0 0
  113.163094 40.0 0
  113.17984799999999 144.0 0
  113.245773 248.0 0
  113.25793499999999 172.0 0
  113.26799799999999 180.0 0
  113.27297999999999 156.0 0
  113.308105 172.0 0
  113.314545 128.0 0
  113.33863099999999 160.0 0
  113.34069099999999 140.0 0
  113.34603899999999 168.0 0
  113.356567 168.0 0
  113.39562199999999 168.0 0
  113.40016899999999 192.0 0
  113.44399999999999 204.0 0
  113.52819799999999 216.0 0
  113.52892299999999 252.0 0
  113.56066899999999 164.0 0
  113.613953 192.0 0
  113.61554 84.0 0
  113.620026 128.0 0
  113.653679 188.0 0
  113.708275 132.0 0
  113.71649199999999 64.413612 0
  113.75529499999999 148.0 0
  113.79148099999999 100.0 0
  113.79231999999999 124.0 0
  113.854607 116.0 0
  113.86451 400.0 0
  113.864876 144.0 0
  113.87849399999999 120.0 0
  113.884361 68.0 0
  113.91532099999999 88.0 0
  113.918976 128.0 0
  114.026657 164.0 0
  114.079498 176.0 0
  114.13106499999999 136.0 0
  114.200661 60.0 0
  114.215347 156.0 0
  114.426079 132.0 0
  114.59252199999999 176.0 0
  114.628143 160.0 0
  114.67403399999999 136.0 0
  114.712059 128.0 0
  114.78314999999999 236.0 0
  114.834824 184.0 0
  114.855774 160.0 0
  114.914818 128.0 0
  115.054581 5264.0 3
  115.217491 44.0 0
  115.29531899999999 192.0 0
  115.33022299999999 56.0 0
  115.36127499999999 68.0 0
  115.40480799999999 180.0 0
  115.431107 13.04167 0
  115.55403899999999 128.0 0
  115.60584999999999 108.0 0
  115.610565 40.0 0
  115.621994 212.0 0
  115.65896599999999 180.0 0
  115.7332 180.0 0
  115.836838 132.0 0
  116.052391 100.0 0
  116.056587 244.0 0
  116.057907 156.0 0
  116.05886799999999 6956.0 4
  116.088387 392.0 0
  116.267433 148.0 0
  116.30830399999999 56.0 0
  116.36130499999999 132.0 0
  116.36333499999999 192.0 0
  116.45783999999999 108.0 0
  116.488846 120.0 0
  116.499268 140.0 0
  116.52399399999999 140.0 0
  116.549004 184.0 0
  116.587311 180.0 0
  116.63465099999999 160.0 0
  116.647072 152.0 0
  116.65489199999999 124.0 0
  116.704979 2.668056 0
  116.73525199999999 300.0 0
  116.73792999999999 152.0 0
  116.78673599999999 240.0 0
  116.81513199999999 188.0 0
  116.817757 144.0 0
  116.87415299999999 156.0 0
  117.11218299999999 148.0 0
  117.16360499999999 176.0 0
  117.191727 56.0 0
  117.23101 56.0 0
  117.241028 164.0 0
  117.288078 168.0 0
  117.335121 84.0 0
  117.364487 88.0 0
  117.394043 164.0 0
  117.394104 176.0 0
  117.448242 204.0 0
  117.620773 80.0 0
  117.682335 148.0 0
  117.6856 36.0 0
  117.76250499999999 5.0 0
  117.79959099999999 28.0 0
  117.85406499999999 7.360998 0
  117.893425 208.0 0
  117.92935899999999 220.0 0
  117.93777499999999 212.0 0
  117.96205099999999 212.0 0
  117.97730999999999 132.0 0
  118.009743 12.36296 0
  118.027458 160.0 0
  118.037781 408.0 0
  118.081329 248.0 0
  118.169968 128.0 0
  118.17727699999999 96.0 0
  118.26501499999999 124.0 0
  118.36425 60.0 0
  118.372856 156.0 0
  118.474426 132.0 0
  118.48943299999999 5.600806 0
  118.525307 244.0 0
  118.562164 76.0 0
  118.613632 16.84186 0
  118.702118 188.0 0
  118.754448 256.0 0
  118.75666799999999 112.0 0
  118.773872 108.0 0
  118.776688 328.0 0
  118.793442 164.0 0
  118.82099199999999 200.0 0
  118.89208199999999 188.0 0
  118.901291 320.0 0
  118.93300599999999 168.0 0
  118.96024299999999 140.0 0
  118.973923 92.0 0
  118.97782099999999 156.0 0
  119.013077 144.0 0
  119.019707 176.0 0
  119.042892 196.0 0
  119.04620399999999 164.0 0
  119.07215099999999 200.0 0
  119.08577 2037.713989 1
  119.187119 128.0 0
  119.23119399999999 172.0 0
  119.262802 148.0 0
  119.316452 52.0 0
  119.36125899999999 156.0 0
  119.366158 260.0 0
  119.395523 36.0 0
  119.47451 44.0 0
  119.534409 11.89815 0
  119.544449 168.0 0
  119.575424 176.0 0
  119.595711 200.0 0
  119.62284899999999 232.0 0
  119.74131 92.0 0
  119.788803 120.0 0
  119.830444 100.0 0
  119.83966099999999 144.0 0
  119.88147 144.0 0
  119.91787 52.0 0
  119.92289699999999 236.0 0
  119.95266699999999 148.0 0
  119.96366099999999 236.0 0
  119.972275 208.0 0
  120.020775 280.0 0
  120.02527599999999 180.0 0
  120.04538 180.0 0
  120.05620599999999 180.0 0
  120.06075299999999 128.0 0
  120.08157299999999 720.0 0
  120.13963299999999 120.0 0
  120.228096 156.0 0
  120.366058 96.0 0
  120.49054699999999 136.0 0
  120.512756 136.0 0
  120.538353 10.67188 0
  120.567398 168.0 0
  120.660851 316.0 0
  120.83734899999999 252.0 0
  120.913147 64.0 0
  120.95880899999999 168.0 0
  120.96221899999999 200.0 0
  120.984718 160.0 0
  121.03759799999999 132.0 0
  121.040489 304.0 0
  121.05154399999999 4544.0 3
  121.08348799999999 108.0 0
  121.16715199999999 60.0 0
  121.187744 144.0 0
  121.21739199999999 140.0 0
  121.231735 128.0 0
  121.246544 192.0 0
  121.310638 152.0 0
  121.333923 184.0 0
  121.34462699999999 232.0 0
  121.36896499999999 168.0 0
  121.397911 228.0 0
  121.409126 120.0 0
  121.44532 252.0 0
  121.45929699999999 188.0 0
  121.489471 172.0 0
  121.495842 144.0 0
  121.528419 168.0 0
  121.592514 108.0 0
  121.636482 188.0 0
  121.637947 52.0 0
  121.661682 136.0 0
  121.66426799999999 168.0 0
  121.767067 204.0 0
  121.894341 136.0 0
  121.964851 576.0 0
  121.969269 108.0 0
  122.037949 256.0 0
  122.153786 104.0 0
  122.17193599999999 188.0 0
  122.24906899999999 64.0 0
  122.409576 184.0 0
  122.418503 176.0 0
  122.421318 216.0 0
  122.51892099999999 148.0 0
  122.545227 184.0 0
  122.60936 196.0 0
  122.615623 168.0 0
  122.69009399999999 48.0 0
  122.69741099999999 156.0 0
  122.71058699999999 228.0 0
  122.89634699999999 228.0 0
  122.916664 14.215763 0
  122.92032599999999 176.0 0
  122.960686 64.0 0
  122.962502 180.0 0
  122.967934 120.0 0
  122.99337 188.0 0
  123.11702 100.0 0
  123.11746199999999 224.0 0
  123.12836499999999 376.0 0
  123.15264099999999 216.0 0
  123.15568499999999 160.0 0
  123.19663999999999 156.0 0
  123.481522 184.0 0
  123.499207 56.0 0
  123.507195 208.0 0
  123.575508 116.0 0
  123.58796699999999 224.0 0
  123.616722 80.0 0
  123.676102 60.0 0
  123.680771 112.0 0
  123.69210799999999 148.0 0
  123.75881199999999 104.0 0
  123.761848 112.0 0
  123.817955 204.0 0
  123.90415999999999 188.0 0
  123.90472399999999 268.0 0
  123.90647899999999 168.0 0
  124.01903499999999 212.0 0
  124.063683 156.0 0
  124.093071 65.625 0
  124.10926099999999 328.0 0
  124.111504 172.0 0
  124.258347 164.0 0
  124.31038699999999 132.0 0
  124.34487899999999 120.0 0
  124.345894 9.574555 0
  124.35250099999999 164.0 0
  124.386269 244.0 0
  124.387756 148.0 0
  124.43122899999999 104.0 0
  124.453209 208.0 0
  124.45876299999999 156.0 0
  124.585701 192.0 0
  124.59002699999999 232.0 0
  124.615044 228.0 0
  124.622169 164.0 0
  124.65916399999999 64.0 0
  124.659859 176.0 0
  124.694588 112.0 0
  124.734489 84.0 0
  124.79167899999999 116.0 0
  124.83174899999999 184.0 0
  124.83893599999999 244.0 0
  124.859917 64.0 0
  124.98155999999999 84.0 0
  124.98422199999999 188.0 0
  124.990135 192.0 0
  125.05796799999999 76.0 0
  125.076889 208.0 0
  125.090637 328.0 0
  125.096024 196.0 0
  125.101845 212.0 0
  125.10672 820.0 0
  125.11554699999999 212.0 0
  125.116203 204.0 0
  125.119553 132.0 0
  125.235069 188.0 0
  125.32150299999999 60.0 0
  125.35617099999999 208.0 0
  125.36050399999999 40.08535 0
  125.44421399999999 132.0 0
  125.514336 116.0 0
  125.563538 100.0 0
  125.57236499999999 160.0 0
  125.59041599999999 236.0 0
  125.63503299999999 204.0 0
  125.640442 160.0 0
  125.64853699999999 140.0 0
  125.71395899999999 144.0 0
  125.797539 64.0 0
  125.907028 272.0 0
  125.968925 140.0 0
  126.00795699999999 160.0 0
  126.027931 668.0 0
  126.040909 116.0 0
  126.041122 144.0 0
  126.06218 204.0 0
  126.11183199999999 48.0 0
  126.11533399999999 6712.0 4
  126.157364 192.0 0
  126.18641699999999 168.0 0
  126.235947 196.0 0
  126.286721 188.0 0
  126.343491 56.0 0
  126.36460899999999 124.0 0
  126.37230699999999 132.0 0
  126.400742 168.0 0
  126.451881 160.0 0
  126.454842 140.0 0
  126.50200699999999 328.0 0
  126.53429399999999 160.0 0
  126.549995 140.0 0
  126.55386399999999 160.0 0
  126.561951 184.0 0
  126.596077 236.0 0
  126.666237 148.0 0
  126.688835 2.603571 0
  126.704033 112.0 0
  126.77829 10.86882 0
  126.860092 340.0 0
  126.86080899999999 80.0 0
  126.90562399999999 164.0 0
  126.92139399999999 216.0 0
  126.947266 156.0 0
  127.087204 96.846153 0
  127.166016 152.0 0
  127.175163 300.0 0
  127.251083 176.0 0
  127.299042 92.0 0
  127.32496599999999 440.0 0
  127.327118 152.0 0
  127.329994 140.0 0
  127.35529299999999 116.0 0
  127.38221 348.0 0
  127.421234 256.0 0
  127.435684 184.0 0
  127.45253799999999 184.0 0
  127.46923799999999 176.0 0
  127.493286 212.0 0
  127.49743699999999 180.0 0
  127.590378 108.0 0
  127.59829699999999 112.0 0
  127.607254 132.0 0
  127.661209 56.0 0
  127.665352 140.0 0
  127.69903599999999 232.0 0
  127.73582499999999 100.0 0
  127.752777 156.0 0
  127.77538299999999 160.0 0
  127.79371599999999 112.0 0
  127.819862 168.0 0
  127.824348 180.0 0
  127.865517 56.0 0
  127.86578399999999 2.338542 0
  127.90727199999999 144.0 0
  127.916405 196.0 0
  127.92083 80.0 0
  127.964287 92.0 0
  127.974266 144.0 0
  128.026352 128.0 0
  128.031036 156.0 0
  128.044922 172.0 0
  128.05320700000001 644.0 0
  128.061218 4316.0 3
  128.061356 252.0 0
  128.135986 312.0 0
  128.177032 68.0 0
  128.272644 156.0 0
  128.274048 340.0 0
  128.327194 212.0 0
  128.328522 132.0 0
  128.354767 132.0 0
  128.359177 220.0 0
  128.415619 200.0 0
  128.432114 248.0 0
  128.447083 56.0 0
  128.449188 176.0 0
  128.487854 184.0 0
  128.498703 256.0 0
  128.519272 216.0 0
  128.618805 148.0 0
  128.638519 9.213888 0
  128.645798 156.0 0
  128.658539 220.0 0
  128.756027 328.0 0
  128.83140600000002 136.0 0
  128.851608 48.0 0
  128.921661 104.0 0
  128.951187 132.0 0
  128.999771 140.0 0
  129.0112 120.0 0
  129.021332 132.0 0
  129.034378 72.0 0
  129.040817 176.0 0
  129.050339 172.0 0
  129.07397500000002 196.0 0
  129.09544400000001 172.0 0
  129.12643400000002 204.0 0
  129.216522 304.0 0
  129.219864 164.0 0
  129.275223 140.0 0
  129.32298300000002 208.0 0
  129.32518000000002 204.0 0
  129.506638 48.0 0
  129.530029 112.0 0
  129.660889 204.0 0
  129.73512300000002 120.0 0
  129.766739 172.0 0
  129.848251 120.0 0
  129.868393 124.0 0
  129.92334 224.0 0
  129.936203 200.0 0
  129.974503 80.0 0
  130.000137 224.0 0
  130.014145 564.0 0
  130.033401 148.0 0
  130.069931 140.0 0
  130.076233 848.0 1
  130.12316900000002 188.0 0
  130.147644 168.0 0
  130.236252 148.0 0
  130.25340300000002 116.0 0
  130.262955 88.0 0
  130.36883500000002 24.692511 0
  130.39875800000002 152.0 0
  130.50048800000002 160.0 0
  130.535141 60.0 0
  130.570129 124.0 0
  130.572571 108.0 0
  130.59234600000002 156.0 0
  130.66748 28.210449 0
  130.671387 112.0 0
  130.677658 108.0 0
  130.693817 148.0 0
  130.705048 224.0 0
  130.773392 152.0 0
  130.881805 152.0 0
  130.905304 248.0 0
  130.936066 88.0 0
  130.956497 156.0 0
  130.966949 92.0 0
  130.997726 128.0 0
  131.024261 160.0 0
  131.026733 104.0 0
  131.057312 324.0 0
  131.057938 200.0 0
  131.059998 9904.0 6
  131.07238800000002 272.0 0
  131.128113 128.0 0
  131.141266 116.0 0
  131.178604 280.0 0
  131.18450900000002 80.0 0
  131.257797 140.0 0
  131.30925000000002 200.0 0
  131.351715 25.530531 0
  131.370224 172.0 0
  131.384567 120.0 0
  131.418213 128.0 0
  131.437576 168.0 0
  131.47013900000002 112.0 0
  131.47056600000002 128.0 0
  131.622162 60.0 0
  131.750458 112.0 0
  131.768265 144.0 0
  131.81242400000002 188.0 0
  131.899246 180.0 0
  131.924652 212.0 0
  131.93403600000002 180.0 0
  131.955139 48.0 0
  131.984406 148.0 0
  132.024536 88.0 0
  132.03938300000002 160.0 0
  132.059967 152.0 0
  132.081116 896.0 1
  132.090317 812.0 0
  132.114334 128.0 0
  132.127747 228.0 0
  132.284683 48.0 0
  132.322998 180.0 0
  132.349808 200.0 0
  132.370392 176.0 0
  132.417801 156.0 0
  132.477554 92.0 0
  132.493088 156.0 0
  132.510605 148.0 0
  132.634735 220.0 0
  132.650803 44.0 0
  132.728836 140.0 0
  132.752426 140.0 0
  132.80543500000002 176.0 0
  132.83505200000002 104.0 0
  132.85728500000002 220.0 0
  132.88545200000002 140.0 0
  132.91171300000002 216.0 0
  133.063263 1620.0 1
  133.066406 172.0 0
  133.084442 24464.0 14
  133.085129 936.0 1
  133.118286 108.0 0
  133.14651500000002 176.0 0
  133.163788 204.0 0
  133.19120800000002 68.0 0
  133.198395 112.0 0
  133.295242 276.0 0
  133.30423000000002 268.0 0
  133.32193 104.0 0
  133.379578 100.0 0
  133.384598 9.005952 0
  133.39437900000001 228.0 0
  133.402283 220.0 0
  133.436905 13.7406 0
  133.453262 208.0 0
  133.478485 160.0 0
  133.512741 148.0 0
  133.521164 216.0 0
  133.545074 140.0 0
  133.549454 180.0 0
  133.568542 160.0 0
  133.68202200000002 176.0 0
  133.70919800000001 84.0 0
  133.72520400000002 184.0 0
  133.75422700000001 200.0 0
  133.75752300000002 156.0 0
  133.798676 108.0 0
  133.84906 176.0 0
  133.869507 7.55147 0
  133.886703 164.0 0
  134.018799 220.0 0
  134.028885 192.0 0
  134.078552 84.0 0
  134.10205100000002 800.0 0
  134.104691 200.0 0
  134.131226 148.0 0
  134.320435 184.0 0
  134.339035 14.44079 0
  134.427155 88.0 0
  134.46957400000002 164.0 0
  134.66000400000001 132.0 0
  134.73408500000002 80.0 0
  134.763 172.0 0
  134.77121 184.0 0
  134.823257 116.0 0
  134.993347 208.0 0
  135.026901 34.418751 0
  135.035492 196.0 0
  135.045715 88.0 0
  135.052795 640.0 0
  135.081177 1760.0 1
  135.092621 188.0 0
  135.143158 224.0 0
  135.146057 100.0 0
  135.15387 140.0 0
  135.17150900000001 176.0 0
  135.17558300000002 180.0 0
  135.189377 108.0 0
  135.22316 156.0 0
  135.262665 324.0 0
  135.323196 140.0 0
  135.508804 208.0 0
  135.525909 192.0 0
  135.565491 148.0 0
  135.608566 128.0 0
  135.6604 60.0 0
  135.711227 196.0 0
  135.75499000000002 168.0 0
  135.98056 128.0 0
  136.03796400000002 172.0 0
  136.13533 128.0 0
  136.173279 228.0 0
  136.175659 212.0 0
  136.18673700000002 200.0 0
  136.20343 224.0 0
  136.214462 172.0 0
  136.341888 148.0 0
  136.40564 140.0 0
  136.42523200000002 156.0 0
  136.471527 48.0 0
  136.572189 164.0 0
  136.60243200000002 96.0 0
  136.607346 180.0 0
  136.61779800000002 156.0 0
  136.62941 172.0 0
  136.64042700000002 104.0 0
  136.653198 80.0 0
  136.663925 200.0 0
  136.69580100000002 140.0 0
  136.786102 192.0 0
  136.926086 168.0 0
  136.935776 144.0 0
  136.965042 180.0 0
  136.975616 56.0 0
  136.983627 212.0 0
  137.060852 1100.0 1
  137.067947 148.0 0
  137.093582 232.0 0
  137.216202 152.0 0
  137.236526 108.0 0
  137.295334 192.0 0
  137.33628900000002 164.0 0
  137.354431 200.0 0
  137.400162 7.843137 0
  137.48722800000002 56.0 0
  137.516815 152.0 0
  137.54229700000002 88.0 0
  137.622711 112.0 0
  137.624878 112.0 0
  137.656845 88.0 0
  137.791855 128.0 0
  137.837769 188.0 0
  137.898743 116.0 0
  137.921783 92.0 0
  138.0 2.998262 0
  138.009491 5.916667 0
  138.05865500000002 236.0 0
  138.105728 152.0 0
  138.140732 272.0 0
  138.25851400000002 160.0 0
  138.26358000000002 136.0 0
  138.268143 212.0 0
  138.28241 148.0 0
  138.293961 112.0 0
  138.398376 124.0 0
  138.438187 152.0 0
  138.467636 220.0 0
  138.49906900000002 132.0 0
  138.503769 156.0 0
  138.519211 176.0 0
  138.524551 156.0 0
  138.584244 68.0 0
  138.59693900000002 176.0 0
  138.669968 180.0 0
  138.673294 88.0 0
  138.75839200000001 120.0 0
  138.864059 256.0 0
  138.882278 128.0 0
  138.94653300000002 148.0 0
  138.969513 140.0 0
  138.99902300000002 200.0 0
  139.03543100000002 248.0 0
  139.056259 1364.0 1
  139.134048 84.0 0
  139.155975 84.0 0
  139.389191 176.0 0
  139.40231300000002 116.0 0
  139.64308200000002 17.95425 0
  139.67776500000002 216.0 0
  139.688873 176.0 0
  139.74031100000002 140.0 0
  139.759293 168.0 0
  139.76396200000002 48.0 0
  139.85200500000002 60.0 0
  139.86911 256.0 0
  139.899582 144.0 0
  140.020035 168.0 0
  140.25323500000002 180.0 0
  140.30023200000002 156.0 0
  140.334686 40.0 0
  140.405731 184.0 0
  140.539993 176.0 0
  140.549256 180.0 0
  140.59761 200.0 0
  140.62020900000002 116.0 0
  140.62544300000002 33.53426 0
  140.649109 360.0 0
  140.856934 72.0 0
  140.945465 216.0 0
  140.94708300000002 160.0 0
  141.0513 64.0 0
  141.07174700000002 160.0 0
  141.07222000000002 224.0 0
  141.074524 384.0 0
  141.088067 192.0 0
  141.100861 1451.911011 1
  141.25357100000002 144.0 0
  141.259018 160.0 0
  141.29293800000002 88.0 0
  141.364944 344.0 0
  141.36651600000002 80.0 0
  141.391235 72.0 0
  141.444199 140.0 0
  141.496338 160.0 0
  141.65712000000002 160.0 0
  141.73739600000002 216.0 0
  141.767288 252.0 0
  141.776688 36.0 0
  141.855042 292.0 0
  141.869675 116.0 0
  141.905518 120.0 0
  141.93888900000002 52.0 0
  142.018967 236.0 0
  142.041962 30.25087 0
  142.076309 1256.0 1
  142.102768 160.0 0
  142.122299 52.0 0
  142.19899 44.0 0
  142.207962 2.700758 0
  142.215942 200.0 0
  142.246399 200.0 0
  142.26268000000002 144.0 0
  142.286652 164.0 0
  142.29594400000002 172.0 0
  142.337662 244.0 0
  142.459427 140.0 0
  142.483978 132.0 0
  142.490417 124.0 0
  142.51045200000002 56.0 0
  142.51741 192.0 0
  142.548035 120.0 0
  142.57736200000002 132.0 0
  142.750809 156.0 0
  142.78981000000002 80.0 0
  142.891434 136.0 0
  142.921829 124.0 0
  142.958527 180.0 0
  143.04248 212.0 0
  143.059021 648.0 0
  143.084717 1052.0 1
  143.148254 88.0 0
  143.159897 308.0 0
  143.21507300000002 140.0 0
  143.280075 60.0 0
  143.302536 120.0 0
  143.32792700000002 88.0 0
  143.363968 168.0 0
  143.416275 144.0 0
  143.48086500000002 3.080128 0
  143.538742 152.0 0
  143.735352 128.0 0
  144.002914 172.0 0
  144.029984 180.0 0
  144.05571 280.0 0
  144.077332 120.0 0
  144.161102 184.0 0
  144.18853800000002 212.0 0
  144.260895 92.0 0
  144.273911 192.0 0
  144.340729 144.0 0
  144.34613000000002 140.0 0
  144.34642 72.0 0
  144.35707100000002 136.0 0
  144.43360900000002 100.0 0
  144.448685 128.0 0
  144.47493 140.0 0
  144.505432 88.0 0
  144.535065 56.0 0
  144.605942 152.0 0
  144.73747300000002 200.0 0
  144.741745 176.0 0
  144.747543 160.0 0
  144.755005 208.0 0
  144.785706 248.0 0
  144.851517 92.0 0
  145.014359 168.0 0
  145.05465700000002 180.0 0
  145.09793100000002 1608.0 1
  145.128738 132.0 0
  145.13171400000002 184.0 0
  145.17337 152.0 0
  145.240631 176.0 0
  145.34982300000001 188.0 0
  145.49696400000002 160.0 0
  145.597733 208.0 0
  145.62780800000002 80.0 0
  145.71785 140.0 0
  145.789185 268.0 0
  145.790955 52.0 0
  145.914825 108.0 0
  145.92892500000002 112.0 0
  145.933762 104.0 0
  145.950424 152.0 0
  146.023727 180.0 0
  146.032928 132.0 0
  146.03427100000002 388.0 0
  146.044006 180.0 0
  146.10505700000002 352.0 0
  146.257706 6.101891 0
  146.305679 116.0 0
  146.376053 212.0 0
  146.45593300000002 132.0 0
  146.462402 5.298077 0
  146.4785 192.0 0
  146.52301 208.0 0
  146.526825 180.0 0
  146.527725 180.0 0
  146.544708 116.0 0
  146.54599000000002 128.0 0
  146.613876 13.95833 0
  146.616135 216.0 0
  146.643158 156.0 0
  146.71978800000002 184.0 0
  146.812454 140.0 0
  146.816223 180.0 0
  146.883163 208.0 0
  146.973206 156.0 0
  146.986481 180.0 0
  147.01474000000002 156.0 0
  147.020096 180.0 0
  147.024643 356.0 0
  147.03511 2728.0 2
  147.06723 164.0 0
  147.080261 1772.0 1
  147.11222800000002 32.51825 0
  147.12236000000001 100.0 0
  147.22615100000002 304.0 0
  147.255997 120.0 0
  147.302399 100.0 0
  147.32153300000002 156.0 0
  147.33801300000002 108.0 0
  147.414108 232.0 0
  147.41755700000002 17.941151 0
  147.503983 204.0 0
  147.508545 48.0 0
  147.611313 112.0 0
  147.71893300000002 328.0 0
  147.74525500000001 312.0 0
  147.832748 144.0 0
  147.88853500000002 29.04044 0
  148.042007 220.0 0
  148.04972800000002 388.0 0
  148.049927 128.0 0
  148.093475 164.0 0
  148.123184 1140.0 1
  148.17790200000002 224.0 0
  148.205215 80.0 0
  148.239182 60.0 0
  148.26178000000002 92.0 0
  148.281754 168.0 0
  148.30770900000002 172.0 0
  148.34187300000002 192.0 0
  148.378265 60.0 0
  148.593018 92.0 0
  148.59951800000002 104.0 0
  148.61071800000002 136.0 0
  148.6586 132.0 0
  148.71640000000002 156.0 0
  148.733429 180.0 0
  148.753372 244.0 0
  148.761185 160.0 0
  148.87442000000001 188.0 0
  148.889877 11.19886 0
  149.015656 2080.0 1
  149.069016 80.0 0
  149.078705 168.0 0
  149.089508 232.0 0
  149.098114 344.0 0
  149.128555 284.0 0
  149.160233 96.0 0
  149.268112 108.0 0
  149.284378 64.0 0
  149.299179 224.0 0
  149.318237 136.0 0
  149.36587500000002 268.0 0
  149.54530300000002 308.0 0
  149.589569 180.0 0
  149.626465 156.0 0
  149.663803 144.0 0
  149.677063 188.0 0
  149.885757 212.0 0
  149.894043 64.0 0
  149.955612 9.672222 0
  149.96365400000002 228.0 0
  149.972702 160.0 0
  150.003906 248.0 0
  150.032669 108.0 0
  150.090622 1356.0 1
  150.140915 144.0 0
  150.239014 140.0 0
  150.241074 76.0 0
  150.367554 100.0 0
  150.472488 9.034091 0
  150.49533100000002 100.0 0
  150.602341 136.0 0
  150.747681 320.0 0
  150.911179 140.0 0
  150.914413 44.0 0
  150.928894 184.0 0
  151.01438900000002 172.0 0
  151.02101100000002 1864.0 1
  151.039841 152.0 0
  151.052673 2284.0 1
  151.074203 664.0 0
  151.093918 228.0 0
  151.123138 2400.0 1
  151.189117 228.0 0
  151.190674 112.0 0
  151.379959 128.0 0
  151.620743 84.0 0
  151.643753 196.0 0
  151.69802900000002 208.0 0
  151.731567 152.0 0
  151.752625 168.0 0
  151.80242900000002 48.0 0
  151.866486 212.0 0
  151.89325 160.0 0
  151.90004000000002 164.0 0
  151.95970200000002 152.0 0
  152.00473 48.0 0
  152.02002000000002 64.0 0
  152.040741 784.0 0
  152.097427 64.0 0
  152.15965300000002 204.0 0
  152.229858 56.0 0
  152.23133900000002 92.0 0
  152.23335300000002 120.0 0
  152.281082 356.0 0
  152.281235 148.0 0
  152.312225 272.0 0
  152.323883 192.0 0
  152.339142 112.0 0
  152.47250400000001 156.0 0
  152.530548 152.0 0
  152.68524200000002 136.0 0
  152.757751 136.0 0
  152.76147500000002 172.0 0
  152.824692 256.0 0
  152.82856800000002 4.666667 0
  152.925217 196.0 0
  152.987671 148.0 0
  153.024368 160.0 0
  153.07475300000002 332.0 0
  153.183334 180.0 0
  153.228302 152.0 0
  153.228668 240.0 0
  153.233932 160.0 0
  153.292053 292.0 0
  153.335449 44.0 0
  153.351089 124.0 0
  153.474274 152.0 0
  153.479645 184.0 0
  153.48559600000002 88.0 0
  153.56024200000002 124.0 0
  153.560471 120.0 0
  153.585602 156.0 0
  153.65654 136.0 0
  153.76834100000002 132.0 0
  153.852982 156.0 0
  153.893661 148.0 0
  153.939804 236.0 0
  153.97615100000002 148.0 0
  154.01336700000002 112.0 0
  154.057312 60.0 0
  154.064804 1684.0 1
  154.066147 2620.0 2
  154.07811 160.0 0
  154.1745 748.0 0
  154.220535 72.0 0
  154.26869200000002 168.0 0
  154.302841 156.0 0
  154.444519 52.0 0
  154.44636500000001 192.0 0
  154.452438 52.0 0
  154.47915600000002 132.0 0
  154.566574 152.0 0
  154.591736 108.0 0
  154.610611 172.0 0
  154.675781 252.0 0
  154.84375 220.0 0
  154.933456 52.0 0
  155.00235 216.0 0
  155.024124 132.0 0
  155.06958 4396.0 3
  155.082581 1248.0 1
  155.106964 100.0 0
  155.14651500000002 168.0 0
  155.316132 148.0 0
  155.361679 184.0 0
  155.377045 68.0 0
  155.42056300000002 176.0 0
  155.48332200000002 152.0 0
  155.547684 148.0 0
  155.646851 156.0 0
  155.686966 92.0 0
  155.72958400000002 180.0 0
  155.751617 156.0 0
  155.757645 160.0 0
  155.80328400000002 196.0 0
  155.829437 312.0 0
  155.914154 188.0 0
  156.00975 132.0 0
  156.07878100000002 2460.0 1
  156.07981900000001 192.0 0
  156.08178700000002 128.0 0
  156.133148 176.0 0
  156.160141 100.0 0
  156.17858900000002 104.0 0
  156.23455800000002 72.0 0
  156.250381 104.0 0
  156.268448 164.0 0
  156.278809 96.0 0
  156.30011000000002 112.0 0
  156.34655800000002 140.0 0
  156.371826 164.0 0
  156.379166 180.0 0
  156.396057 180.0 0
  156.414139 116.0 0
  156.416672 156.0 0
  156.419907 60.0 0
  156.454926 216.0 0
  156.511398 216.0 0
  156.519943 156.0 0
  156.635803 56.0 0
  156.755066 196.0 0
  156.805634 164.0 0
  156.8134 176.0 0
  156.997543 56.0 0
  157.02803 192.0 0
  157.039841 144.0 0
  157.05482500000002 360.0 0
  157.061035 172.0 0
  157.066391 644.0 0
  157.06929 132.0 0
  157.073212 124.0 0
  157.082962 256.0 0
  157.091721 160.0 0
  157.164093 244.0 0
  157.19532800000002 156.0 0
  157.206009 52.0 0
  157.238068 68.0 0
  157.25148000000002 216.0 0
  157.258652 64.0 0
  157.32740800000002 180.0 0
  157.353668 212.0 0
  157.38751200000002 136.0 0
  157.475708 172.0 0
  157.51478600000002 56.0 0
  157.557648 152.0 0
  157.570099 208.0 0
  157.595123 56.0 0
  157.62016300000002 112.0 0
  157.677017 156.0 0
  157.741486 96.0 0
  157.785065 120.0 0
  157.880905 128.0 0
  158.007599 200.0 0
  158.07174700000002 1152.0 1
  158.07963600000002 112.0 0
  158.09355200000002 172.0 0
  158.096756 320.0 0
  158.117569 17448.0 10
  158.125504 22.00371 0
  158.164993 48.0 0
  158.182632 128.0 0
  158.22880600000002 92.0 0
  158.238876 140.0 0
  158.311371 140.0 0
  158.428299 160.0 0
  158.446686 152.0 0
  158.453629 192.0 0
  158.485367 240.0 0
  158.65347300000002 144.0 0
  158.70138500000002 84.0 0
  158.704666 116.0 0
  158.75946000000002 180.0 0
  158.81878700000001 176.0 0
  158.82655300000002 156.0 0
  158.85548400000002 116.0 0
  158.953323 148.0 0
  159.015656 6.115919 0
  159.017334 204.0 0
  159.028885 116.0 0
  159.035706 56.0 0
  159.063995 169.0 0
  159.130905 56.0 0
  159.15853900000002 80.0 0
  159.18365500000002 1628.0 1
  159.18756100000002 168.0 0
  159.197723 140.0 0
  159.22331200000002 56.0 0
  159.22674600000002 84.0 0
  159.29409800000002 116.0 0
  159.311249 164.0 0
  159.344604 204.0 0
  159.39703400000002 176.0 0
  159.41862500000002 124.0 0
  159.427933 196.0 0
  159.47219800000002 140.0 0
  159.484207 164.0 0
  159.696136 136.0 0
  159.763702 164.0 0
  159.775909 128.0 0
  159.785538 184.0 0
  159.805359 152.0 0
  159.835449 424.0 0
  159.835754 124.0 0
  159.87638900000002 120.0 0
  159.941238 52.0 0
  159.965493 180.0 0
  160.0448 412.0 0
  160.068421 116.0 0
  160.071075 208.0 0
  160.075668 27372.0 16
  160.10806300000002 924.0 1
  160.118942 160.0 0
  160.14442400000001 144.0 0
  160.155777 32.0 0
  160.173233 84.0 0
  160.24726900000002 132.0 0
  160.388336 88.0 0
  160.461914 56.0 0
  160.47039800000002 56.0 0
  160.52151500000002 64.0 0
  160.52319300000002 160.0 0
  160.55427600000002 76.0 0
  160.627563 204.0 0
  160.658463 140.0 0
  160.69322200000002 148.0 0
  160.71864300000001 92.0 0
  160.82804900000002 124.0 0
  160.829453 52.0 0
  160.8591 160.0 0
  160.913452 212.0 0
  160.947739 188.0 0
  161.019302 256.0 0
  161.04899600000002 57182.0 34
  161.09288 196.0 0
  161.09732100000002 180.0 0
  161.134262 48.0 0
  161.15927100000002 180.0 0
  161.168335 88.0 0
  161.19725 56.0 0
  161.280548 128.0 0
  161.44416800000002 160.0 0
  161.488831 136.0 0
  161.49585000000002 152.0 0
  161.528549 184.0 0
  161.62205500000002 76.0 0
  161.62312300000002 120.0 0
  161.7202 6.001042 0
  161.791382 224.0 0
  161.81689500000002 156.0 0
  161.85385100000002 196.0 0
  161.867172 180.0 0
  161.884186 164.0 0
  161.991714 152.0 0
  162.018036 296.0 0
  162.040787 176.0 0
  162.06315600000002 300.0 0
  162.06710800000002 416.0 0
  162.06788600000002 280.0 0
  162.100769 500.0 0
  162.138077 156.0 0
  162.157822 236.0 0
  162.205994 52.0 0
  162.222 172.0 0
  162.229141 7.725291 0
  162.322968 104.0 0
  162.374954 44.0 0
  162.41835 184.0 0
  162.43270900000002 104.0 0
  162.518372 208.0 0
  162.518631 172.0 0
  162.55278 172.0 0
  162.571716 144.0 0
  162.580261 128.0 0
  162.586823 3.440476 0
  162.600906 36.0 0
  162.61874400000002 164.0 0
  162.63324 144.0 0
  162.677094 4.502467 0
  162.83029200000001 108.0 0
  163.038055 312.0 0
  163.09504700000002 396.0 0
  163.10020400000002 192.0 0
  163.13827500000002 4.173611 0
  163.17807000000002 120.0 0
  163.211411 184.0 0
  163.233521 104.0 0
  163.24833700000002 56.0 0
  163.271271 112.0 0
  163.299225 104.0 0
  163.375366 164.0 0
  163.504974 100.0 0
  163.550461 136.0 0
  163.580002 6.333333 0
  163.72911100000002 236.0 0
  163.801163 144.0 0
  163.857101 140.0 0
  163.883011 172.0 0
  163.89485200000001 220.0 0
  164.023788 156.0 0
  164.025284 108.0 0
  164.04830900000002 160.0 0
  164.077057 164.0 0
  164.086029 196.0 0
  164.107461 556.0 0
  164.221878 48.0 0
  164.242599 136.0 0
  164.33256500000002 45.22097 0
  164.343002 84.0 0
  164.407227 148.0 0
  164.41000400000001 164.0 0
  164.493668 220.0 0
  164.517456 148.0 0
  164.617783 132.0 0
  164.652847 152.0 0
  164.72425800000002 56.0 0
  164.794891 164.0 0
  164.81015000000002 164.0 0
  164.842499 76.0 0
  164.943344 120.0 0
  164.963776 464.0 0
  164.98349000000002 148.0 0
  164.991669 128.0 0
  165.000458 44.0 0
  165.06959500000002 55140.0 33
  165.090576 481.395599 0
  165.20901500000002 180.0 0
  165.216812 7.666667 0
  165.251831 6.801667 0
  165.296188 160.0 0
  165.37037700000002 144.0 0
  165.44296300000002 196.0 0
  165.489517 164.0 0
  165.500839 172.0 0
  165.52761800000002 152.0 0
  165.529007 108.0 0
  165.530502 96.0 0
  165.666275 148.0 0
  165.713211 148.0 0
  165.729996 160.0 0
  165.88505600000002 92.0 0
  165.988144 112.0 0
  166.078491 2116.0 1
  166.245316 72.0 0
  166.277451 228.0 0
  166.27873200000002 140.0 0
  166.329865 168.0 0
  166.39672900000002 128.0 0
  166.421356 164.0 0
  166.478455 120.0 0
  166.570511 172.0 0
  166.59419300000002 152.0 0
  166.63046300000002 152.0 0
  166.69026200000002 172.0 0
  166.798676 352.0 0
  166.90489200000002 160.0 0
  166.91893000000002 176.0 0
  166.960449 200.0 0
  167.006012 144.0 0
  167.018845 244.0 0
  167.06810000000002 176.0 0
  167.08770800000002 93.283173 0
  167.093018 168.0 0
  167.102234 108.0 0
  167.1259 56.0 0
  167.13114900000002 180.0 0
  167.22326700000002 176.0 0
  167.227493 228.0 0
  167.26284800000002 192.0 0
  167.27323900000002 224.0 0
  167.372147 84.0 0
  167.480194 168.0 0
  167.63694800000002 48.0 0
  167.663269 100.0 0
  167.75958300000002 148.0 0
  167.780213 220.0 0
  167.80487100000002 88.0 0
  167.836655 268.0 0
  167.91362 132.0 0
  168.055252 1984.0 1
  168.08853100000002 192.0 0
  168.095474 156.0 0
  168.188614 176.0 0
  168.24516300000002 92.0 0
  168.40193200000002 164.0 0
  168.49568200000002 1498.196655 1
  168.587341 92.0 0
  168.69104000000002 56.0 0
  168.718872 244.0 0
  168.723907 196.0 0
  168.81251500000002 232.0 0
  168.82342500000001 156.0 0
  168.914398 76.0 0
  169.010437 172.0 0
  169.058197 196.0 0
  169.07122800000002 116.0 0
  169.10022 1020.0 1
  169.11831700000002 116.0 0
  169.12413 240.0 0
  169.166061 164.0 0
  169.24066200000001 184.0 0
  169.28247100000002 144.0 0
  169.3228 124.0 0
  169.425186 68.0 0
  169.698624 144.0 0
  169.89437900000001 172.0 0
  169.89862100000002 212.0 0
  170.018417 152.0 0
  170.04821800000002 152.0 0
  170.06088300000002 103.801102 0
  170.07164 228.481506 0
  170.097275 264.0 0
  170.108887 232.0 0
  170.14042700000002 252.0 0
  170.253128 128.0 0
  170.351212 96.0 0
  170.35333300000002 80.0 0
  170.483383 116.0 0
  170.592194 52.0 0
  170.64006 164.0 0
  170.684708 168.0 0
  170.748535 96.0 0
  170.76036100000002 84.0 0
  170.823654 14.17729 0
  170.833527 180.0 0
  170.85278300000002 180.0 0
  170.879074 160.0 0
  170.908554 132.0 0
  170.915527 156.0 0
  170.99194300000002 180.0 0
  170.993927 132.0 0
  171.038361 80.0 0
  171.061966 132.0 0
  171.091599 2673.447021 2
  171.15472400000002 48.0 0
  171.177658 172.0 0
  171.24073800000002 280.0 0
  171.261398 48.0 0
  171.39918500000002 144.0 0
  171.422897 232.0 0
  171.482742 108.0 0
  171.522324 156.0 0
  171.544601 56.0 0
  171.565231 144.0 0
  171.59285 160.0 0
  171.62492400000002 140.0 0
  171.669159 68.0 0
  171.728882 128.0 0
  171.868515 132.0 0
  171.876617 168.0 0
  171.892883 176.0 0
  171.89553800000002 244.0 0
  171.942871 80.0 0
  171.94606000000002 276.0 0
  171.967926 144.0 0
  171.989914 148.0 0
  172.02636700000002 196.0 0
  172.075577 480.0 0
  172.07598900000002 4060.0 2
  172.222778 300.0 0
  172.365112 296.0 0
  172.371826 48.0 0
  172.373413 1436.24585 1
  172.573395 76.0 0
  172.820435 76.0 0
  172.900757 240.0 0
  172.916672 2.1489 0
  172.97082500000002 40.0 0
  173.040588 76.0 0
  173.042328 68.0 0
  173.064285 512.0 0
  173.12162800000002 1448.0 1
  173.13179 924.0 1
  173.181747 188.0 0
  173.210449 144.0 0
  173.256378 52.0 0
  173.340393 232.0 0
  173.63147 184.0 0
  173.74890100000002 80.0 0
  173.867966 108.0 0
  173.89613300000002 112.0 0
  173.900742 180.0 0
  173.92094400000002 196.0 0
  173.94754 56.0 0
  174.032959 10686.492188 6
  174.134949 112.0 0
  174.258652 60.0 0
  174.468475 36.0 0
  174.49087500000002 128.0 0
  174.552872 64.0 0
  174.554047 112.0 0
  174.607773 80.0 0
  174.62475600000002 72.0 0
  174.664215 100.0 0
  174.695297 60.0 0
  174.718094 208.0 0
  174.731354 176.0 0
  174.769348 100.0 0
  174.799286 152.0 0
  174.824356 160.0 0
  174.84642 164.0 0
  174.848068 36.0 0
  174.970718 128.0 0
  175.003174 220.0 0
  175.03164700000002 4680.0 3
  175.042358 112.0 0
  175.125809 42.14204 0
  175.171097 236.0 0
  175.183762 10.09909 0
  175.19686900000002 128.0 0
  175.365173 76.0 0
  175.41365100000002 112.0 0
  175.46785 140.0 0
  175.530045 164.0 0
  175.552032 120.0 0
  175.590347 160.0 0
  175.60527000000002 56.0 0
  175.70903 212.0 0
  175.87793000000002 132.0 0
  175.90541100000002 88.0 0
  175.939697 236.0 0
  175.96057100000002 120.0 0
  175.996994 148.0 0
  176.043961 10.68314 0
  176.05242900000002 3256.0 2
  176.05406200000002 136.0 0
  176.066986 228.0 0
  176.07591200000002 120.0 0
  176.099106 2.0 0
  176.103745 105.738503 0
  176.142365 620.0 0
  176.155762 92.0 0
  176.286469 172.0 0
  176.419769 180.0 0
  176.62506100000002 236.0 0
  176.813736 124.0 0
  176.83694500000001 48.0 0
  176.853027 208.0 0
  176.889206 56.0 0
  176.90927100000002 168.0 0
  176.94343600000002 192.0 0
  177.01019300000002 156.0 0
  177.03929100000002 132.0 0
  177.042877 280.0 0
  177.091293 2056.0 1
  177.10195900000002 192.0 0
  177.11161800000002 1276.0 1
  177.13514700000002 2.027778 0
  177.29864500000002 124.0 0
  177.327652 88.0 0
  177.35046400000002 308.0 0
  177.483551 148.0 0
  177.487839 92.0 0
  177.522156 84.0 0
  177.716217 64.0 0
  177.734421 48.0 0
  177.864319 88.0 0
  177.94300800000002 204.0 0
  178.013611 76.0 0
  178.065247 160.0 0
  178.107766 236.0 0
  178.160355 104.0 0
  178.16037 1328.0 1
  178.167236 180.0 0
  178.36209100000002 212.0 0
  178.450882 140.0 0
  178.59729000000002 160.0 0
  178.712433 200.0 0
  178.713074 172.0 0
  178.731613 108.0 0
  178.770798 128.0 0
  178.812454 148.0 0
  178.823181 140.0 0
  178.879547 9.11638 0
  178.968964 124.0 0
  179.062195 156.0 0
  179.072525 168.0 0
  179.073303 164.0 0
  179.12743500000002 192.0 0
  179.195648 180.0 0
  179.236206 208.0 0
  179.26727300000002 80.0 0
  179.308289 60.0 0
  179.382477 32.0 0
  179.43129000000002 76.0 0
  179.537247 156.0 0
  179.566925 272.0 0
  179.785034 196.0 0
  179.790939 184.0 0
  180.06680300000002 168.0 0
  180.07193 48.0 0
  180.098953 9.175 0
  180.22499100000002 164.0 0
  180.270386 148.0 0
  180.283356 160.0 0
  180.30122400000002 140.0 0
  180.40188600000002 52.0 0
  180.475388 228.0 0
  180.49675000000002 164.0 0
  180.782364 208.0 0
  180.831848 212.0 0
  180.986084 140.0 0
  181.06573500000002 1288.0 1
  181.075378 139248.0 82
  181.086105 340.0 0
  181.17343100000002 120.0 0
  181.252151 132.0 0
  181.265976 44.0 0
  181.461884 128.0 0
  181.568207 148.0 0
  181.609055 148.0 0
  181.677399 124.0 0
  181.737045 112.0 0
  181.85823100000002 128.0 0
  181.88414 164.0 0
  181.934265 164.0 0
  182.01237500000002 260.0 0
  182.061676 440.0 0
  182.066345 160.0 0
  182.072449 1920.0 1
  182.076523 888.0 1
  182.087234 68.0 0
  182.096863 232.0 0
  182.100647 176.0 0
  182.151123 96.0 0
  182.19236800000002 288.0 0
  182.286896 208.0 0
  182.324646 196.0 0
  182.380753 92.0 0
  182.409882 272.0 0
  182.530502 136.0 0
  182.58119200000002 192.0 0
  182.61592100000001 104.0 0
  182.63171400000002 152.0 0
  182.730423 144.0 0
  182.785919 116.0 0
  182.885712 156.0 0
  182.88931300000002 160.0 0
  182.93071 136.0 0
  182.961395 160.0 0
  183.045288 436.0 0
  183.06485 224.0 0
  183.068115 144.0 0
  183.069199 148.0 0
  183.070053 448.0 0
  183.074341 672.0 0
  183.080215 388.0 0
  183.11412 180.0 0
  183.227075 44.0 0
  183.234055 244.0 0
  183.308716 52.0 0
  183.349487 184.0 0
  183.458618 164.0 0
  183.49379000000002 212.0 0
  183.500763 52.0 0
  183.515839 184.0 0
  183.521667 148.0 0
  183.547653 180.0 0
  183.553696 140.0 0
  183.71507300000002 180.0 0
  183.78952 232.0 0
  183.841049 152.0 0
  183.96151700000001 3.148809 0
  183.961761 128.0 0
  183.99182100000002 100.0 0
  184.032578 176.973907 0
  184.058472 420.0 0
  184.075851 261.927612 0
  184.11467000000002 320.0 0
  184.14892600000002 144.0 0
  184.31246900000002 120.0 0
  184.49551400000001 120.0 0
  184.74078400000002 120.0 0
  184.81994600000002 108.0 0
  184.867523 132.0 0
  184.919769 31.5842 0
  184.929153 92.0 0
  184.998093 180.0 0
  185.02655000000001 116.0 0
  185.039261 172.0 0
  185.07212800000002 120.0 0
  185.076523 239.0 0
  185.09011800000002 176.0 0
  185.09848 64.0 0
  185.323318 32.0 0
  185.41066 140.0 0
  185.52835100000001 156.0 0
  185.549072 200.0 0
  185.579361 156.0 0
  185.591293 44.0 0
  185.666672 1.83E-4 0
  185.681686 108.0 0
  185.75058 120.0 0
  185.84011800000002 140.0 0
  185.846054 304.0 0
  185.889938 80.0 0
  185.89390600000002 136.0 0
  185.93666100000002 188.0 0
  185.96391300000002 56.0 0
  185.976913 816.0 0
  185.998184 128.0 0
  186.013611 164.0 0
  186.02963300000002 160.0 0
  186.065018 120.0 0
  186.08526600000002 176.0 0
  186.241165 212.0 0
  186.304993 52.0 0
  186.55555700000002 32.0 0
  186.56546 60.0 0
  186.641296 100.0 0
  186.641571 200.0 0
  186.84213300000002 212.0 0
  186.903885 180.0 0
  187.077911 544.0 0
  187.09754900000001 280.0 0
  187.13237 180.0 0
  187.158295 156.0 0
  187.20678700000002 120.0 0
  187.25618 48.0 0
  187.358734 132.0 0
  187.408463 40.0 0
  187.621902 204.0 0
  187.65934800000002 76.0 0
  187.69918800000002 56.0 0
  187.79002400000002 152.0 0
  187.843842 84.0 0
  187.87986800000002 196.0 0
  187.999557 140.0 0
  188.047501 124.0 0
  188.06152300000002 196.0 0
  188.06431600000002 188.0 0
  188.080353 88.0 0
  188.09371900000002 140.0 0
  188.101822 7900.0 5
  188.10574300000002 91.674156 0
  188.110748 528.0 0
  188.18605 52.0 0
  188.18704200000002 148.0 0
  188.291122 80.0 0
  188.402802 276.0 0
  188.50441 128.0 0
  188.527603 84.0 0
  188.575211 144.0 0
  188.587204 180.0 0
  188.622879 88.0 0
  188.663361 140.0 0
  188.800003 224.0 0
  188.811508 132.0 0
  188.926025 144.0 0
  189.01898200000002 296.0 0
  189.01907300000002 6.449275 0
  189.041962 68.0 0
  189.115158 144.0 0
  189.124146 196.0 0
  189.129059 128.0 0
  189.322784 80.0 0
  189.361984 84.0 0
  189.384567 40.0 0
  189.42948900000002 84.0 0
  189.497116 128.0 0
  189.51622 56.0 0
  189.55091900000002 220.0 0
  189.730515 216.0 0
  189.822067 52.0 0
  189.829224 244.0 0
  189.842926 48.0 0
  189.85041800000002 312.0 0
  189.910065 268.0 0
  189.956024 52.0 0
  190.02813700000002 144.0 0
  190.032455 364.0 0
  190.12622100000002 204.0 0
  190.133743 172.0 0
  190.146942 176.0 0
  190.161194 172.0 0
  190.382492 80.0 0
  190.60586500000002 216.0 0
  190.689224 68.0 0
  190.741913 96.0 0
  190.830048 240.0 0
  190.99826000000002 36.0 0
  191.06076000000002 2220.0 1
  191.07363900000001 1520.0 1
  191.12664800000002 56.0 0
  191.131592 112.0 0
  191.18837000000002 144.0 0
  191.19653300000002 10.46377 0
  191.26731900000001 96.0 0
  191.34732100000002 87.16066 0
  191.39566000000002 120.0 0
  191.478577 60.0 0
  191.502792 76.0 0
  191.598175 72.0 0
  191.62776200000002 160.0 0
  191.774033 7.022321 0
  191.834564 320.0 0
  191.844177 144.0 0
  191.89376800000002 96.0 0
  192.07254 4352.0 3
  192.080765 152.0 0
  192.08526600000002 164.0 0
  192.173035 124.0 0
  192.221664 84.0 0
  192.249664 168.0 0
  192.317459 124.0 0
  192.39447 128.0 0
  192.49232500000002 240.0 0
  192.500687 32.0 0
  192.53616300000002 48.0 0
  192.630966 124.0 0
  192.64415 104.0 0
  192.64857500000002 152.0 0
  192.759384 104.0 0
  192.78924600000002 64.0 0
  192.800781 220.0 0
  192.929092 256.0 0
  192.97035200000002 152.0 0
  193.000076 132.0 0
  193.004028 124.0 0
  193.06546 212.0 0
  193.073898 484.0 0
  193.080734 588.0 0
  193.120499 120.0 0
  193.12849400000002 208.0 0
  193.135803 204.0 0
  193.151215 120.0 0
  193.225479 360.0 0
  193.226852 68.0 0
  193.22932400000002 128.0 0
  193.29628 192.0 0
  193.34286500000002 8.933915 0
  193.403183 232.0 0
  193.419678 196.0 0
  193.490646 68.0 0
  193.620087 220.0 0
  193.73117100000002 48.0 0
  193.807312 152.0 0
  193.821823 44.0 0
  193.903748 104.0 0
  193.963562 160.0 0
  193.987335 120.0 0
  194.015137 308.0 0
  194.074295 3988.0 2
  194.076904 348.0 0
  194.077682 160.0 0
  194.10878 152.0 0
  194.116974 21636.0 13
  194.148743 60.0 0
  194.295151 44.0 0
  194.403183 60.0 0
  194.452911 112.0 0
  194.476822 236.0 0
  194.491364 152.0 0
  194.491852 180.0 0
  194.494873 140.0 0
  194.62158200000002 164.0 0
  194.63810700000002 84.0 0
  194.669846 112.0 0
  194.708069 148.0 0
  194.853607 148.0 0
  195.029602 152.0 0
  195.040558 328.0 0
  195.060913 400.0 0
  195.077271 1116.0 1
  195.088379 356.0 0
  195.20022600000001 156.0 0
  195.219818 180.0 0
  195.23074300000002 184.0 0
  195.26074200000002 52.0 0
  195.316971 200.0 0
  195.373093 112.0 0
  195.455536 184.0 0
  195.579483 160.0 0
  195.639679 136.0 0
  195.83230600000002 124.0 0
  195.849579 160.0 0
  195.93528700000002 84.0 0
  195.97430400000002 5.0 0
  196.03067900000002 60.0 0
  196.053986 208.0 0
  196.072021 184.0 0
  196.08775300000002 1856.0 1
  196.332321 152.0 0
  196.421066 188.0 0
  196.488495 140.0 0
  196.52487200000002 224.0 0
  196.612122 88.0 0
  196.65115400000002 104.0 0
  196.711929 204.0 0
  196.71760600000002 44.0 0
  196.725494 92.0 0
  196.797134 132.0 0
  196.81543000000002 100.0 0
  196.856674 132.0 0
  196.930679 284.0 0
  197.064438 176.0 0
  197.065659 1220.0 1
  197.12411500000002 116.0 0
  197.134781 156.0 0
  197.134805 180.0 0
  197.16438300000002 48.0 0
  197.22052000000002 136.0 0
  197.364868 32.0 0
  197.52207900000002 64.0 0
  197.53869600000002 76.0 0
  197.59857200000002 452.0 0
  197.60415600000002 144.0 0
  197.70678700000002 112.0 0
  197.75683600000002 108.0 0
  197.835373 148.0 0
  197.857864 80.0 0
  197.895981 112.0 0
  197.901733 108.0 0
  197.90957600000002 168.0 0
  197.95001200000002 184.0 0
  198.12780800000002 540.0 0
  198.143295 52.0 0
  198.187012 160.0 0
  198.24382 260.0 0
  198.30574000000001 112.0 0
  198.366409 108.0 0
  198.39505 156.0 0
  198.586975 172.0 0
  198.73841900000002 72.0 0
  198.80896 220.0 0
  198.888931 196.0 0
  198.97056600000002 180.0 0
  198.992859 148.0 0
  198.995285 76.0 0
  199.06897 64.0 0
  199.097443 116.0 0
  199.128082 164.0 0
  199.13497900000002 216.0 0
  199.150024 160.0 0
  199.172256 152.0 0
  199.17266800000002 152.0 0
  199.229263 1.002976 0
  199.53749100000002 136.0 0
  199.585754 244.0 0
  199.65309200000002 132.0 0
  199.717209 0.8375 0
  199.798721 108.0 0
  200.158737 128.0 0
  200.307907 156.0 0
  200.315674 132.0 0
  200.330536 144.0 0
  200.39021300000002 160.0 0
  200.404282 96.0 0
  200.45901500000002 6.0 0
  200.465302 92.0 0
  200.55302400000002 100.0 0
  200.58422900000002 312.0 0
  200.692001 132.0 0
  200.70678700000002 152.0 0
  200.734802 184.0 0
  200.77143900000002 48.0 0
  200.794281 84.0 0
  200.817566 64.0 0
  200.900833 180.0 0
  200.93512 224.0 0
  200.96408100000002 196.0 0
  201.053345 376.0 0
  201.099716 300.0 0
  201.166885 81.297287 0
  201.180954 200.0 0
  201.213989 176.0 0
  201.270432 76.0 0
  201.362534 108.0 0
  201.385635 188.0 0
  201.390961 60.0 0
  201.42067 136.0 0
  201.44897500000002 100.0 0
  201.473282 36.0 0
  201.653809 48.0 0
  201.752228 208.0 0
  201.761841 124.0 0
  202.02298000000002 332.0 0
  202.072876 160.0 0
  202.08187900000001 88.0 0
  202.083328 188.0 0
  202.11415100000002 69.602997 0
  202.129883 184.0 0
  202.13339200000001 188.0 0
  202.13540600000002 168.0 0
  202.19618200000002 44.0 0
  202.284592 136.0 0
  202.29248 120.0 0
  202.411652 176.0 0
  202.424057 168.0 0
  202.480972 132.0 0
  202.634094 144.0 0
  202.666809 160.0 0
  202.708313 328.0 0
  202.78916900000002 160.0 0
  202.842636 180.0 0
  202.852814 64.0 0
  202.901123 324.0 0
  203.037949 344.0 0
  203.054001 1686820.0 999
  203.057648 908.0 1
  203.0746 196.0 0
  203.090729 84.0 0
  203.118759 2280.0 1
  203.12265000000002 192.0 0
  203.167282 104.0 0
  203.31478900000002 140.0 0
  203.31900000000002 200.0 0
  203.48812900000001 52.0 0
  203.515152 160.0 0
  203.520798 152.0 0
  203.686386 136.0 0
  203.719482 168.0 0
  203.743729 140.0 0
  203.749527 52.0 0
  203.791626 172.0 0
  203.88028 92.0 0
  203.899261 124.0 0
  203.913452 16.690781 0
  204.081894 568.0 0
  204.10174600000002 3972.0 2
  204.337463 144.0 0
  204.448776 116.0 0
  204.528244 128.0 0
  204.662155 136.0 0
  204.72546400000002 136.0 0
  204.759308 212.0 0
  204.823441 164.0 0
  204.85701 192.0 0
  204.897736 32.0 0
  205.068893 184.0 0
  205.088364 192.0 0
  205.13578800000002 192.0 0
  205.208221 112.0 0
  205.215469 44.0 0
  205.36673000000002 164.0 0
  205.43301400000001 236.0 0
  205.439774 216.0 0
  205.46902500000002 200.0 0
  205.48860200000001 144.0 0
  205.508118 116.0 0
  205.581635 160.0 0
  205.627106 172.0 0
  205.644012 144.0 0
  205.713821 120.0 0
  205.80423000000002 156.0 0
  205.859421 188.0 0
  206.04672200000002 1000.0 1
  206.055145 304.0 0
  206.065247 204.0 0
  206.07045000000002 152.0 0
  206.394272 144.0 0
  206.447617 56.0 0
  206.524323 168.0 0
  206.60022 8.520767 0
  206.694718 44.0 0
  206.711395 168.0 0
  206.754059 172.0 0
  206.839523 28.0 0
  206.94506800000002 128.0 0
  207.033981 132.0 0
  207.05233800000002 140.0 0
  207.078888 888.0 1
  207.138 1368.0 1
  207.14390600000002 72.0 0
  207.183075 200.0 0
  207.20674100000002 96.0 0
  207.238663 88.0 0
  207.30316200000001 136.0 0
  207.39965800000002 160.0 0
  207.40448 48.0 0
  207.487595 84.0 0
  207.59227 60.0 0
  207.62394700000002 172.0 0
  207.878845 116.0 0
  207.88024900000002 140.0 0
  207.986862 176.0 0
  208.01649500000002 112.0 0
  208.072571 296.0 0
  208.073654 200.0 0
  208.07934600000002 112.0 0
  208.158173 80.0 0
  208.43652300000002 160.0 0
  208.57281500000002 148.0 0
  208.642044 176.0 0
  208.82342500000001 124.0 0
  208.993774 156.0 0
  208.99884 192.0 0
  209.05632 164.0 0
  209.11651600000002 808.0 0
  209.118188 188.0 0
  209.19253500000002 144.0 0
  209.472061 80.0 0
  209.499084 140.0 0
  209.51057400000002 116.0 0
  209.517899 220.0 0
  209.561111 152.0 0
  209.57788100000002 60.0 0
  209.61698900000002 100.0 0
  209.631592 172.0 0
  209.702469 116.0 0
  209.88815300000002 200.0 0
  209.996262 72.0 0
  210.105026 124.0 0
  210.125305 16.066669 0
  210.258972 160.0 0
  210.296783 160.0 0
  210.372803 124.0 0
  210.661469 192.0 0
  210.755402 244.0 0
  210.78074600000002 68.0 0
  210.9077 96.0 0
  210.931213 168.0 0
  210.969131 184.0 0
  210.97309900000002 184.0 0
  210.995758 88.0 0
  211.028549 3.174167 0
  211.05323800000002 56.0 0
  211.06163 556.0 0
  211.124771 200.0 0
  211.198654 104.0 0
  211.35813900000002 44.0 0
  211.381531 144.0 0
  211.473495 144.0 0
  211.509079 56.0 0
  211.570389 104.0 0
  211.577118 100.0 0
  211.595322 196.0 0
  211.650848 196.0 0
  211.84286500000002 224.0 0
  211.915009 136.0 0
  212.040253 7536.0 4
  212.08886700000002 184.0 0
  212.141129 132.0 0
  212.205215 208.0 0
  212.270859 156.0 0
  212.276062 64.0 0
  212.52229300000002 84.0 0
  212.54795800000002 216.0 0
  212.709091 88.0 0
  212.726898 236.0 0
  212.76753200000002 196.0 0
  212.780289 144.0 0
  212.838593 164.0 0
  212.866028 140.0 0
  212.96528600000002 152.0 0
  212.992706 188.0 0
  213.038147 128.0 0
  213.052567 232.0 0
  213.064133 800.0 0
  213.076843 248.0 0
  213.143188 148.0 0
  213.183487 196.0 0
  213.24025 800.0 0
  213.24118 168.0 0
  213.26812700000002 96.0 0
  213.353043 168.0 0
  213.37200900000002 144.0 0
  213.49336200000002 164.0 0
  213.615372 100.0 0
  213.761398 136.0 0
  213.916672 9.651633 0
  213.98490900000002 524.0 0
  214.00924700000002 96.0 0
  214.060104 376.0 0
  214.062592 2428.0 1
  214.074249 216.0 0
  214.109665 156.0 0
  214.11567000000002 652.0 0
  214.216034 144.0 0
  214.289703 176.0 0
  214.495712 172.0 0
  214.652176 172.0 0
  214.67854300000002 52.0 0
  214.738113 144.0 0
  214.785278 144.0 0
  214.90171800000002 124.0 0
  215.05659500000002 128.0 0
  215.08264200000002 128.0 0
  215.146851 16.33452 0
  215.18858300000002 232.0 0
  215.214188 132.0 0
  215.22499100000002 76.0 0
  215.24026500000002 128.0 0
  215.240793 76.0 0
  215.245834 14.91782 0
  215.314865 208.0 0
  215.39961200000002 184.0 0
  215.48129300000002 132.0 0
  215.61322 180.0 0
  215.786514 252.0 0
  215.916748 60.0 0
  215.944351 64.0 0
  216.022156 108.0 0
  216.065323 296.0 0
  216.088882 184.0 0
  216.161767 156.0 0
  216.18618800000002 164.0 0
  216.25207500000002 68.0 0
  216.41343700000002 10.67876 0
  216.511932 152.0 0
  216.518875 124.0 0
  216.53396600000002 136.0 0
  216.562119 128.0 0
  216.66047700000001 200.0 0
  216.790939 68.0 0
  216.970123 112.0 0
  217.017883 208.0 0
  217.02207900000002 52.0 0
  217.052032 260.0 0
  217.098495 106.7239 0
  217.10226400000002 1424.0 1
  217.429901 84.0 0
  217.476593 176.0 0
  217.583832 124.0 0
  217.63656600000002 136.0 0
  217.689804 224.0 0
  217.715088 352.0 0
  217.72915600000002 104.0 0
  217.81788600000002 180.0 0
  217.837479 152.0 0
  217.91940300000002 124.0 0
  217.970154 156.0 0
  218.08119200000002 196.0 0
  218.08931 144.0 0
  218.103821 452.0 0
  218.10986300000002 244.0 0
  218.113113 308.0 0
  218.127899 152.0 0
  218.14836100000002 40.0 0
  218.27117900000002 84.0 0
  218.47554 92.0 0
  218.493851 188.0 0
  218.557098 132.0 0
  218.705948 148.0 0
  218.71151700000001 40.0 0
  218.77397200000001 140.0 0
  218.796616 172.0 0
  219.059479 164.0 0
  219.10759000000002 184.0 0
  219.24108900000002 212.0 0
  219.368515 348.0 0
  219.423111 124.0 0
  219.463776 176.0 0
  219.64395100000002 6.860014 0
  219.806366 136.0 0
  219.831375 132.0 0
  219.911011 28.0 0
  219.969742 212.0 0
  220.01709 112.0 0
  220.02804600000002 168.0 0
  220.06869500000002 1380.0 1
  220.09478800000002 2128.0 1
  220.154541 40.0 0
  220.176971 52.0 0
  220.182861 148.0 0
  220.414536 228.0 0
  220.508118 56.0 0
  220.515198 180.0 0
  220.517883 80.0 0
  220.661087 108.0 0
  220.683212 224.0 0
  220.75744600000002 144.0 0
  220.75882000000001 60.0 0
  220.888382 116.0 0
  220.93742400000002 52.0 0
  220.975754 148.0 0
  221.029495 344.0 0
  221.048462 308.0 0
  221.10235600000001 164.0 0
  221.130173 144.0 0
  221.131851 1060.0 1
  221.296356 120.0 0
  221.320602 92.0 0
  221.35659800000002 5.041667 0
  221.411423 80.0 0
  221.418747 180.0 0
  221.441406 168.0 0
  221.542282 120.0 0
  221.60655200000002 144.0 0
  221.69433600000002 56.0 0
  221.721619 148.0 0
  221.771469 56.0 0
  221.854446 92.0 0
  221.858093 196.0 0
  222.09198 42852.0 25
  222.101028 948.0 1
  222.152893 120.0 0
  222.29611200000002 80.0 0
  222.30371100000002 164.0 0
  222.338333 76.0 0
  222.447525 52.0 0
  222.514191 48.0 0
  222.54892 168.0 0
  222.850601 240.0 0
  222.864426 116.0 0
  223.051117 152.0 0
  223.06749000000002 256.0 0
  223.112381 300.0 0
  223.116074 844.0 0
  223.16864 1052.0 1
  223.208237 108.0 0
  223.30406200000002 148.0 0
  223.41102600000002 156.0 0
  223.470795 84.0 0
  223.65007 68.0 0
  223.748703 188.0 0
  223.833328 144.0 0
  223.8759 128.0 0
  223.970062 128.0 0
  224.030029 128.0 0
  224.151642 372.0 0
  224.438431 96.0 0
  224.899673 156.0 0
  225.09277300000002 112.0 0
  225.16978500000002 152.0 0
  225.262833 56.0 0
  225.356934 48.0 0
  225.54869100000002 148.0 0
  225.661514 120.0 0
  225.729446 216.0 0
  225.975388 132.0 0
  226.02809100000002 140.0 0
  226.096054 136.0 0
  226.334717 40.0 0
  226.33548000000002 52.0 0
  226.50936900000002 168.0 0
  226.750763 160.0 0
  226.95198100000002 120.0 0
  226.967194 232.0 0
  227.017563 788.0 0
  227.057632 148.0 0
  227.061752 116.370796 0
  227.083298 4537.0 3
  227.085403 8628.0 5
  227.164948 192.0 0
  227.16914400000002 132.0 0
  227.211456 196.0 0
  227.228561 92.0 0
  227.237366 196.0 0
  227.62707500000002 152.0 0
  227.64917 156.0 0
  227.88922100000002 108.0 0
  228.035187 381.141632 0
  228.11247300000002 168.0 0
  228.149078 464.0 0
  228.250549 192.0 0
  228.29357900000002 56.0 0
  228.319153 52.0 0
  228.40330500000002 204.0 0
  228.529709 108.0 0
  228.687119 80.0 0
  228.785446 124.0 0
  228.873077 240.0 0
  228.913422 184.0 0
  229.03804 132.0 0
  229.074173 228.0 0
  229.084091 68.0 0
  229.269485 108.0 0
  229.27671800000002 196.0 0
  229.444717 172.0 0
  229.946381 140.0 0
  229.95193500000002 148.0 0
  230.004959 184.0 0
  230.077011 100.0 0
  230.09191900000002 148.0 0
  230.510941 144.0 0
  230.63273600000002 112.0 0
  230.650803 152.0 0
  230.69781500000002 156.0 0
  230.72705100000002 140.0 0
  230.73181200000002 168.0 0
  230.84639 144.0 0
  230.975128 164.0 0
  230.99490400000002 160.0 0
  231.056396 1168.775024 1
  231.06736800000002 148.0 0
  231.19189500000002 52.0 0
  231.205765 72.0 0
  231.21400500000001 176.0 0
  231.291763 184.0 0
  231.49743700000002 164.0 0
  231.50383000000002 120.0 0
  231.516556 180.0 0
  231.53486600000002 76.0 0
  231.595688 176.0 0
  231.624695 168.0 0
  231.717545 11.64063 0
  231.80242900000002 28.0 0
  231.905823 156.0 0
  231.933899 180.0 0
  231.997589 144.0 0
  232.044601 156.0 0
  232.070679 2825.384033 2
  232.107086 148.0 0
  232.11367800000002 644.0 0
  232.16301 136.0 0
  232.31279 124.0 0
  232.379532 140.0 0
  232.50633200000001 9.086225 0
  232.64518700000002 272.0 0
  232.74173000000002 80.0 0
  232.752197 112.0 0
  232.792999 4.805556 0
  232.836761 64.0 0
  233.205261 132.0 0
  233.27693200000002 124.0 0
  233.344955 172.0 0
  233.402466 48.0 0
  233.718307 124.0 0
  233.838928 212.0 0
  234.10965000000002 208.0 0
  234.166672 76.733093 0
  234.205063 244.0 0
  234.352341 104.0 0
  234.38414 128.0 0
  234.479355 116.0 0
  234.518021 76.0 0
  234.613235 148.0 0
  234.88600200000002 184.0 0
  234.92067 180.0 0
  235.049225 172.0 0
  235.054565 8163.0 5
  235.056839 156.0 0
  235.092361 1952.0 1
  235.14828500000002 164.0 0
  235.218536 212.0 0
  235.227844 116.0 0
  235.243683 100.0 0
  235.245544 100.0 0
  235.29452500000002 160.0 0
  235.452789 19.54426 0
  235.590393 68.0 0
  235.614609 184.0 0
  235.635468 148.0 0
  236.0 5.206234 0
  236.065414 160.0 0
  236.11642500000002 392.0 0
  236.12793000000002 340.0 0
  236.147186 168.0 0
  236.580338 56.0 0
  236.715103 140.0 0
  236.72035200000002 160.0 0
  236.77946500000002 120.0 0
  236.924774 196.0 0
  237.099808 13.54006 0
  237.102249 752.0 0
  237.163635 476.0 0
  237.289993 152.0 0
  237.332825 100.0 0
  237.38282800000002 104.0 0
  237.39291400000002 252.0 0
  237.56684900000002 60.0 0
  237.680542 96.0 0
  237.859497 3.25 0
  237.883835 136.0 0
  237.92511000000002 176.0 0
  238.079529 212.0 0
  238.098251 316.0 0
  238.205215 68.0 0
  238.222809 268.0 0
  238.2491 260.0 0
  238.272919 220.0 0
  238.29151900000002 200.0 0
  238.299011 44.0 0
  238.479034 124.0 0
  238.540085 172.0 0
  238.587296 148.0 0
  238.615692 104.0 0
  238.87381000000002 52.0 0
  238.92816200000001 348.0 0
  239.03469800000002 172.0 0
  239.085587 19007.0 11
  239.137665 412.0 0
  239.155441 180.0 0
  239.306168 120.0 0
  239.485519 176.0 0
  239.529694 92.0 0
  239.595749 112.0 0
  239.65742500000002 36.0 0
  239.956512 128.0 0
  240.302246 100.0 0
  240.770691 56.0 0
  240.84270600000002 92.0 0
  240.854767 352.0 0
  240.971191 160.0 0
  241.16836500000002 240.0 0
  241.211389 112.0 0
  241.490936 232.0 0
  241.523651 216.0 0
  241.64004500000001 208.0 0
  241.940414 104.0 0
  241.98735000000002 152.0 0
  242.0728 404.0 0
  242.083069 184.0 0
  242.104034 188.0 0
  242.11673000000002 2324.0 1
  242.396118 84.0 0
  242.723434 80.0 0
  243.02220200000002 204.0 0
  243.109329 200.0 0
  243.203674 140.0 0
  243.298813 120.0 0
  243.32785 168.0 0
  243.397614 164.0 0
  243.422592 156.0 0
  243.653671 40.0 0
  243.75401300000001 104.0 0
  243.758331 152.0 0
  243.832596 108.0 0
  243.833008 156.0 0
  244.279694 48.0 0
  244.291504 3.81 0
  244.318802 128.0 0
  244.583176 128.0 0
  244.67163100000002 88.0 0
  244.68043500000002 260.0 0
  244.70910600000002 56.0 0
  244.840912 80.0 0
  244.87767 148.0 0
  244.931686 184.0 0
  245.119202 340.0 0
  245.276474 204.0 0
  245.343094 136.0 0
  245.391464 96.0 0
  245.46142600000002 140.0 0
  245.464233 136.0 0
  245.536957 52.0 0
  245.792099 152.0 0
  245.854767 136.0 0
  246.035446 160.0 0
  246.132462 132.0 0
  246.206802 156.0 0
  246.31616200000002 4.540441 0
  246.34137 56.0 0
  246.566437 148.0 0
  246.613953 104.0 0
  246.871216 188.0 0
  246.97056600000002 76.0 0
  247.07955900000002 8468.0 5
  247.08874500000002 200.0 0
  247.234314 40.0 0
  247.388992 116.0 0
  247.490891 56.0 0
  247.69468700000002 132.0 0
  247.73318500000002 32.0 0
  247.84291100000002 172.0 0
  247.912308 100.0 0
  247.93507400000001 68.0 0
  248.02212500000002 196.0 0
  248.11007700000002 468.0 0
  248.135681 100.0 0
  248.201431 56.0 0
  248.29379300000002 168.0 0
  248.30882300000002 60.0 0
  248.385208 60.0 0
  248.76173400000002 88.0 0
  249.344589 6.144608 0
  249.493332 156.0 0
  249.54679900000002 8.45 0
  249.58342000000002 56.0 0
  249.68434100000002 132.0 0
  249.82887300000002 240.0 0
  249.919891 124.0 0
  250.103149 8252.0 5
  250.62326000000002 112.0 0
  250.658478 136.0 0
  250.765823 132.0 0
  251.026093 148.0 0
  251.04251100000002 164.0 0
  251.068802 116.0 0
  251.09350600000002 260.0 0
  251.117859 152.0 0
  251.13171400000002 188.0 0
  251.143616 336.0 0
  251.41798400000002 40.0 0
  251.567337 120.0 0
  251.656616 48.0 0
  251.722427 128.0 0
  251.82496600000002 32.87793 0
  252.052353 172.0 0
  252.084869 132.0 0
  252.29229700000002 60.0 0
  252.385223 148.0 0
  252.48564100000002 84.0 0
  252.50293000000002 88.0 0
  252.530502 84.427063 0
  252.575211 136.0 0
  252.580353 29.524799 0
  252.593628 96.0 0
  252.681152 88.0 0
  252.692688 260.0 0
  252.756531 32.0 0
  253.147064 236.0 0
  253.180252 88.0 0
  253.22077900000002 196.0 0
  253.468903 160.0 0
  253.732422 60.0 0
  253.86499 11.162 0
  253.948441 164.0 0
  254.059967 60.0 0
  254.072372 56.0 0
  254.093613 308.0 0
  254.25238000000002 60.0 0
  254.728073 156.0 0
  254.797501 120.0 0
  254.82754500000001 40.0 0
  254.853836 108.0 0
  255.18562300000002 196.0 0
  255.31749000000002 48.0 0
  255.570648 160.0 0
  256.045074 320.0 0
  256.081757 208.0 0
  256.11148099999997 944.0 1
  256.145599 140.0 0
  256.601044 236.0 0
  256.787872 84.0 0
  256.852478 84.0 0
  257.103363 148.0 0
  257.11010699999997 136.0 0
  257.117706 68.0 0
  257.12884499999996 396.0 0
  257.34210199999995 48.0 0
  257.45507799999996 108.0 0
  257.517907 100.0 0
  257.744324 144.0 0
  257.85333299999996 164.0 0
  258.04803499999997 666.0 0
  258.058838 564.0 0
  258.071625 104.0 0
  258.087006 168.0 0
  258.148285 160.0 0
  258.23339799999997 9.252518 0
  258.283234 236.0 0
  258.426849 108.0 0
  258.53884899999997 168.0 0
  258.764618 119.034698 0
  258.893982 192.0 0
  258.910156 80.0 0
  258.923279 180.0 0
  259.045074 260.0 0
  259.09655799999996 2780.0 2
  259.105865 167.121002 0
  259.256042 1712.334473 1
  259.28652999999997 104.0 0
  259.49575799999997 84.0 0
  259.538208 184.0 0
  259.64797999999996 22.64901 0
  259.769226 256.0 0
  259.865082 15.60265 0
  259.88916 44.0 0
  259.929779 120.0 0
  260.023346 144.0 0
  260.036316 200.0 0
  260.164093 148.0 0
  260.17459099999996 324.0 0
  260.201019 112.0 0
  260.26800499999996 92.0 0
  260.284607 248.0 0
  260.506012 40.0 0
  260.551178 72.0 0
  260.981384 176.0 0
  260.987061 200.0 0
  261.090057 268.0 0
  261.261078 12.68643 0
  261.54083299999996 56.0 0
  261.570221 164.0 0
  261.778595 188.0 0
  261.866241 120.0 0
  262.01559399999996 148.0 0
  262.07104499999997 164.0 0
  262.096863 948.0 1
  262.09844999999996 372.0 0
  262.33666999999997 108.0 0
  262.54632599999997 112.0 0
  262.637451 17.910259 0
  262.879333 116.0 0
  263.04220599999996 56.0 0
  263.103363 932.0 1
  263.118652 4140.0 2
  263.265808 152.0 0
  263.283844 104.0 0
  263.37951699999996 120.0 0
  263.80432099999996 100.0 0
  263.92211899999995 180.0 0
  263.98040799999995 32.0 0
  264.074524 140.0 0
  264.09671 148.0 0
  264.147156 2112.0 1
  264.23635199999995 160.0 0
  264.32800299999997 152.0 0
  264.425781 44.0 0
  264.536346 164.0 0
  264.800934 84.0 0
  264.927979 124.0 0
  264.940674 188.0 0
  265.20437599999997 44.0 0
  265.22216799999995 244.0 0
  265.249847 108.0 0
  265.615204 404.0 0
  265.79940799999997 72.0 0
  265.83392299999997 72.0 0
  265.84844999999996 124.0 0
  265.850952 136.0 0
  265.96417199999996 52.0 0
  266.182373 52.0 0
  266.201019 136.0 0
  266.269928 148.0 0
  266.33187899999996 132.0 0
  266.49130199999996 30.77717 0
  266.53234899999995 76.010033 0
  266.535889 8.172349 0
  266.66970799999996 100.0 0
  266.82586699999996 332.0 0
  267.03244 124.0 0
  267.060181 584.0 0
  267.102783 78892.0 47
  267.13665799999995 3748.0 2
  267.151093 144.0 0
  267.198822 44.0 0
  267.266602 188.0 0
  267.715851 140.0 0
  267.94097899999997 11.00309 0
  267.98367299999995 188.0 0
  268.066986 1251764.0 741
  268.106232 1440.417969 1
  268.391083 156.0 0
  268.773438 152.0 0
  269.00262499999997 148.0 0
  269.01629599999995 68.0 0
  269.03765899999996 120.0 0
  269.143219 108.0 0
  269.143311 196.0 0
  269.27297999999996 100.0 0
  269.486267 44.0 0
  269.61630199999996 36.0 0
  269.633881 132.0 0
  269.648193 180.0 0
  269.672668 116.0 0
  269.681091 164.0 0
  269.691315 188.0 0
  269.849518 260.0 0
  269.920776 172.0 0
  269.96563699999996 76.0 0
  270.15579199999996 172.0 0
  270.18859899999995 152.0 0
  270.334778 248.0 0
  270.364685 224.0 0
  270.45181299999996 168.0 0
  271.010132 140.0 0
  271.07946799999996 196.0 0
  271.08230599999996 172.0 0
  271.08883699999996 944.0 1
  271.160461 236.0 0
  271.26928699999996 112.0 0
  271.269592 104.0 0
  271.532745 116.0 0
  271.83883699999996 72.0 0
  271.871429 148.0 0
  272.06823699999995 1880.0 1
  272.083893 328.0 0
  272.201172 40.0 0
  272.55816699999997 68.0 0
  272.59277299999997 216.0 0
  272.61199999999997 176.0 0
  272.71283 228.0 0
  272.91558799999996 48.0 0
  273.08230599999996 896.0 1
  273.105713 116.0 0
  273.36337299999997 68.0 0
  273.565582 144.0 0
  273.787018 104.0 0
  274.022064 52.0 0
  274.139069 212.0 0
  274.187103 168.0 0
  274.245636 28.0 0
  274.422638 188.0 0
  274.457153 320.0 0
  274.596405 108.0 0
  274.680206 100.0 0
  274.974945 136.0 0
  275.042603 172.0 0
  275.26059 132.0 0
  275.263733 56.0 0
  275.30853299999995 28.0 0
  275.975555 60.0 0
  276.030518 1456.0 1
  276.03637699999996 1702.543335 1
  276.118591 176.0 0
  276.160919 88.0 0
  276.433838 164.0 0
  276.60711699999996 136.0 0
  276.64135699999997 52.0 0
  276.815582 188.0 0
  276.81719999999996 280.0 0
  276.87918099999996 136.0 0
  277.41848799999997 8.682971 0
  277.857391 132.0 0
  277.935394 184.0 0
  277.96014399999996 104.0 0
  278.12927199999996 668.0 0
  278.297241 224.0 0
  278.89590499999997 152.0 0
  278.998749 52.0 0
  279.13446 230.372299 0
  279.16449 152.0 0
  279.22601299999997 45.86121 0
  279.33462499999996 80.0 0
  279.34054599999996 104.0 0
  279.58551 72.0 0
  279.903015 148.0 0
  280.049744 136.0 0
  280.085449 124.0 0
  280.118378 120.0 0
  280.13433799999996 52.0 0
  280.344971 140.0 0
  280.442566 80.0 0
  280.50946 140.0 0
  280.545532 88.0 0
  280.840698 356.0 0
  280.95748899999995 184.0 0
  281.024475 288.0 0
  281.06485 340.0 0
  281.236176 112.0 0
  281.242706 136.0 0
  281.459381 96.0 0
  281.46875 104.0 0
  281.476837 144.0 0
  281.672241 120.0 0
  281.84355999999997 32.0 0
  281.954926 180.0 0
  282.053864 112.0 0
  282.146454 1368.0 1
  282.187531 72.0 0
  282.21408099999996 108.0 0
  282.40261799999996 180.0 0
  282.467499 112.0 0
  282.526642 80.0 0
  282.589905 124.0 0
  282.630676 160.0 0
  283.09750399999996 147924.0 88
//
