ACCESSION: CCMSLIB00000085554
RECORD_TITLE: decoy
DATE: 2015.11.20
AUTHORS: Administrator
LICENSE: CC BY-SA
CH$NAME: decoy
CH$COMPOUND_CLASS: Natural Product
CH$FORMULA: C17H25NO3
CH$EXACT_MASS: 291.18344365999997
CH$SMILES: N/A
CH$IUPAC: decoy
CH$LINK: N/A
AC$INSTRUMENT: decoy
AC$INSTRUMENT_TYPE: decoy
AC$MASS_SPECTROMETRY: MS_TYPE MS2
AC$MASS_SPECTROMETRY: ION_MODE POSITIVE
AC$MASS_SPECTROMETRY: COLLISION_ENERGY 10 V
MS$FOCUSED_ION: PRECURSOR_M/Z 292
MS$FOCUSED_ION: PRECURSOR_TYPE [M+H]+
PK$NUM_PEAK: 2083
PK$PEAK: m/z int. rel.int.
  44.956142 180.0 2
  45.182697000000005 168.0 2
  45.29855 196.0 3
  45.445972000000005 184.0 2
  45.457047 348.0 5
  45.461464 160.0 2
  45.494499000000005 68.0 1
  45.502842 156.0 2
  45.505852000000004 188.0 3
  45.583996 144.0 2
  45.592106 188.0 3
  45.629215 140.0 2
  45.648270000000004 180.0 2
  45.700455 192.0 3
  45.901726000000004 168.0 2
  45.958591 172.0 2
  46.122807 116.0 2
  46.175407 184.0 2
  46.186775000000004 160.0 2
  46.190598 148.0 2
  46.400276 172.0 2
  46.416283 168.0 2
  46.485504 188.0 3
  46.491917 188.0 3
  46.499073 240.0 3
  46.505081000000004 216.0 3
  46.85664 156.0 2
  46.969971 264.0 4
  47.176464 44.0 1
  47.325176 184.0 2
  47.352959 184.0 2
  47.401882 100.0 1
  47.666809 248.0 3
  47.857548 180.0 2
  47.863499000000004 144.0 2
  47.916363000000004 152.0 2
  48.09306 132.0 2
  48.289356000000005 148.0 2
  48.366077000000004 180.0 2
  48.777882 108.0 1
  48.787506 148.0 2
  49.06588 244.0 3
  49.182289000000004 284.0 4
  49.584839 156.0 2
  49.688839 176.0 2
  49.724079 184.0 2
  50.042137000000004 148.0 2
  50.22065 204.0 3
  50.295029 184.0 2
  50.445713000000005 144.0 2
  50.576466 196.0 3
  50.591496 136.0 2
  50.612267 180.0 2
  50.629189000000004 124.0 2
  50.641979 160.0 2
  50.71542 176.0 2
  50.980186 120.0 2
  51.292725000000004 248.0 3
  51.418488 120.0 2
  51.59071 104.0 1
  51.642574 116.0 2
  51.659618 140.0 2
  51.687061 196.0 3
  51.854996 164.0 2
  51.940125 132.0 2
  52.061424 184.0 2
  52.074955 172.0 2
  52.221932 88.0 1
  52.538124 148.0 2
  52.655708000000004 152.0 2
  52.713047 232.0 3
  52.750877 164.0 2
  52.894527000000004 156.0 2
  53.162407 172.0 2
  53.252502 36.0 0
  53.271858 176.0 2
  53.295074 60.0 1
  53.417583 116.0 2
  53.565914 108.0 1
  53.623692 172.0 2
  53.835384000000005 144.0 2
  54.029526000000004 184.0 2
  54.069813 104.0 1
  54.206379 196.0 3
  54.253708 172.0 2
  54.365005000000004 248.0 3
  54.410599000000005 180.0 2
  54.523552 136.0 2
  54.783897 76.0 1
  54.852364 156.0 2
  55.076126 156.0 2
  55.165066 148.0 2
  55.286377 224.0 3
  55.491119000000005 160.0 2
  55.535385 96.0 1
  55.678101 184.0 2
  55.846146000000005 196.0 3
  55.887283000000004 196.0 3
  55.985565 196.0 3
  56.064861 168.0 2
  56.067745 184.0 2
  56.07766 136.0 2
  56.108784 204.0 3
  56.457203 56.0 1
  56.541451 168.0 2
  56.597874000000004 172.0 2
  56.691536 180.0 2
  56.732605 136.0 2
  56.87104 96.0 1
  56.971085 244.0 3
  57.50724 88.0 1
  57.71484 140.0 2
  57.727646 220.0 3
  57.732594 76.0 1
  57.968391000000004 156.0 2
  57.991463 140.0 2
  58.112782 124.0 2
  58.240807000000004 152.0 2
  58.24477 128.0 2
  58.35511 116.0 2
  58.375862000000005 72.0 1
  58.540264 332.0 4
  58.578484 48.0 1
  58.602165 264.0 4
  58.617226 140.0 2
  58.73362 144.0 2
  58.86018 92.0 1
  59.026733 176.0 2
  59.359058000000005 176.0 2
  59.4067 232.0 3
  59.429508 408.0 6
  59.469467 132.0 2
  59.762699000000005 132.0 2
  59.794765 220.0 3
  59.803375 136.0 2
  59.833233 136.0 2
  59.905750000000005 144.0 2
  60.036407000000004 176.0 2
  60.068401 116.0 2
  60.216 68.0 1
  60.246742000000005 148.0 2
  60.276356 144.0 2
  60.349758 140.0 2
  60.702618 168.0 2
  60.850677000000005 192.0 3
  60.993179000000005 172.0 2
  61.210583 168.0 2
  61.232258 124.0 2
  61.324421 288.0 4
  61.395618 192.0 3
  61.651024 188.0 3
  61.694782000000004 176.0 2
  61.866341 180.0 2
  62.092068000000005 196.0 3
  62.177273 168.0 2
  62.493801000000005 116.0 2
  62.507828 256.0 3
  63.23275 180.0 2
  63.329803 140.0 2
  63.382187 200.0 3
  63.426258000000004 156.0 2
  63.460503 104.0 1
  63.496689 224.0 3
  63.893269000000004 100.0 1
  63.990799 188.0 3
  64.225723 172.0 2
  64.302444 172.0 2
  64.411469 176.0 2
  64.649124 128.0 2
  64.681648 128.0 2
  64.773628 168.0 2
  64.871689 368.0 5
  65.461472 152.0 2
  65.50237999999999 344.0 5
  65.67087599999999 136.0 2
  65.762817 236.0 3
  66.02037 288.0 4
  66.116188 136.0 2
  66.29272499999999 228.0 3
  66.34829699999999 144.0 2
  66.61031299999999 296.0 4
  67.16770199999999 184.0 2
  67.174797 296.0 4
  67.195267 92.0 1
  67.496811 136.0 2
  67.74928999999999 248.0 3
  68.147713 356.0 5
  68.309761 148.0 2
  68.345428 140.0 2
  68.664665 116.0 2
  68.66558099999999 180.0 2
  68.669579 100.0 1
  68.67906199999999 164.0 2
  68.778229 204.0 3
  68.854698 68.0 1
  68.88176 40.0 1
  68.93770599999999 128.0 2
  69.027756 128.0 2
  69.048576 300.0 4
  69.62795999999999 160.0 2
  69.711517 64.0 1
  69.71928399999999 40.0 1
  69.82659899999999 212.0 3
  69.939453 152.0 2
  69.94697599999999 136.0 2
  70.01683799999999 168.0 2
  70.029823 184.0 2
  70.03244799999999 84.0 1
  70.11645499999999 160.0 2
  70.860603 144.0 2
  70.980019 172.0 2
  70.99295 204.0 3
  71.14671299999999 272.0 4
  71.468651 120.0 2
  71.57597399999999 220.0 3
  71.689484 168.0 2
  71.765198 176.0 2
  72.056046 36.0 0
  72.19917299999999 136.0 2
  72.617798 124.0 2
  72.63578 148.0 2
  72.99033399999999 172.0 2
  73.09294899999999 192.0 3
  73.119232 192.0 3
  73.132217 136.0 2
  73.274574 376.0 5
  73.375214 92.0 1
  73.547264 224.0 3
  73.58855399999999 136.0 2
  73.796562 312.0 4
  73.92068499999999 172.0 2
  74.104401 156.0 2
  74.640152 52.0 1
  74.69062799999999 96.0 1
  74.70550499999999 164.0 2
  75.162804 204.0 3
  75.18899499999999 208.0 3
  75.351624 156.0 2
  75.538147 40.0 1
  75.61263299999999 228.0 3
  75.612808 144.0 2
  75.69223799999999 128.0 2
  75.75123599999999 84.0 1
  75.820526 56.0 1
  76.47341899999999 164.0 2
  76.625732 124.0 2
  76.68369299999999 144.0 2
  76.723434 180.0 2
  76.729858 176.0 2
  76.81225599999999 64.0 1
  76.893272 104.0 1
  77.100792 164.0 2
  77.23101799999999 196.0 3
  77.426041 252.0 3
  77.461113 204.0 3
  77.740944 64.0 1
  77.755692 132.0 2
  77.82543899999999 112.0 2
  77.92180599999999 148.0 2
  77.99114999999999 112.0 2
  78.045166 28.0 0
  78.797676 160.0 2
  78.84284199999999 176.0 2
  79.14005999999999 152.0 2
  79.560081 152.0 2
  79.656624 252.0 3
  79.957077 148.0 2
  80.088928 248.0 3
  80.18244899999999 152.0 2
  80.24956499999999 136.0 2
  80.263435 192.0 3
  80.278954 176.0 2
  80.447609 140.0 2
  80.579117 204.0 3
  80.59013399999999 148.0 2
  80.758247 168.0 2
  80.85987899999999 144.0 2
  80.923203 88.0 1
  81.149918 176.0 2
  81.171371 208.0 3
  81.30240599999999 44.0 1
  81.401894 392.0 5
  81.489449 168.0 2
  81.54937 164.0 2
  81.58492299999999 128.0 2
  81.58878299999999 148.0 2
  81.646233 180.0 2
  81.817955 88.0 1
  81.98039999999999 156.0 2
  81.98447399999999 216.0 3
  82.11870599999999 36.0 0
  82.14749099999999 184.0 2
  82.19891399999999 96.0 1
  82.329803 232.0 3
  82.331001 196.0 3
  82.386406 132.0 2
  82.547646 144.0 2
  82.82987999999999 100.0 1
  82.861977 228.0 3
  82.88151599999999 148.0 2
  83.086365 180.0 2
  83.171898 144.0 2
  83.48111 276.0 4
  83.62998999999999 148.0 2
  83.700172 124.0 2
  83.83899699999999 80.0 1
  83.84944899999999 152.0 2
  83.855988 212.0 3
  84.06502499999999 348.0 5
  84.259193 116.0 2
  84.37319199999999 172.0 2
  84.47023 144.0 2
  84.685936 160.0 2
  84.860901 116.0 2
  84.908501 184.0 2
  85.073616 164.0 2
  85.0783 176.0 2
  85.29006199999999 184.0 2
  85.44768499999999 72.0 1
  85.56560499999999 108.0 1
  85.692482 48.0 1
  85.821541 152.0 2
  86.006577 136.0 2
  86.04466199999999 152.0 2
  86.28075399999999 180.0 2
  86.30899799999999 384.0 5
  86.37438999999999 144.0 2
  86.71160099999999 152.0 2
  86.713692 164.0 2
  86.77799999999999 124.0 2
  86.830513 180.0 2
  86.89426399999999 96.0 1
  86.99385799999999 184.0 2
  87.044159 148.0 2
  87.111099 192.0 3
  87.131073 160.0 2
  87.579422 196.0 3
  87.778404 208.0 3
  88.01735699999999 156.0 2
  88.078339 212.0 3
  88.31032599999999 140.0 2
  88.557617 116.0 2
  88.650337 180.0 2
  88.82991799999999 88.0 1
  88.87187999999999 156.0 2
  88.877533 148.0 2
  89.035561 160.0 2
  89.20086699999999 172.0 2
  89.338203 260.0 4
  89.459198 128.0 2
  89.659523 192.0 3
  89.82811 136.0 2
  89.85102099999999 144.0 2
  90.02513099999999 132.0 2
  90.035248 132.0 2
  90.12055199999999 180.0 2
  90.257324 160.0 2
  90.259529 192.0 3
  90.278534 140.0 2
  90.294449 152.0 2
  90.616547 172.0 2
  90.634987 184.0 2
  90.711075 72.0 1
  90.715813 120.0 2
  90.880516 240.0 3
  90.896439 144.0 2
  91.05388599999999 220.0 3
  91.20801499999999 368.0 5
  91.22771499999999 124.0 2
  91.279793 204.0 3
  91.87147499999999 136.0 2
  91.998077 252.0 3
  92.171318 148.0 2
  92.35228 124.0 2
  92.503098 168.0 2
  92.645004 144.0 2
  92.820236 148.0 2
  93.03131099999999 140.0 2
  93.053871 148.0 2
  93.475494 136.0 2
  93.609718 236.0 3
  93.65457199999999 84.0 1
  93.83648699999999 144.0 2
  93.93515 80.0 1
  94.404343 184.0 2
  94.44344299999999 176.0 2
  94.538979 128.0 2
  94.623466 252.0 3
  94.755714 200.0 3
  94.944183 200.0 3
  94.964272 44.0 1
  94.96476 152.0 2
  94.984505 116.0 2
  95.107796 120.0 2
  95.118332 148.0 2
  95.22029099999999 260.0 4
  95.35922199999999 180.0 2
  95.533913 216.0 3
  95.80805199999999 132.0 2
  95.84429899999999 152.0 2
  95.927551 176.0 2
  96.03868899999999 192.0 3
  96.560081 132.0 2
  96.644661 180.0 2
  96.65334299999999 248.0 3
  96.687523 260.0 4
  96.899414 60.0 1
  96.956924 212.0 3
  97.03613999999999 160.0 2
  97.03846 392.0 5
  97.137276 100.0 1
  97.21301299999999 208.0 3
  97.32743099999999 52.0 1
  97.349937 292.0 4
  97.489227 184.0 2
  97.582329 164.0 2
  97.632492 148.0 2
  97.656151 204.0 3
  97.689301 128.0 2
  97.717102 176.0 2
  97.852188 240.0 3
  97.962021 60.0 1
  97.993652 168.0 2
  98.10041799999999 136.0 2
  98.11646999999999 108.0 1
  98.143288 60.0 1
  98.17770399999999 68.0 1
  98.276291 96.0 1
  98.277397 156.0 2
  98.315147 120.0 2
  98.36971299999999 124.0 2
  98.436111 64.0 1
  98.532257 152.0 2
  98.53875 296.0 4
  98.655968 116.0 2
  98.71530899999999 196.0 3
  98.82011399999999 220.0 3
  99.012604 196.0 3
  99.10278299999999 212.0 3
  99.127213 80.0 1
  99.181145 188.0 3
  99.26799 200.0 3
  99.272301 244.0 3
  99.304131 132.0 2
  99.48252099999999 180.0 2
  99.516815 176.0 2
  99.58359499999999 96.0 1
  99.71954299999999 60.0 1
  99.72466299999999 180.0 2
  99.87957 204.0 3
  99.933174 152.0 2
  99.962914 168.0 2
  99.98604599999999 184.0 2
  100.07450899999999 152.0 2
  100.279793 88.0 1
  100.31139399999999 152.0 2
  100.683281 92.0 1
  101.019714 168.0 2
  101.07741499999999 204.0 3
  101.146034 132.0 2
  101.179535 164.0 2
  101.25484499999999 96.0 1
  101.43034399999999 164.0 2
  101.513077 160.0 2
  101.563133 192.0 3
  101.581009 260.0 4
  101.83022299999999 196.0 3
  101.86245 164.0 2
  101.88197299999999 108.0 1
  101.95062999999999 108.0 1
  101.987343 120.0 2
  102.027397 76.0 1
  102.046577 356.0 5
  102.046791 172.0 2
  102.06715399999999 44.0 1
  102.131874 128.0 2
  102.239639 120.0 2
  102.321365 100.0 1
  102.341507 140.0 2
  102.36984299999999 160.0 2
  102.37956199999999 48.0 1
  102.453453 64.0 1
  102.48314699999999 140.0 2
  102.543205 136.0 2
  102.66161299999999 156.0 2
  102.744171 144.0 2
  102.744644 116.0 2
  102.85574299999999 172.0 2
  103.05421399999999 2784.0 38
  103.096886 192.0 3
  103.38995399999999 112.0 2
  103.509689 64.0 1
  103.55921199999999 136.0 2
  103.665146 52.0 1
  103.843758 64.0 1
  103.96675099999999 204.0 3
  104.22672299999999 92.0 1
  104.27239999999999 248.0 3
  104.47799699999999 316.0 4
  104.573792 140.0 2
  104.704163 148.0 2
  104.77829 180.0 2
  104.8106 152.0 2
  104.88855 160.0 2
  104.92322499999999 140.0 2
  104.96942899999999 64.0 1
  104.982643 176.0 2
  104.99825999999999 188.0 3
  105.032478 1616.0 22
  105.037064 220.0 3
  105.043892 136.0 2
  105.059303 476.0 6
  105.06851999999999 128.0 2
  105.109299 68.0 1
  105.118248 156.0 2
  105.21642299999999 160.0 2
  105.217163 120.0 2
  105.225105 220.0 3
  105.23936499999999 64.0 1
  105.283508 48.0 1
  105.321625 192.0 3
  105.350746 36.0 0
  105.385193 148.0 2
  105.540787 60.0 1
  105.608734 168.0 2
  105.648834 152.0 2
  105.71553 184.0 2
  105.798096 164.0 2
  105.822807 200.0 3
  105.83097799999999 116.0 2
  106.01442 168.0 2
  106.076241 176.0 2
  106.079437 232.0 3
  106.13404799999999 128.0 2
  106.25347099999999 172.0 2
  106.414131 148.0 2
  106.466827 196.0 3
  106.57624799999999 72.0 1
  106.663834 140.0 2
  106.954681 60.0 1
  106.992508 240.0 3
  107.008911 132.0 2
  107.083778 500.0 7
  107.175438 176.0 2
  107.195595 204.0 3
  107.294586 92.0 1
  107.32247199999999 40.0 1
  107.394211 152.0 2
  107.417419 220.0 3
  107.455872 136.0 2
  107.625664 212.0 3
  107.726585 188.0 3
  108.024864 220.0 3
  108.044792 164.0 2
  108.12162 184.0 2
  108.20683299999999 136.0 2
  108.441818 15.68542 0
  108.49465199999999 148.0 2
  108.501938 148.0 2
  108.504196 196.0 3
  108.51851699999999 52.0 1
  108.569237 41.52203 1
  108.68338 72.0 1
  108.737465 164.0 2
  108.741852 240.0 3
  108.94603 200.0 3
  108.947205 164.0 2
  109.05287899999999 184.0 2
  109.063103 180.0 2
  109.146362 184.0 2
  109.200554 124.0 2
  109.230858 256.0 3
  109.30377999999999 208.0 3
  109.445847 180.0 2
  109.503311 180.0 2
  109.57133499999999 132.0 2
  109.664536 112.0 2
  109.688446 68.0 1
  109.888657 92.0 1
  109.929588 144.0 2
  109.97258 156.0 2
  109.986649 116.0 2
  110.05908199999999 420.0 6
  110.185493 56.0 1
  110.33990499999999 280.0 4
  110.434418 112.0 2
  110.43697399999999 196.0 3
  110.84017899999999 84.0 1
  110.890457 184.0 2
  111.08511399999999 360.0 5
  111.09867899999999 332.0 4
  111.24486499999999 8.867857 0
  111.407051 116.0 2
  111.44543499999999 196.0 3
  111.614235 92.0 1
  111.70857199999999 232.0 3
  111.897026 160.0 2
  111.93701899999999 160.0 2
  112.04058099999999 496.0 7
  112.06521599999999 168.0 2
  112.147865 144.0 2
  112.23119399999999 104.0 1
  112.24836699999999 48.0 1
  112.353882 184.0 2
  112.424049 148.0 2
  112.475433 132.0 2
  112.665199 112.0 2
  112.690086 124.0 2
  112.908356 224.0 3
  112.926598 200.0 3
  113.01793699999999 200.0 3
  113.059044 83.901031 1
  113.059776 2812.0 38
  113.13539999999999 188.0 3
  113.29399099999999 64.0 1
  113.35971099999999 184.0 2
  113.40802 168.0 2
  113.496628 92.0 1
  113.547073 280.0 4
  113.586472 56.0 1
  113.81687199999999 72.0 1
  113.919411 200.0 3
  113.956863 160.0 2
  113.96972699999999 200.0 3
  114.171814 224.0 3
  114.31704699999999 124.0 2
  114.382881 156.0 2
  114.42418699999999 128.0 2
  114.4645 9.600714 0
  114.58060499999999 164.0 2
  114.582268 408.0 6
  114.62226899999999 168.0 2
  114.668076 200.0 3
  114.838112 432.0 6
  115.17098999999999 116.0 2
  115.224854 160.0 2
  115.40712699999999 128.0 2
  115.408768 108.0 1
  115.42330899999999 52.0 1
  115.53849 228.0 3
  115.578026 232.0 3
  115.69904299999999 76.0 1
  115.71322599999999 168.0 2
  115.75457 148.0 2
  115.78473699999999 132.0 2
  115.79583699999999 108.0 1
  115.94893599999999 84.0 1
  116.05863199999999 328.0 4
  116.06317899999999 196.0 3
  116.18821 148.0 2
  116.263138 164.0 2
  116.285004 184.0 2
  116.28653 132.0 2
  116.335732 216.0 3
  116.373154 220.0 3
  116.375092 252.0 3
  116.405762 45.644211 1
  116.47778299999999 100.0 1
  116.509407 168.0 2
  116.54161099999999 244.0 3
  116.60035699999999 36.0 0
  116.729942 216.0 3
  116.7687 224.0 3
  116.881447 7.381548 0
  116.98018599999999 144.0 2
  117.070084 3616.0 49
  117.117859 23.101549 0
  117.14617899999999 104.0 1
  117.19419099999999 180.0 2
  117.264275 152.0 2
  117.3274 264.0 4
  117.349632 144.0 2
  117.358452 216.0 3
  117.45288099999999 136.0 2
  117.520134 188.0 3
  117.53802499999999 180.0 2
  117.60833699999999 348.0 5
  117.62084999999999 184.0 2
  117.688705 112.0 2
  117.707321 60.0 1
  117.74481999999999 140.0 2
  117.923058 144.0 2
  117.94444999999999 196.0 3
  117.96560699999999 188.0 3
  118.03035 180.0 2
  118.462341 140.0 2
  118.466133 128.0 2
  118.511551 132.0 2
  118.552315 116.0 2
  118.76108599999999 132.0 2
  118.80392499999999 364.0 5
  118.821686 200.0 3
  118.92661299999999 344.0 5
  119.05032299999999 924.0 12
  119.33863099999999 2.720238 0
  119.49533799999999 128.0 2
  119.594353 144.0 2
  119.622643 40.0 1
  119.68791999999999 152.0 2
  119.703239 132.0 2
  119.716591 144.0 2
  119.789757 152.0 2
  119.81017299999999 92.0 1
  119.880646 100.0 1
  119.921959 180.0 2
  119.947525 220.0 3
  119.961891 112.0 2
  120.023613 44.0 1
  120.039429 128.0 2
  120.081429 204.0 3
  120.081436 656.0 9
  120.195618 160.0 2
  120.23583199999999 148.0 2
  120.23777799999999 168.0 2
  120.245216 152.0 2
  120.27989199999999 100.0 1
  120.448387 188.0 3
  120.54738599999999 152.0 2
  120.670891 56.0 1
  120.811729 180.0 2
  120.96405 184.0 2
  121.05418399999999 208.0 3
  121.06623099999999 2604.0 35
  121.066803 184.0 2
  121.100822 915.178711 12
  121.21652999999999 128.0 2
  121.432541 136.0 2
  121.606583 68.0 1
  121.680573 168.0 2
  121.79345699999999 84.0 1
  121.815041 148.0 2
  121.867508 300.0 4
  122.11915599999999 68.0 1
  122.439003 144.0 2
  122.55980699999999 124.0 2
  122.600403 128.0 2
  122.65109299999999 144.0 2
  122.81748999999999 224.0 3
  122.86934699999999 108.0 1
  122.999237 60.0 1
  123.045341 696.0 9
  123.055489 56.0 1
  123.18931599999999 28.0 0
  123.212837 224.0 3
  123.250214 160.0 2
  123.252777 216.0 3
  123.37879199999999 272.0 4
  123.45953399999999 96.0 1
  123.552979 92.0 1
  123.56069199999999 80.0 1
  123.78961899999999 220.0 3
  123.877731 208.0 3
  123.886276 100.0 1
  123.948303 204.0 3
  124.003647 168.0 2
  124.065788 60.0 1
  124.069824 188.0 3
  124.295189 212.0 3
  124.333694 160.0 2
  124.35928299999999 120.0 2
  124.42085999999999 220.0 3
  124.445152 388.0 5
  124.48185 300.0 4
  124.495262 108.0 1
  124.606735 260.0 4
  124.63269 248.0 3
  124.66038499999999 120.0 2
  124.674759 152.0 2
  124.715385 148.0 2
  124.780418 180.0 2
  124.859085 112.0 2
  124.86610399999999 164.0 2
  125.087921 220.0 3
  125.09796899999999 908.0 12
  125.134796 164.0 2
  125.14267699999999 232.0 3
  125.207893 184.0 2
  125.25465399999999 152.0 2
  125.347076 168.0 2
  125.353928 176.0 2
  125.41944099999999 80.0 1
  125.441307 100.0 1
  125.520592 9.253481 0
  125.54201499999999 212.0 3
  125.59511599999999 88.0 1
  125.637474 364.0 5
  125.64405099999999 212.0 3
  125.66480299999999 128.0 2
  125.70983899999999 68.0 1
  125.846184 108.0 1
  125.918793 152.0 2
  125.95260599999999 156.0 2
  126.02117899999999 148.0 2
  126.026894 180.0 2
  126.067978 556.0 7
  126.208458 96.0 1
  126.23975399999999 124.0 2
  126.35348499999999 324.0 4
  126.508156 44.0 1
  126.552933 172.0 2
  126.560211 124.0 2
  126.636704 164.0 2
  126.67495699999999 212.0 3
  126.75239599999999 156.0 2
  126.794106 108.0 1
  126.80064399999999 156.0 2
  126.85127999999999 84.0 1
  126.915627 164.0 2
  126.959007 5.328948 0
  127.051186 204.0 3
  127.11786699999999 228.0 3
  127.143654 60.0 1
  127.31172199999999 208.0 3
  127.42115 128.0 2
  127.64905499999999 148.0 2
  127.680313 200.0 3
  127.757927 144.0 2
  127.776237 296.0 4
  128.011574 156.0 2
  128.01457200000002 252.0 3
  128.049393 62.535641 1
  128.133194 164.0 2
  128.213135 112.0 2
  128.23996 228.0 3
  128.251389 140.0 2
  128.296936 156.0 2
  128.345154 132.0 2
  128.411942 204.0 3
  128.503082 152.0 2
  128.52977 40.0 1
  128.731613 148.0 2
  128.965408 136.0 2
  129.16539 196.0 3
  129.174789 148.0 2
  129.18869 168.0 2
  129.569748 104.0 1
  129.57766700000002 124.0 2
  129.69897500000002 200.0 3
  129.755997 124.0 2
  129.785538 88.0 1
  129.790421 108.0 1
  129.83668500000002 156.0 2
  129.83985900000002 144.0 2
  129.992096 52.0 1
  130.026657 240.0 3
  130.087265 31416.0 424
  130.112167 104.0 1
  130.114395 200.0 3
  130.11462400000002 56.0 1
  130.30375700000002 44.0 1
  130.323471 124.0 2
  130.328857 5.708333 0
  130.41201800000002 188.0 3
  130.473923 144.0 2
  130.47927900000002 124.0 2
  130.522614 172.0 2
  130.528702 108.0 1
  130.597855 192.0 3
  130.901443 148.0 2
  131.050934 512.0 7
  131.07363900000001 5564.0 75
  131.08552600000002 276.0 4
  131.25 168.0 2
  131.471451 220.0 3
  131.582596 184.0 2
  132.086151 160.0 2
  132.09024000000002 184.0 2
  132.144348 192.0 3
  132.164948 160.0 2
  132.256302 88.0 1
  132.339035 84.0 1
  132.34736600000002 168.0 2
  132.350906 164.0 2
  132.37617500000002 176.0 2
  132.38909900000002 19.111111 0
  132.433487 176.0 2
  132.46585100000001 172.0 2
  132.51066600000001 116.0 2
  132.600174 88.0 1
  132.65051300000002 328.0 4
  132.763046 220.0 3
  132.823196 152.0 2
  133.098923 72.0 1
  133.176666 108.0 1
  133.17807000000002 176.0 2
  133.20047 132.0 2
  133.325577 184.0 2
  133.362106 140.0 2
  133.380447 208.0 3
  133.48538200000002 180.0 2
  133.648697 124.0 2
  133.656555 304.0 4
  133.93069500000001 120.0 2
  134.06689500000002 424.0 6
  134.068619 1016.0 14
  134.092072 188.0 3
  134.101807 248.0 3
  134.18940800000001 156.0 2
  134.267166 196.0 3
  134.32165500000002 164.0 2
  134.332031 124.0 2
  134.361938 148.0 2
  134.476807 152.0 2
  134.508881 172.0 2
  134.528503 208.0 3
  134.545013 140.0 2
  134.578796 10.98155 0
  134.66777000000002 204.0 3
  134.71992500000002 152.0 2
  134.877014 124.0 2
  135.00752300000002 432.0 6
  135.054855 248.0 3
  135.058975 212.0 3
  135.11732500000002 4184.0 56
  135.25202900000002 152.0 2
  135.295074 96.0 1
  135.33145100000002 72.0 1
  135.395508 168.0 2
  135.46099900000002 152.0 2
  135.46426400000001 56.0 1
  135.56118800000002 176.0 2
  135.66519200000002 176.0 2
  135.704147 76.0 1
  135.84689300000002 144.0 2
  136.052963 256.0 3
  136.07486 76.0 1
  136.154434 172.0 2
  136.198196 144.0 2
  136.408936 52.0 1
  136.487839 104.0 1
  136.55229200000002 148.0 2
  136.593887 228.0 3
  136.623932 256.0 3
  136.722443 208.0 3
  136.94014 128.0 2
  136.993179 120.0 2
  137.013992 368.0 5
  137.022217 188.0 3
  137.02357500000002 140.0 2
  137.08448800000002 60.0 1
  137.466385 400.0 5
  137.521667 180.0 2
  137.53268400000002 204.0 3
  137.567932 140.0 2
  137.62709 104.0 1
  137.719315 120.0 2
  137.815704 152.0 2
  137.865967 124.0 2
  138.12480200000002 184.0 2
  138.14575200000002 96.0 1
  138.19177200000001 204.0 3
  138.264542 60.0 1
  138.364395 76.0 1
  138.36750800000002 108.0 1
  138.650742 140.0 2
  138.69360400000002 104.0 1
  138.75607300000001 116.0 2
  138.80191000000002 228.0 3
  138.83380100000002 196.0 3
  138.872818 148.0 2
  138.884048 140.0 2
  138.962296 168.0 2
  139.04335 116.0 2
  139.10458400000002 128.0 2
  139.28389 164.0 2
  139.339203 208.0 3
  139.36547900000002 40.0 1
  139.40347300000002 192.0 3
  139.444061 144.0 2
  139.649765 164.0 2
  139.76362600000002 128.0 2
  139.848648 124.0 2
  140.016052 188.0 3
  140.04689000000002 716.0 10
  140.07916300000002 160.0 2
  140.149963 116.0 2
  140.237427 124.0 2
  140.42662 136.0 2
  140.49482700000002 140.0 2
  140.502213 132.0 2
  140.54324300000002 128.0 2
  140.55101000000002 80.0 1
  140.821991 156.0 2
  140.848495 56.0 1
  140.932205 296.0 4
  140.999435 44.0 1
  141.06871 164.0 2
  141.069229 160.0 2
  141.073776 168.0 2
  141.127228 224.0 3
  141.253937 176.0 2
  141.308517 188.0 3
  141.354477 140.0 2
  141.66180400000002 100.0 1
  141.815292 120.0 2
  141.81552100000002 132.0 2
  142.010391 1728.0 23
  142.050735 780.0 11
  142.07637 3816.0 51
  142.076828 2016.0 27
  142.085724 1404.0 19
  142.167908 116.0 2
  142.352249 148.0 2
  142.379379 184.0 2
  142.696472 80.0 1
  142.88707000000002 116.0 2
  142.960419 196.0 3
  142.980637 192.0 3
  143.073944 160.0 2
  143.084137 312.0 4
  143.153061 148.0 2
  143.21147200000001 216.0 3
  143.226242 228.0 3
  143.360443 56.0 1
  143.518036 172.0 2
  143.617966 112.0 2
  143.661789 124.0 2
  143.668442 156.0 2
  143.804947 260.0 4
  143.926514 120.0 2
  143.976974 224.0 3
  144.04512 644.0 9
  144.055878 672.0 9
  144.058685 376.0 5
  144.086655 256.0 3
  144.08812 116.0 2
  144.128845 204.0 3
  144.156921 7.848485 0
  144.232407 240.0 3
  144.252533 136.0 2
  144.495956 152.0 2
  144.51272600000001 216.0 3
  144.56715400000002 236.0 3
  144.56994600000002 176.0 2
  144.634689 212.0 3
  144.70652800000002 188.0 3
  144.70893900000002 56.0 1
  144.81826800000002 148.0 2
  145.10072300000002 156.0 2
  145.101212 3784.0 51
  145.104141 208.0 3
  145.13678000000002 4.75 0
  145.219894 104.0 1
  145.27087400000002 280.0 4
  145.427048 116.0 2
  145.437485 164.0 2
  145.494186 124.0 2
  145.55654900000002 108.0 1
  145.632248 80.0 1
  145.744293 148.0 2
  145.849319 9.789634 0
  146.017883 188.0 3
  146.14279200000001 148.0 2
  146.28538500000002 128.0 2
  146.31007400000001 208.0 3
  146.352554 164.0 2
  146.363663 64.0 1
  146.406326 144.0 2
  146.60827600000002 136.0 2
  146.644775 184.0 2
  146.924698 144.0 2
  146.95240800000002 76.0 1
  147.00198400000002 124.0 2
  147.032669 168.0 2
  147.04451 312.0 4
  147.20318600000002 180.0 2
  147.37033100000002 148.0 2
  147.43457 140.0 2
  147.62767 172.0 2
  147.652328 132.0 2
  147.740463 48.0 1
  147.76088000000001 128.0 2
  147.821548 224.0 3
  147.968094 144.0 2
  148.04130600000002 304.0 4
  148.05001800000002 1904.0 26
  148.084213 2696.0 36
  148.089111 220.0 3
  148.14904800000002 160.0 2
  148.24606300000002 120.0 2
  148.32955900000002 128.0 2
  148.506012 176.0 2
  148.582916 204.0 3
  148.607819 168.0 2
  148.637772 96.0 1
  148.679596 124.0 2
  148.814178 204.0 3
  148.86509700000002 188.0 3
  148.976547 176.0 2
  149.05761700000002 62.586441 1
  149.065338 108.0 1
  149.166199 152.0 2
  149.27301 44.0 1
  149.282578 76.0 1
  149.286728 204.0 3
  149.329315 40.0 1
  149.385803 140.0 2
  149.655212 108.0 1
  149.69686900000002 236.0 3
  149.982681 144.0 2
  150.066345 9512.0 128
  150.080688 48.0 1
  150.143372 100.0 1
  150.152237 44.0 1
  150.16111800000002 104.0 1
  150.186493 196.0 3
  150.238068 8.660714 0
  150.272888 84.0 1
  150.38758900000002 128.0 2
  150.491226 200.0 3
  150.56788600000002 192.0 3
  150.621872 172.0 2
  150.65725700000002 104.0 1
  151.077728 200.0 3
  151.08702100000002 160.0 2
  151.094986 116.0 2
  151.261795 188.0 3
  151.307602 64.0 1
  151.377945 188.0 3
  151.47880600000002 232.0 3
  151.491791 80.0 1
  151.591461 220.0 3
  151.690369 156.0 2
  151.70854200000002 144.0 2
  151.71566800000002 156.0 2
  151.776062 128.0 2
  151.98249800000002 192.0 3
  152.01713600000002 184.0 2
  152.01928700000002 168.0 2
  152.35813900000002 200.0 3
  152.725281 60.0 1
  152.762497 56.0 1
  152.78903200000002 196.0 3
  152.924408 188.0 3
  153.01944 74064.0 999
  153.022018 220.0 3
  153.047729 248.0 3
  153.073608 512.0 7
  153.12471000000002 40.0 1
  153.210495 180.0 2
  153.28959700000001 84.0 1
  153.317001 232.0 3
  153.597 120.0 2
  154.029572 152.0 2
  154.163071 124.0 2
  154.45661900000002 144.0 2
  154.894394 216.0 3
  155.081726 156.0 2
  155.108551 216.0 3
  155.29336500000002 252.0 3
  155.616699 124.0 2
  155.826416 132.0 2
  155.871552 152.0 2
  155.942307 140.0 2
  156.088974 284.0 4
  156.094482 132.0 2
  156.21945200000002 92.0 1
  156.235397 132.0 2
  156.373459 25.22727 0
  156.512558 108.0 1
  156.550354 60.0 1
  156.610443 180.0 2
  156.63128700000001 160.0 2
  156.972473 184.0 2
  157.09079 252.0 3
  157.56384300000002 92.0 1
  157.687195 172.0 2
  157.819092 140.0 2
  157.858124 136.0 2
  157.892731 160.0 2
  157.936813 196.0 3
  157.94696000000002 164.0 2
  158.060959 140.0 2
  158.083817 48.0 1
  158.105804 624.0 8
  158.321167 152.0 2
  158.32702600000002 64.0 1
  158.58410600000002 168.0 2
  158.64819300000002 164.0 2
  158.65553300000002 6.927469 0
  158.69262700000002 136.0 2
  158.81152300000002 64.0 1
  158.838028 168.0 2
  158.87402300000002 156.0 2
  159.048706 204.0 3
  159.05062900000001 164.0 2
  159.064438 172.0 2
  159.390488 132.0 2
  159.46109 172.0 2
  159.48408500000002 88.0 1
  159.708694 40.0 1
  160.000427 172.0 2
  160.073685 148.0 2
  160.122711 132.0 2
  160.12274200000002 184.0 2
  160.33934000000002 136.0 2
  160.592026 148.0 2
  160.62340700000001 144.0 2
  160.729645 4.573529 0
  161.121231 144.0 2
  161.140839 204.0 3
  161.261627 92.0 1
  161.274719 104.0 1
  161.359833 164.0 2
  161.38801600000002 96.0 1
  161.64466900000002 12.89352 0
  161.73439000000002 140.0 2
  161.908356 244.0 3
  162.098129 56.0 1
  162.21597300000002 248.0 3
  162.27887 152.0 2
  162.314072 232.0 3
  162.427994 32.0 0
  162.81573500000002 152.0 2
  162.83728000000002 88.0 1
  163.007675 52.0 1
  163.014069 232.0 3
  163.03405800000002 476.0 6
  163.042099 252.0 3
  163.053467 156.0 2
  163.079117 216.0 3
  163.093018 34.283981 0
  163.10347000000002 80.0 1
  163.105118 56.0 1
  163.148468 156.0 2
  163.15939300000002 188.0 3
  163.176849 160.0 2
  163.263306 116.0 2
  163.340424 128.0 2
  163.473602 160.0 2
  163.50614900000002 88.0 1
  163.61329700000002 196.0 3
  163.780136 39.012501 1
  163.843002 200.0 3
  163.896027 96.0 1
  163.89781200000002 148.0 2
  163.944672 212.0 3
  164.10990900000002 104.0 1
  164.236511 84.0 1
  164.59726 192.0 3
  164.60372900000002 240.0 3
  164.694199 112.0 2
  164.760498 180.0 2
  164.856018 124.0 2
  164.919907 120.0 2
  164.941742 60.0 1
  165.00439500000002 152.0 2
  165.06419400000001 176.0 2
  165.07818600000002 416.0 6
  165.28529400000002 208.0 3
  165.29921000000002 164.0 2
  165.355042 104.0 1
  165.414017 36.0 0
  165.43438700000002 68.0 1
  165.804932 156.0 2
  166.04821800000002 316.0 4
  166.07740800000002 104.0 1
  166.083572 212.0 3
  166.244873 88.0 1
  166.30993700000002 136.0 2
  166.412735 208.0 3
  166.421646 192.0 3
  166.528931 80.0 1
  166.643356 152.0 2
  166.769821 128.0 2
  166.790909 148.0 2
  167.002045 176.0 2
  167.025391 148.0 2
  167.06883200000001 1224.0 17
  167.07341 244.0 3
  167.157837 156.0 2
  167.24884 180.0 2
  167.532867 232.0 3
  167.81221000000002 176.0 2
  167.89321900000002 208.0 3
  168.024033 108.0 1
  168.085754 172.0 2
  168.14265400000002 128.0 2
  168.21675100000002 136.0 2
  168.700272 124.0 2
  169.096924 156.0 2
  169.30513000000002 112.0 2
  169.408768 148.0 2
  169.44970700000002 208.0 3
  169.56572 132.0 2
  169.650497 180.0 2
  169.659332 208.0 3
  169.87956200000002 56.0 1
  170.10676600000002 188.0 3
  170.530304 152.0 2
  170.65316800000002 108.0 1
  170.749603 164.0 2
  170.821289 132.0 2
  170.89158600000002 120.0 2
  171.055832 30560.0 412
  171.31071500000002 148.0 2
  171.372513 136.0 2
  171.372818 152.0 2
  171.554855 208.0 3
  171.748322 132.0 2
  172.09552000000002 276.0 4
  172.389816 48.0 1
  172.646927 92.0 1
  172.71017500000002 96.0 1
  172.721069 51.288631 1
  172.96069300000002 144.0 2
  173.036438 204.0 3
  173.115509 300.0 4
  173.208344 140.0 2
  173.26409900000002 200.0 3
  173.34776300000001 36.0 0
  173.470505 404.0 5
  173.689697 400.0 5
  173.701477 80.0 1
  173.766739 220.0 3
  173.831772 148.0 2
  173.93090800000002 52.0 1
  173.98709100000002 216.0 3
  174.009598 684.0 9
  174.05276500000002 400.0 5
  174.108505 192.0 3
  174.504242 164.0 2
  174.66755700000002 48.0 1
  174.68441800000002 212.0 3
  174.71313500000002 144.0 2
  174.752213 204.0 3
  174.912308 64.0 1
  175.09307900000002 608.0 8
  175.094116 120.0 2
  175.151825 156.0 2
  175.39407300000002 140.0 2
  175.84719800000002 108.0 1
  175.887177 52.0 1
  175.953583 92.0 1
  176.09916700000002 76.0 1
  176.258194 100.0 1
  176.379883 172.0 2
  176.41684 324.0 4
  176.52375800000002 148.0 2
  176.70674100000002 168.0 2
  176.718796 200.0 3
  176.890656 144.0 2
  176.95562700000002 156.0 2
  177.096161 160.0 2
  177.126358 456.0 6
  177.172562 288.0 4
  177.416107 168.0 2
  177.43644700000002 68.0 1
  177.613876 144.0 2
  177.63089000000002 168.0 2
  178.044708 120.0 2
  178.10093700000002 152.0 2
  178.28739900000002 88.0 1
  178.421814 116.0 2
  178.560226 112.0 2
  178.58007800000001 68.0 1
  178.80290200000002 196.0 3
  179.039185 172.0 2
  179.070389 160.0 2
  179.083923 212.0 3
  179.230377 148.0 2
  179.305969 68.0 1
  179.612625 172.0 2
  179.635468 44.0 1
  179.83242800000002 204.0 3
  179.914001 124.0 2
  180.030563 108.0 1
  180.161407 208.0 3
  180.338974 352.0 5
  180.40896600000002 56.0 1
  181.234726 84.0 1
  181.451172 152.0 2
  181.591156 196.0 3
  181.737076 160.0 2
  181.800903 152.0 2
  181.915359 184.0 2
  182.0298 128.0 2
  182.145126 324.0 4
  182.174088 152.0 2
  182.27533 88.0 1
  182.382111 128.0 2
  182.40321400000002 112.0 2
  182.40538 184.0 2
  182.701614 112.0 2
  182.72580000000002 84.0 1
  182.811066 84.0 1
  182.888687 164.0 2
  182.944931 176.0 2
  183.192657 168.0 2
  183.250732 3.34375 0
  183.67802400000002 108.0 1
  183.679413 180.0 2
  183.74614 108.0 1
  183.79838600000002 124.0 2
  184.02397200000001 200.0 3
  184.030396 1444.0 19
  184.397873 220.0 3
  184.504532 124.0 2
  184.706802 200.0 3
  184.751404 188.0 3
  184.974503 168.0 2
  184.999207 144.0 2
  185.039627 76.0 1
  185.06311 268.0 4
  185.06372100000002 608.0 8
  185.077789 164.0 2
  185.11879000000002 140.0 2
  185.120102 100.0 1
  185.212402 156.0 2
  185.31758100000002 100.0 1
  185.468735 156.0 2
  185.4702 156.0 2
  185.487686 156.0 2
  185.6073 32.0 0
  186.002441 160.0 2
  186.03602600000002 48.0 1
  186.101929 300.0 4
  186.131439 80.0 1
  186.136185 204.0 3
  186.13848900000002 208.0 3
  186.165039 152.0 2
  186.217117 132.0 2
  186.583954 100.0 1
  186.771423 124.0 2
  186.84196500000002 152.0 2
  186.86741600000002 264.0 4
  187.123611 212.0 3
  187.14703400000002 3.002451 0
  187.364868 144.0 2
  187.574478 288.0 4
  187.70915200000002 184.0 2
  187.784363 100.0 1
  187.903229 112.0 2
  187.915314 336.0 5
  187.924545 168.0 2
  188.097946 4.984615 0
  188.111526 628.0 8
  188.485428 156.0 2
  188.529861 188.0 3
  188.66622900000002 168.0 2
  188.716858 116.0 2
  188.728699 84.0 1
  188.845795 108.0 1
  188.871216 88.0 1
  188.940125 152.0 2
  189.07740800000002 164.0 2
  189.12239100000002 136.0 2
  189.302399 192.0 3
  189.64128100000002 80.0 1
  189.731567 76.0 1
  189.833389 140.0 2
  189.89151 180.0 2
  189.922897 68.0 1
  190.30448900000002 268.0 4
  190.430542 140.0 2
  190.674957 164.0 2
  190.772522 140.0 2
  190.958771 108.0 1
  191.045456 152.0 2
  191.0466 172.0 2
  191.07023600000002 168.0 2
  191.075745 412.0 6
  191.106445 34660.0 468
  191.363846 84.0 1
  191.364426 148.0 2
  191.38533 84.0 1
  191.491226 168.0 2
  191.65716600000002 180.0 2
  191.78564500000002 112.0 2
  191.79129 196.0 3
  192.071579 316.0 4
  192.079712 172.0 2
  192.08007800000001 1983.357056 27
  192.100021 1292.0 17
  192.235947 180.0 2
  192.31002800000002 68.0 1
  192.457291 168.0 2
  192.87738000000002 176.0 2
  193.14459200000002 196.0 3
  193.508698 88.0 1
  193.56796300000002 72.0 1
  193.734589 164.0 2
  193.765274 152.0 2
  193.847778 216.0 3
  193.944519 104.0 1
  194.036438 60.0 1
  194.067978 160.0 2
  194.082489 168.0 2
  194.109497 144.0 2
  194.201996 136.0 2
  194.613617 220.0 3
  194.640015 356.0 5
  194.65780600000002 112.0 2
  194.919006 104.0 1
  194.97699 148.0 2
  195.063309 156.0 2
  195.068253 164.0 2
  195.166412 2.333333 0
  195.26152000000002 404.0 5
  195.371033 204.0 3
  195.48143000000002 188.0 3
  195.523956 28.35833 0
  195.566025 204.0 3
  195.58294700000002 88.0 1
  195.70851100000002 40.0 1
  195.761871 56.0 1
  196.03653 196.0 3
  196.06817600000002 184.0 2
  196.090622 52.0 1
  196.10411100000002 180.0 2
  196.29744 128.0 2
  196.471695 96.0 1
  196.618607 176.0 2
  196.898895 220.0 3
  196.99118 3316.0 45
  197.07045000000002 148.0 2
  197.226929 76.0 1
  197.338211 56.0 1
  197.356934 216.0 3
  197.59544400000001 132.0 2
  197.68158 148.0 2
  197.750305 52.0 1
  198.083054 236.0 3
  198.215179 4.026175 0
  198.31431600000002 144.0 2
  198.330048 40.0 1
  198.542847 260.0 4
  198.71791100000002 56.0 1
  198.96971100000002 53.693329 1
  199.02555800000002 164.0 2
  199.08230600000002 172.0 2
  199.083786 144.0 2
  199.101868 408.0 6
  199.144211 148.0 2
  199.182846 92.0 1
  199.611588 184.0 2
  199.93545500000002 156.0 2
  200.08075 156.0 2
  200.087418 260.0 4
  200.20192 128.0 2
  200.237549 112.0 2
  200.570389 68.0 1
  200.656494 92.0 1
  200.764679 200.0 3
  200.86149600000002 112.0 2
  200.88931300000002 148.0 2
  201.07341 220.0 3
  201.18403600000002 136.0 2
  201.213821 212.0 3
  201.2229 18.012251 0
  201.28216600000002 64.0 1
  201.33876 116.0 2
  201.388046 124.0 2
  201.39222700000002 6.75 0
  201.468475 124.0 2
  201.510986 104.0 1
  201.535995 128.0 2
  201.88540600000002 136.0 2
  202.056656 936.0 13
  202.06134 172.0 2
  202.107483 144.0 2
  202.29466200000002 64.0 1
  202.32486 128.0 2
  202.34951800000002 200.0 3
  202.42279100000002 140.0 2
  202.450378 112.0 2
  202.487488 160.0 2
  202.579071 124.0 2
  202.956497 104.0 1
  203.095032 416.0 6
  203.16497800000002 64.0 1
  203.178177 39.577221 1
  203.50325 168.0 2
  203.744705 224.0 3
  203.776138 260.0 4
  204.03311200000002 76.0 1
  204.129166 204.0 3
  204.129593 140.0 2
  204.2099 40.0 1
  204.36644 76.0 1
  204.426361 180.0 2
  204.46284500000002 140.0 2
  204.782837 156.0 2
  204.820831 108.0 1
  204.901428 160.0 2
  204.960159 128.0 2
  205.12316900000002 312.0 4
  205.191132 104.0 1
  205.255142 152.0 2
  205.327652 148.0 2
  205.44841 132.0 2
  205.519012 172.0 2
  205.656616 160.0 2
  205.67807000000002 5.10625 0
  205.69180300000002 116.0 2
  205.761597 132.0 2
  205.818893 76.0 1
  205.859207 160.0 2
  206.031601 136.0 2
  206.034836 156.0 2
  206.27615400000002 96.0 1
  206.286255 96.0 1
  206.416931 48.0 1
  206.42982500000002 96.0 1
  206.607742 72.0 1
  206.850525 168.0 2
  206.9319 196.0 3
  206.945816 164.0 2
  206.977539 196.0 3
  207.00860600000001 88.0 1
  207.08145100000002 632.0 9
  207.083496 512.0 7
  207.118301 464.0 6
  207.430145 64.0 1
  207.824738 132.0 2
  207.99627700000002 80.0 1
  208.11656200000002 144.0 2
  208.165268 132.0 2
  208.276138 68.0 1
  208.379059 52.0 1
  208.80143700000002 136.0 2
  208.901138 128.0 2
  208.98382600000002 26.69278 0
  209.002914 248.0 3
  209.422485 176.0 2
  209.466736 96.0 1
  209.509064 236.0 3
  209.901169 164.0 2
  209.906021 220.0 3
  210.052322 312.0 4
  210.265228 196.0 3
  210.607224 92.0 1
  210.651474 11.96118 0
  210.674576 108.0 1
  210.776062 72.0 1
  210.77916000000002 156.0 2
  210.91111800000002 68.0 1
  211.016083 164.0 2
  211.03434800000002 504.0 7
  211.07487500000002 1712.0 23
  211.10849000000002 204.0 3
  211.111588 2708.0 37
  211.157837 44.0 1
  211.290802 152.0 2
  211.317245 80.0 1
  211.59741200000002 124.0 2
  211.75804100000002 148.0 2
  212.199814 172.0 2
  212.23291 80.0 1
  212.241608 164.0 2
  212.668091 172.0 2
  212.67128 192.0 3
  212.885178 272.0 4
  213.056412 120.0 2
  213.09169 1164.0 16
  213.127106 1972.0 27
  213.154739 128.0 2
  213.354919 108.0 1
  213.36348 96.0 1
  214.097519 60.0 1
  214.453903 104.0 1
  214.507599 140.0 2
  214.545883 17.938641 0
  214.620438 172.0 2
  214.997345 156.0 2
  215.05015600000002 548.0 7
  215.236893 84.0 1
  215.29525800000002 196.0 3
  215.332153 152.0 2
  215.436035 116.0 2
  215.737717 68.0 1
  216.026398 212.0 3
  216.078598 2308.0 31
  216.126282 140.0 2
  216.14901700000001 292.0 4
  216.835129 364.0 5
  216.843872 112.0 2
  217.07882700000002 148.0 2
  217.094421 188.0 3
  217.098251 1192.0 16
  217.12492400000002 436.0 6
  217.312363 60.0 1
  217.317184 120.0 2
  217.636795 92.0 1
  217.66862500000002 100.0 1
  218.09878500000002 380.0 5
  218.10084500000002 7072.0 95
  218.10217300000002 36.0 0
  218.33320600000002 140.0 2
  218.510178 176.0 2
  218.625076 256.0 3
  218.911819 56.0 1
  218.962906 240.0 3
  218.974365 172.0 2
  219.06083700000002 84.0 1
  219.08105500000002 62.545639 1
  219.081818 124.0 2
  219.265961 104.0 1
  219.431213 96.0 1
  219.431686 124.0 2
  219.489044 112.0 2
  219.620148 88.0 1
  219.743393 14.67083 0
  220.182602 92.0 1
  220.193939 112.0 2
  220.227814 40.0 1
  220.470032 92.0 1
  220.501022 128.0 2
  221.04509000000002 120.0 2
  221.326187 144.0 2
  221.519623 196.0 3
  221.631271 104.0 1
  221.826492 148.0 2
  221.82736200000002 120.0 2
  221.84281900000002 156.0 2
  221.989578 136.0 2
  222.343414 128.0 2
  222.53465300000002 132.0 2
  222.733307 72.0 1
  222.86377000000002 76.0 1
  223.050186 2616.0 35
  223.10844400000002 320.0 4
  223.119888 44.0 1
  223.17236300000002 156.0 2
  223.499512 228.0 3
  223.763611 100.0 1
  224.03938300000002 232.0 3
  224.217117 96.0 1
  224.260681 64.0 1
  224.46566800000002 152.0 2
  224.961929 176.0 2
  225.00993300000002 112.0 2
  225.12608300000002 202.5298 3
  225.21196 144.0 2
  225.214294 100.0 1
  225.48349000000002 116.0 2
  225.612503 212.0 3
  225.641174 116.0 2
  225.819565 164.0 2
  226.157135 168.0 2
  226.33926400000001 156.0 2
  226.73732 216.0 3
  226.936111 176.0 2
  227.107269 136.0 2
  227.195031 108.0 1
  227.452896 128.0 2
  227.514664 160.0 2
  227.721176 324.0 4
  227.81752 116.0 2
  227.915543 132.0 2
  227.930496 88.0 1
  228.07695 196.0 3
  228.204224 112.0 2
  228.58401500000002 132.0 2
  228.656967 104.0 1
  228.89265400000002 184.0 2
  228.981705 192.0 3
  228.984192 320.0 4
  228.986817 80.0 1
  229.291794 120.0 2
  229.43751500000002 288.0 4
  229.495453 52.0 1
  229.58633400000002 216.0 3
  229.93872100000002 104.0 1
  230.00756800000002 148.0 2
  230.019089 3560.0 48
  230.054977 2615.0 35
  230.249573 148.0 2
  230.321045 208.0 3
  230.452988 92.0 1
  230.569565 308.0 4
  231.26696800000002 3.360119 0
  231.316025 164.0 2
  231.485107 108.0 1
  231.946808 100.0 1
  231.958527 144.0 2
  232.05392500000002 216.0 3
  232.100388 136.0 2
  232.14068600000002 176.0 2
  232.251526 172.0 2
  232.28341700000001 160.0 2
  232.998047 196.0 3
  233.67186 132.0 2
  233.728348 120.0 2
  233.759705 176.0 2
  233.839844 272.0 4
  233.847046 104.0 1
  234.005157 2052.0 28
  234.067505 168.0 2
  234.37553400000002 84.0 1
  234.516464 144.0 2
  234.604431 168.0 2
  234.608154 104.0 1
  234.971954 148.0 2
  235.086929 548.0 7
  235.107269 1656.0 22
  235.14587400000002 1576.0 21
  235.232315 140.0 2
  235.4208 84.0 1
  235.45700100000002 148.0 2
  235.504684 28.0 0
  235.59208700000002 212.0 3
  235.670959 132.0 2
  236.257904 56.0 1
  236.411392 156.0 2
  236.659515 164.0 2
  237.02835100000001 48.0 1
  237.052399 312.0 4
  237.069717 316.0 4
  237.08912700000002 1344.0 18
  237.118912 168.0 2
  237.221527 388.0 5
  237.438736 388.0 5
  238.096542 124.0 2
  238.17128 140.0 2
  238.26442 224.0 3
  238.419113 48.0 1
  238.545959 192.0 3
  238.590134 112.0 2
  238.66386400000002 76.0 1
  238.699509 376.0 5
  238.754166 80.0 1
  238.85247800000002 176.0 2
  238.913193 60.0 1
  239.030396 152.0 2
  239.077301 64.0 1
  239.084869 1924.0 26
  239.28152500000002 212.0 3
  239.393295 180.0 2
  239.407791 96.0 1
  239.42082200000002 144.0 2
  239.481094 68.0 1
  239.76348900000002 56.0 1
  239.76907300000002 104.0 1
  240.064285 200.0 3
  240.24383500000002 156.0 2
  240.284973 120.0 2
  240.47302200000001 188.0 3
  240.52742 192.0 3
  240.787476 180.0 2
  240.823853 60.0 1
  240.825058 68.0 1
  240.844315 72.0 1
  241.071625 124.0 2
  241.328156 136.0 2
  241.461563 192.0 3
  241.60878 5.721154 0
  241.727676 80.0 1
  241.744965 88.0 1
  241.885986 216.0 3
  242.133575 88.0 1
  242.69281 136.0 2
  243.00117500000002 168.0 2
  243.45416300000002 220.0 3
  244.100662 164.0 2
  244.263565 68.0 1
  244.292282 64.0 1
  244.39090000000002 56.0 1
  244.48541300000002 172.0 2
  244.517807 8.33585 0
  245.089981 100.0 1
  245.239853 144.0 2
  245.563019 160.0 2
  246.074249 360.0 5
  246.31616200000002 4.540441 0
  246.53706400000002 176.0 2
  246.723206 352.0 5
  247.007721 200.0 3
  247.095963 208.0 3
  247.6651 192.0 3
  248.080811 116.0 2
  249.196823 180.0 2
  249.48628200000002 124.0 2
  249.503586 136.0 2
  249.51770000000002 148.0 2
  249.737625 192.0 3
  249.92111200000002 60.0 1
  250.92669700000002 124.0 2
  251.04942300000002 140.0 2
  251.060043 148.0 2
  251.09861800000002 280.0 4
  251.285324 14.42424 0
  251.573273 180.0 2
  251.579239 88.0 1
  251.772629 96.0 1
  252.149414 160.0 2
  252.638138 164.0 2
  253.087006 208.0 3
  253.31462100000002 168.0 2
  253.356155 148.0 2
  253.75412 100.0 1
  253.99499500000002 35.182537 0
  254.00314300000002 412.0 6
  254.038025 156.0 2
  254.088425 132.0 2
  254.099411 128.0 2
  254.119461 160.0 2
  254.432724 72.0 1
  254.906036 128.0 2
  254.959732 164.0 2
  254.990723 228.0 3
  255.04457100000002 156.0 2
  255.14227300000002 92.0 1
  255.15004000000002 240.0 3
  255.274536 100.0 1
  255.440704 144.0 2
  255.524704 108.0 1
  255.594864 84.0 1
  255.86552400000002 124.0 2
  255.965866 152.0 2
  255.97065700000002 76.0 1
  257.348755 120.0 2
  257.80404699999997 124.0 2
  257.82254 196.0 3
  257.82748399999997 116.0 2
  258.042938 104.0 1
  258.803772 100.0 1
  259.041412 132.0 2
  259.159271 132.0 2
  259.17330899999996 132.0 2
  259.286011 172.0 2
  259.28637699999996 368.0 5
  259.51709 192.0 3
  259.73641999999995 296.0 4
  259.91745 136.0 2
  259.9375 72.0 1
  260.36553999999995 36.0 0
  260.411682 76.0 1
  260.449127 108.0 1
  260.608276 40.0 1
  260.62213099999997 188.0 3
  260.717499 116.0 2
  260.88561999999996 16.97456 0
  260.905304 228.0 3
  261.087524 144.0 2
  261.104675 48.0 1
  261.22634899999997 96.0 1
  261.74987799999997 124.0 2
  262.281158 84.0 1
  262.343231 156.0 2
  262.484192 128.0 2
  262.623871 92.0 1
  262.633942 68.0 1
  263.121338 156.0 2
  263.24154699999997 36.0 0
  263.24963399999996 52.0 1
  263.400269 100.0 1
  263.997803 168.0 2
  264.296631 40.0 1
  265.090485 132.0 2
  265.621155 52.0 1
  266.024384 204.0 3
  266.053497 324.0 4
  266.058929 284.0 4
  266.79641699999996 88.0 1
  266.94992099999996 56.0 1
  267.025757 4672.0 63
  267.129486 156.0 2
  267.196503 140.0 2
  267.56365999999997 76.0 1
  267.727692 116.0 2
  267.868744 224.0 3
  268.06521599999996 168.0 2
  268.14257799999996 120.0 2
  268.212433 208.0 3
  268.24386599999997 36.0 0
  268.450378 164.0 2
  268.579315 172.0 2
  268.648956 140.0 2
  268.73172 116.0 2
  268.73458899999997 212.0 3
  268.822724 160.0 2
  268.90527299999997 272.0 4
  269.15072599999996 179.820999 2
  269.339813 92.0 1
  269.49319499999996 148.0 2
  269.81506299999995 132.0 2
  270.069794 1388.0 19
  270.17150899999996 7448.0 100
  270.20370499999996 160.0 2
  270.401459 148.0 2
  270.484283 204.0 3
  271.034967 224.0 3
  271.079834 3288.0 44
  271.087433 308.0 4
  271.139496 168.0 2
  271.47738599999997 60.0 1
  271.705475 104.0 1
  272.018585 352.0 5
  272.021027 192.0 3
  272.099091 320.0 4
  272.274658 204.0 3
  272.54486099999997 264.0 4
  273.12780799999996 156.0 2
  273.614899 52.0 1
  273.936066 100.0 1
  274.12066699999997 480.0 6
  274.16110199999997 164.0 2
  274.25649999999996 60.0 1
  274.340332 132.0 2
  274.92965699999996 196.0 3
  275.068024 308.0 4
  275.089539 128.0 2
  275.32440199999996 9.676282 0
  276.14975 280.0 4
  276.497162 180.0 2
  276.796875 152.0 2
  277.331726 164.0 2
  277.61193799999995 236.0 3
  277.739014 228.0 3
  278.259125 96.0 1
  279.009888 160.0 2
  279.03543099999996 140.0 2
  279.046448 64.0 1
  279.10943599999996 180.0 2
  279.14959699999997 192.0 3
  279.237457 152.0 2
  279.34549 100.0 1
  279.41024799999997 23.50959 0
  279.585968 172.0 2
  279.81543 128.0 2
  280.221161 40.0 1
  280.737335 132.0 2
  280.973846 212.0 3
  281.134949 608.0 8
  281.22168 112.0 2
  281.40115399999996 44.0 1
  282.124756 204.0 3
  282.130524 92.0 1
  282.15966799999995 33268.0 449
  282.160706 336.0 5
  282.391235 160.0 2
  282.760223 152.0 2
  283.358948 25.90909 0
  283.66861 168.0 2
  283.91052199999996 200.0 3
  283.966522 880.0 12
  284.11733999999996 352.0 5
  284.296783 140.0 2
  284.544037 216.0 3
  284.5737 156.0 2
  284.59655799999996 128.0 2
  284.82269299999996 160.0 2
  284.98141499999997 128.0 2
  285.001923 172.0 2
  285.01358 124.0 2
  285.354431 84.0 1
  285.52374299999997 140.0 2
  285.672943 116.0 2
  285.925995 72.0 1
  286.267548 148.0 2
  286.282318 124.0 2
  286.65844699999997 76.0 1
  286.738251 116.0 2
  286.878815 104.0 1
  287.11416599999995 92.0 1
  287.6604 336.0 5
  287.791473 132.0 2
  288.024139 29.02825 0
  288.095642 116.0 2
  288.163055 120.0 2
  288.239258 88.0 1
  288.501221 112.0 2
  288.53765899999996 80.0 1
  289.063354 120.0 2
  289.60238599999997 76.0 1
  289.72936999999996 188.0 3
  290.090698 216.0 3
  290.09860199999997 260.0 4
  290.117096 308.0 4
  290.45639 152.0 2
  290.460358 56.0 1
  290.529114 5.650219 0
  290.88861099999997 204.0 3
  290.928955 4.234167 0
  290.94287099999997 192.0 3
  290.950806 108.0 1
  291.131805 112.0 2
  291.319397 160.0 2
  291.91449 176.0 2
  291.95223999999996 116.0 2
  292.038666 128.0 2
  292.19366499999995 116.0 2
//
