ACCESSION: CCMSLIB00000080596
RECORD_TITLE: decoy
DATE: 2015.11.20
AUTHORS: Administrator
LICENSE: CC BY-SA
CH$NAME: decoy
CH$COMPOUND_CLASS: Natural Product
CH$FORMULA: C21H25NO5
CH$EXACT_MASS: 371.17327290000003
CH$SMILES: N/A
CH$IUPAC: decoy
CH$LINK: N/A
AC$INSTRUMENT: decoy
AC$INSTRUMENT_TYPE: decoy
AC$MASS_SPECTROMETRY: MS_TYPE MS2
AC$MASS_SPECTROMETRY: ION_MODE POSITIVE
AC$MASS_SPECTROMETRY: COLLISION_ENERGY 10 V
MS$FOCUSED_ION: PRECURSOR_M/Z 372
MS$FOCUSED_ION: PRECURSOR_TYPE [M+H]+
PK$NUM_PEAK: 1581
PK$PEAK: m/z int. rel.int.
  45.178989 136.0 2
  45.208233 228.0 3
  45.305019 164.0 2
  45.310616 184.0 2
  45.417595 136.0 2
  45.64917 140.0 2
  45.697807000000005 152.0 2
  45.708092 116.0 2
  45.744781 124.0 2
  45.881077000000005 104.0 1
  45.946739 212.0 3
  45.978302 132.0 2
  46.17345 88.0 1
  46.185295 184.0 2
  46.275780000000005 116.0 2
  46.422989 356.0 5
  46.694294 180.0 2
  47.059135000000005 192.0 3
  47.429085 196.0 3
  47.463257 100.0 1
  47.507492 240.0 3
  47.616547000000004 184.0 2
  47.740162 196.0 3
  47.812016 148.0 2
  47.843582000000005 204.0 3
  47.844074 148.0 2
  47.872066000000004 204.0 3
  48.18403 148.0 2
  48.201847 144.0 2
  48.320354 212.0 3
  48.404388000000004 96.0 1
  48.557419 164.0 2
  48.806973 144.0 2
  49.115669000000004 164.0 2
  49.154526000000004 140.0 2
  49.299603000000005 232.0 3
  49.384064 196.0 3
  49.664684 128.0 2
  50.22121 256.0 3
  50.309811 127.0 2
  50.589787 144.0 2
  50.631092 72.0 1
  50.961674 48.0 1
  50.997868000000004 80.0 1
  51.090042000000004 144.0 2
  51.221268 168.0 2
  51.231373000000005 128.0 2
  51.29921 172.0 2
  51.533321 136.0 2
  51.540924000000004 196.0 3
  51.552692 120.0 2
  51.599297 144.0 2
  52.226566 176.0 2
  52.27021 176.0 2
  52.395546 188.0 2
  52.445938 216.0 3
  52.450936 228.0 3
  52.6516 148.0 2
  52.993656 180.0 2
  53.000927000000004 220.0 3
  53.089993 132.0 2
  54.784992 136.0 2
  54.89325 196.0 3
  55.255749 220.0 3
  55.498650000000005 128.0 2
  56.162167000000004 204.0 3
  56.242645 212.0 3
  56.267544 284.0 4
  56.526028000000004 48.0 1
  56.614082 160.0 2
  56.724792 208.0 3
  56.805099 128.0 2
  56.811115 176.0 2
  56.887585 188.0 2
  57.718884 180.0 2
  57.791954000000004 144.0 2
  57.820854000000004 164.0 2
  57.843395 216.0 3
  57.880447000000004 204.0 3
  57.960087 164.0 2
  57.960133 56.0 1
  57.982697 204.0 3
  58.281780000000005 188.0 2
  58.349915 140.0 2
  58.512104 124.0 2
  58.555351 160.0 2
  58.751579 248.0 3
  59.211037000000005 128.0 2
  59.358376 96.0 1
  59.752907 152.0 2
  59.798843 140.0 2
  59.924309 148.0 2
  60.011703000000004 200.0 3
  60.061707 128.0 2
  60.134190000000004 120.0 2
  60.159092 136.0 2
  60.193295 204.0 3
  60.21661 124.0 2
  60.526295000000005 164.0 2
  60.623383000000004 224.0 3
  60.682781 152.0 2
  61.153625 192.0 3
  61.179569 164.0 2
  62.05344 164.0 2
  62.063278000000004 144.0 2
  62.084785000000004 128.0 2
  62.263466 176.0 2
  62.268044 116.0 2
  62.402184 160.0 2
  62.656097 84.0 1
  62.987507 152.0 2
  63.129383000000004 180.0 2
  63.272072 152.0 2
  63.286572 132.0 2
  63.395081000000005 188.0 2
  63.666397 180.0 2
  63.964096000000005 112.0 1
  64.05175 40.0 1
  64.096802 192.0 3
  64.310455 176.0 2
  64.326309 104.0 1
  64.690018 172.0 2
  65.124496 148.0 2
  65.24943499999999 180.0 2
  65.391075 152.0 2
  65.627037 224.0 3
  65.691414 196.0 3
  65.82605699999999 200.0 3
  65.86344899999999 304.0 4
  66.115082 240.0 3
  66.23468799999999 180.0 2
  66.268654 132.0 2
  66.30281799999999 120.0 2
  66.598022 200.0 3
  66.609764 204.0 3
  66.86865999999999 228.0 3
  66.964356 168.0 2
  67.173851 200.0 3
  67.241661 128.0 2
  67.290855 164.0 2
  67.321243 304.0 4
  67.434326 128.0 2
  67.57835399999999 184.0 2
  68.00395999999999 172.0 2
  68.43824799999999 180.0 2
  68.65940099999999 236.0 3
  69.19017 200.0 3
  69.19326799999999 176.0 2
  69.24338499999999 224.0 3
  69.91510799999999 132.0 2
  70.01088 196.0 3
  70.03263899999999 144.0 2
  70.18669899999999 196.0 3
  70.777237 204.0 3
  71.19371799999999 340.0 5
  71.27426899999999 152.0 2
  71.499878 192.0 3
  71.582207 268.0 4
  71.794556 164.0 2
  72.03384399999999 176.0 2
  72.08660099999999 192.0 3
  72.49164599999999 232.0 3
  72.716675 176.0 2
  72.873154 140.0 2
  73.10278299999999 184.0 2
  73.74594099999999 128.0 2
  74.312248 160.0 2
  74.34468799999999 180.0 2
  75.276169 220.0 3
  75.29690599999999 196.0 3
  75.37747999999999 168.0 2
  75.494766 168.0 2
  75.525543 176.0 2
  75.597809 140.0 2
  75.59848 140.0 2
  75.69883 148.0 2
  75.737793 112.0 1
  76.20453599999999 188.0 2
  76.36634799999999 180.0 2
  77.15264099999999 292.0 4
  77.200775 92.0 1
  77.23911299999999 156.0 2
  77.629677 180.0 2
  77.70865599999999 72.0 1
  77.772522 152.0 2
  77.97129799999999 228.0 3
  78.094437 120.0 2
  78.48844899999999 40.0 1
  78.721008 100.0 1
  78.730736 184.0 2
  78.747345 196.0 3
  78.814949 176.0 2
  78.840683 44.0 1
  78.87696799999999 132.0 2
  79.075981 164.0 2
  79.269836 176.0 2
  79.339767 184.0 2
  79.46881099999999 180.0 2
  79.52010299999999 172.0 2
  79.532478 224.0 3
  79.582985 176.0 2
  79.625412 236.0 3
  79.79315199999999 160.0 2
  80.212761 324.0 4
  80.24531599999999 244.0 3
  80.362045 228.0 3
  80.667358 124.0 2
  80.702255 212.0 3
  80.709007 156.0 2
  80.738373 144.0 2
  80.917366 140.0 2
  81.073814 84.0 1
  81.25385999999999 168.0 2
  81.27761799999999 252.0 3
  81.295441 48.0 1
  81.39578999999999 192.0 3
  81.442978 212.0 3
  81.66291 204.0 3
  81.700012 208.0 3
  82.03980299999999 104.0 1
  82.144531 116.0 2
  82.82337199999999 180.0 2
  82.92276799999999 84.0 1
  82.92373699999999 208.0 3
  83.08024599999999 176.0 2
  83.114975 168.0 2
  83.37516799999999 180.0 2
  83.57876599999999 172.0 2
  83.75619499999999 268.0 4
  83.87724299999999 108.0 1
  84.077232 180.0 2
  84.30439 268.0 4
  84.37898999999999 104.0 1
  84.484085 320.0 4
  84.960831 180.0 2
  85.122445 160.0 2
  85.195999 196.0 3
  85.48786199999999 200.0 3
  85.646805 144.0 2
  85.733002 148.0 2
  85.801559 188.0 2
  85.84047699999999 56.0 1
  85.867638 168.0 2
  85.86904899999999 76.0 1
  86.05384099999999 180.0 2
  86.250923 128.0 2
  86.508972 176.0 2
  87.225304 304.0 4
  87.296494 220.0 3
  87.56333199999999 148.0 2
  87.822479 148.0 2
  87.82346299999999 128.0 2
  87.852623 132.0 2
  87.880135 132.0 2
  88.079185 200.0 3
  88.124016 204.0 3
  88.55936399999999 188.0 2
  88.64047199999999 184.0 2
  88.76390099999999 200.0 3
  88.76716599999999 176.0 2
  88.768929 144.0 2
  88.875175 224.0 3
  88.98490899999999 184.0 2
  89.385475 248.0 3
  89.424019 248.0 3
  89.43721 220.0 3
  89.470894 144.0 2
  89.51692999999999 136.0 2
  89.71356999999999 240.0 3
  90.047844 76.0 1
  90.226998 112.0 1
  90.25505799999999 160.0 2
  90.26303899999999 128.0 2
  90.299927 132.0 2
  90.44193299999999 176.0 2
  90.566414 212.0 3
  90.675102 160.0 2
  91.19118499999999 148.0 2
  91.219231 140.0 2
  91.598007 172.0 2
  91.626984 148.0 2
  91.881706 104.0 1
  92.02458999999999 124.0 2
  92.05483199999999 100.0 1
  92.06369 188.0 2
  92.096581 364.0 5
  92.208176 120.0 2
  92.435265 156.0 2
  92.544113 208.0 3
  92.850372 160.0 2
  93.779427 236.0 3
  94.12329899999999 96.0 1
  94.323425 52.0 1
  94.348175 84.0 1
  94.66068299999999 196.0 3
  94.73069 132.0 2
  94.906898 172.0 2
  95.051186 60.0 1
  95.057587 160.0 2
  95.18318199999999 64.0 1
  95.19951599999999 152.0 2
  95.28499599999999 176.0 2
  95.34523 124.0 2
  95.38905299999999 308.0 4
  95.498863 164.0 2
  95.62488599999999 156.0 2
  95.87364199999999 192.0 3
  95.960884 232.0 3
  95.99136399999999 168.0 2
  96.17246999999999 160.0 2
  96.36501299999999 228.0 3
  96.376038 576.0 8
  96.694054 32.0 0
  96.763481 200.0 3
  96.79470099999999 236.0 3
  96.84323099999999 204.0 3
  96.84816699999999 120.0 2
  97.01042899999999 176.0 2
  97.02130899999999 208.0 3
  97.114128 200.0 3
  97.15748599999999 156.0 2
  97.16978499999999 184.0 2
  97.208351 156.0 2
  97.462845 132.0 2
  97.483803 176.0 2
  98.24378999999999 156.0 2
  98.336243 204.0 3
  98.465004 208.0 3
  98.50812499999999 136.0 2
  98.530373 268.0 4
  98.92489599999999 100.0 1
  98.925018 152.0 2
  98.931404 112.0 1
  98.986893 204.0 3
  99.065384 172.0 2
  99.138229 172.0 2
  99.265419 172.0 2
  99.321968 152.0 2
  99.35960399999999 196.0 3
  99.373505 164.0 2
  99.756523 120.0 2
  99.77233899999999 112.0 1
  99.79163399999999 232.0 3
  99.840874 144.0 2
  100.047676 208.0 3
  100.145226 172.0 2
  100.18891099999999 156.0 2
  100.700378 200.0 3
  100.75956699999999 88.0 1
  100.76139099999999 260.0 3
  100.85668899999999 240.0 3
  100.98599999999999 156.0 2
  101.085258 192.0 3
  101.134605 152.0 2
  101.46697999999999 236.0 3
  101.63568099999999 224.0 3
  101.651405 144.0 2
  101.68656899999999 148.0 2
  101.883888 228.0 3
  102.024788 108.0 1
  102.049477 424.0 6
  102.076363 48.0 1
  102.09964799999999 60.0 1
  102.34039299999999 164.0 2
  102.36887399999999 172.0 2
  102.60131799999999 212.0 3
  102.622757 164.0 2
  102.67482 52.0 1
  102.824974 104.0 1
  102.88937399999999 164.0 2
  102.929718 176.0 2
  103.00344799999999 184.0 2
  103.03418699999999 140.0 2
  103.133484 152.0 2
  103.137199 160.0 2
  103.161819 156.0 2
  103.20127099999999 200.0 3
  103.291519 156.0 2
  103.777763 144.0 2
  103.885521 220.0 3
  103.89962799999999 112.0 1
  104.00840799999999 152.0 2
  104.147644 52.0 1
  104.18672199999999 128.0 2
  104.196861 124.0 2
  104.20362899999999 144.0 2
  104.257759 184.0 2
  104.49041 80.0 1
  104.60767399999999 132.0 2
  104.67746 132.0 2
  104.897072 132.0 2
  104.98653399999999 176.0 2
  105.000214 116.0 2
  105.02508499999999 44.0 1
  105.29362499999999 200.0 3
  105.31987799999999 168.0 2
  105.40116099999999 160.0 2
  105.509377 180.0 2
  105.65570799999999 412.0 5
  105.715836 144.0 2
  105.81192 156.0 2
  105.84801499999999 1.125 0
  106.03508 72.0 1
  106.06472 412.0 5
  106.066559 120.0 2
  106.073235 596.0 8
  106.09288799999999 148.0 2
  106.41819799999999 276.0 4
  106.46425599999999 80.0 1
  106.59988399999999 148.0 2
  106.759193 176.0 2
  106.870003 184.0 2
  106.920052 152.0 2
  107.036255 660.0 9
  107.14314999999999 152.0 2
  107.165421 196.0 3
  107.38066099999999 152.0 2
  107.41225399999999 148.0 2
  107.426132 184.0 2
  107.474792 160.0 2
  107.49440799999999 176.0 2
  107.738068 148.0 2
  107.91310899999999 168.0 2
  107.92043299999999 156.0 2
  107.95494799999999 140.0 2
  107.969971 96.0 1
  108.039383 216.0 3
  108.047829 240.0 3
  108.04856099999999 180.0 2
  108.14473699999999 208.0 3
  108.33157299999999 96.0 1
  108.36172499999999 168.0 2
  108.51570099999999 128.0 2
  108.558014 168.0 2
  108.669624 188.0 2
  108.952866 108.0 1
  108.992691 104.0 1
  109.06704699999999 192.0 3
  109.279343 168.0 2
  109.42719299999999 124.0 2
  109.43659199999999 224.0 3
  109.44741099999999 256.0 3
  109.84645099999999 44.0 1
  109.890373 180.0 2
  109.92411799999999 228.0 3
  109.94976 152.0 2
  110.05242899999999 160.0 2
  110.109482 160.0 2
  110.10975599999999 44.0 1
  110.289902 152.0 2
  110.318787 72.0 1
  110.336655 64.0 1
  110.363411 184.0 2
  110.52044699999999 112.0 1
  110.577248 256.0 3
  110.66678599999999 232.0 3
  110.741571 180.0 2
  110.74340799999999 120.0 2
  110.747147 180.0 2
  110.76572399999999 188.0 2
  111.009964 56.0 1
  111.01437399999999 104.0 1
  111.039627 204.0 3
  111.101868 152.0 2
  111.231865 192.0 3
  111.29418199999999 14.58027 0
  111.31695599999999 112.0 1
  111.539368 92.0 1
  111.67585 196.0 3
  111.78922999999999 208.0 3
  111.847054 212.0 3
  112.04459399999999 64.0 1
  112.060463 48.0 1
  112.243698 236.0 3
  112.56201899999999 72.0 1
  112.581451 48.0 1
  112.645264 232.0 3
  112.66954799999999 136.0 2
  112.90506699999999 172.0 2
  112.913765 372.0 5
  112.936325 156.0 2
  112.979675 132.0 2
  113.173622 52.0 1
  113.27490999999999 172.0 2
  113.51339 176.0 2
  113.66091899999999 144.0 2
  113.705704 136.0 2
  113.70826 248.0 3
  113.708321 164.0 2
  113.97363999999999 204.0 3
  113.98454299999999 52.0 1
  113.989357 44.0 1
  114.002151 92.0 1
  114.31944299999999 144.0 2
  114.433815 276.0 4
  114.520248 160.0 2
  114.5466 212.0 3
  114.57247199999999 172.0 2
  114.75537899999999 116.0 2
  114.807266 216.0 3
  114.973289 188.0 2
  114.99537699999999 168.0 2
  114.99980199999999 312.0 4
  115.008118 156.0 2
  115.045166 236.0 3
  115.11933099999999 124.0 2
  115.22917199999999 152.0 2
  115.230156 172.0 2
  115.426659 152.0 2
  115.437073 200.0 3
  115.51664699999999 116.0 2
  115.56579599999999 164.0 2
  115.610619 64.0 1
  115.708855 316.0 4
  115.80961599999999 176.0 2
  116.105881 140.0 2
  116.107918 192.0 3
  116.14192999999999 56.0 1
  116.172829 240.0 3
  116.448814 196.0 3
  116.48043799999999 20.36937 0
  116.48709099999999 172.0 2
  116.67916899999999 156.0 2
  116.75385999999999 112.0 1
  116.869728 72.0 1
  116.912239 124.0 2
  117.052132 164.0 2
  117.055374 208.0 3
  117.06884799999999 436.0 6
  117.12186399999999 236.0 3
  117.19992099999999 156.0 2
  117.33313 184.0 2
  117.359505 80.0 1
  117.40132899999999 80.0 1
  117.417633 2.568056 0
  117.848991 188.0 2
  117.882347 168.0 2
  118.066856 380.0 5
  118.21124999999999 184.0 2
  118.27364299999999 76.0 1
  118.321518 152.0 2
  118.415115 21.5641 0
  118.563324 96.0 1
  118.59413099999999 128.0 2
  118.651321 224.0 3
  118.683022 152.0 2
  118.788033 140.0 2
  119.089615 156.0 2
  119.175652 116.0 2
  119.190231 144.0 2
  119.221115 164.0 2
  119.339073 120.0 2
  119.435257 168.0 2
  119.49048599999999 224.0 3
  119.993111 140.0 2
  120.057198 152.0 2
  120.09107999999999 224.0 3
  120.300156 156.0 2
  120.33577 236.0 3
  120.525932 160.0 2
  120.636101 120.0 2
  120.699913 116.0 2
  120.75579099999999 212.0 3
  120.888138 148.0 2
  120.914604 48.0 1
  120.946815 144.0 2
  121.02791599999999 2044.0 27
  121.132454 152.0 2
  121.180656 148.0 2
  121.395905 100.0 1
  121.68276999999999 308.0 4
  121.706108 148.0 2
  122.00894199999999 200.0 3
  122.163956 108.0 1
  122.397415 204.0 3
  122.456863 372.0 5
  122.637947 212.0 3
  122.81205 144.0 2
  122.813324 168.0 2
  123.02961699999999 60.0 1
  123.126801 220.0 3
  123.532608 220.0 3
  123.602875 64.0 1
  123.61263299999999 152.0 2
  123.73803699999999 184.0 2
  124.11189999999999 100.0 1
  124.25936899999999 144.0 2
  124.288551 76.0 1
  124.32929999999999 204.0 3
  124.32940699999999 160.0 2
  124.49292 164.0 2
  124.49597899999999 132.0 2
  124.52029399999999 208.0 3
  124.54828599999999 136.0 2
  124.558403 180.0 2
  124.628868 176.0 2
  124.792374 44.0 1
  124.83326 176.0 2
  125.09889199999999 280.0 4
  125.10125 276.0 4
  125.259529 156.0 2
  125.308487 232.0 3
  125.33725 236.0 3
  125.467941 168.0 2
  125.469269 172.0 2
  125.49852 148.0 2
  125.68444099999999 104.0 1
  125.896957 124.0 2
  126.095467 176.0 2
  126.121376 496.0 7
  126.236671 148.0 2
  126.243477 128.0 2
  126.302208 152.0 2
  126.398247 188.0 2
  126.41377299999999 108.0 1
  126.501938 208.0 3
  126.70124799999999 168.0 2
  126.98326899999999 232.0 3
  127.052505 136.0 2
  127.056686 192.0 3
  127.27995299999999 124.0 2
  127.33470899999999 256.0 3
  127.478882 196.0 3
  127.60136399999999 176.0 2
  127.647369 156.0 2
  127.979469 180.0 2
  127.993752 136.0 2
  128.060806 1512.0 20
  128.06572 396.0 5
  128.09591700000001 56.0 1
  128.098846 144.0 2
  128.190735 44.0 1
  128.297501 356.0 5
  128.485809 200.0 3
  128.58226 140.0 2
  128.64875800000002 244.0 3
  128.834335 148.0 2
  128.86244200000002 220.0 3
  128.864746 196.0 3
  129.041382 160.0 2
  129.070526 1368.0 18
  129.11525 152.0 2
  129.13879400000002 68.0 1
  129.185333 60.0 1
  129.203735 252.0 3
  129.22636400000002 160.0 2
  129.485916 144.0 2
  129.547989 172.0 2
  129.591034 10.45686 0
  129.682999 44.0 1
  129.728317 168.0 2
  129.762436 220.0 3
  129.7724 152.0 2
  129.939514 232.0 3
  129.985046 328.0 4
  130.01774600000002 232.0 3
  130.062408 1060.0 14
  130.06546 23180.0 308
  130.06831400000002 736.0 10
  130.07084700000001 348.0 5
  130.190231 156.0 2
  130.291946 144.0 2
  130.397659 52.0 1
  130.922989 44.0 1
  131.024765 164.0 2
  131.05101000000002 52.0 1
  131.10668900000002 112.0 1
  131.181351 100.583298 1
  131.72383100000002 156.0 2
  131.772964 64.0 1
  132.07960500000002 1884.0 25
  132.101013 188.0 2
  132.161575 196.0 3
  132.187378 128.0 2
  132.246674 224.0 3
  132.577682 152.0 2
  132.89561500000002 216.0 3
  133.062195 232.0 3
  133.161423 140.0 2
  133.19987500000002 60.0 1
  133.221069 56.0 1
  133.296829 5.273809 0
  133.525223 168.0 2
  133.71443200000002 240.0 3
  133.768967 116.0 2
  133.84153700000002 168.0 2
  133.883484 252.0 3
  134.09715300000002 412.0 5
  134.23602300000002 76.0 1
  134.26004 224.0 3
  134.317947 160.0 2
  134.48100300000002 180.0 2
  134.49675000000002 136.0 2
  134.63690200000002 192.0 3
  134.830994 244.0 3
  135.10011300000002 888.0 12
  135.17923000000002 160.0 2
  135.291855 88.0 1
  135.296921 172.0 2
  135.526611 84.0 1
  135.77562 180.0 2
  135.80439800000002 192.0 3
  135.891769 200.0 3
  135.999664 152.0 2
  136.08209200000002 116.0 2
  136.234543 144.0 2
  136.316605 192.0 3
  136.628174 168.0 2
  136.66935700000002 68.0 1
  136.673965 348.0 5
  137.108078 88.0 1
  137.118942 188.0 2
  137.15934800000002 208.0 3
  137.21614100000002 68.0 1
  137.23924300000002 412.0 5
  137.257935 108.0 1
  137.287766 96.0 1
  137.465515 128.0 2
  137.531723 116.0 2
  137.953674 100.0 1
  137.964844 152.0 2
  138.32637 164.0 2
  138.676819 148.0 2
  138.768829 48.0 1
  138.898422 120.0 2
  139.012497 140.0 2
  139.041122 272.0 4
  139.04362500000002 212.0 3
  139.32508900000002 136.0 2
  139.62716700000001 308.0 4
  139.64563 248.0 3
  139.674927 92.0 1
  139.796478 168.0 2
  139.79689000000002 280.0 4
  140.059372 176.0 2
  140.075974 160.0 2
  140.439392 164.0 2
  140.616592 176.0 2
  141.022491 144.0 2
  141.21760600000002 76.0 1
  141.421555 212.0 3
  141.62089500000002 132.0 2
  141.705795 236.0 3
  141.75903300000002 204.0 3
  141.813049 172.0 2
  141.875519 100.0 1
  142.038101 220.0 3
  142.075195 220.0 3
  142.08221400000002 104.0 1
  142.106827 144.0 2
  142.115204 236.0 3
  142.127899 124.0 2
  142.189911 200.0 3
  142.27714500000002 184.0 2
  142.68154900000002 112.0 1
  142.688065 100.0 1
  142.723724 112.0 1
  142.962814 152.0 2
  143.085938 3572.0 47
  143.325974 148.0 2
  143.386414 56.0 1
  143.397751 168.0 2
  143.409561 172.0 2
  143.489868 208.0 3
  144.054382 712.0 9
  144.07960500000002 12588.0 167
  144.37406900000002 100.0 1
  144.573349 252.0 3
  144.582855 168.0 2
  144.699265 168.0 2
  145.118371 416.0 6
  145.37200900000002 68.0 1
  145.381256 168.0 2
  145.434219 148.0 2
  145.566315 120.0 2
  145.69104000000002 28.0 0
  145.82534800000002 152.0 2
  146.097351 132.703003 2
  146.103195 156.0 2
  146.112274 100.0 1
  146.116669 212.0 3
  146.15947 160.0 2
  146.22702 156.0 2
  146.261368 68.0 1
  146.276993 72.0 1
  146.280548 132.0 2
  146.284683 92.0 1
  146.38829 152.0 2
  146.417877 144.0 2
  146.57328800000002 140.0 2
  146.713089 80.0 1
  146.71412700000002 148.0 2
  146.794174 96.0 1
  146.966217 200.0 3
  147.00216700000001 96.0 1
  147.06753500000002 136.0 2
  147.156799 136.0 2
  147.24876400000002 160.0 2
  147.268921 204.0 3
  147.37574800000002 160.0 2
  147.428741 232.0 3
  147.53765900000002 144.0 2
  147.539093 200.0 3
  147.63089000000002 108.0 1
  147.75967400000002 212.0 3
  147.80687 144.0 2
  147.84942600000002 80.0 1
  147.951706 104.0 1
  148.297562 64.0 1
  148.316437 120.0 2
  148.450806 52.0 1
  148.683731 48.0 1
  148.70936600000002 72.0 1
  148.918594 148.0 2
  149.117004 364.0 5
  149.13237 11.88194 0
  149.132462 144.0 2
  149.318924 91.079613 1
  149.444199 124.0 2
  149.515274 284.0 4
  149.561966 208.0 3
  149.788452 140.0 2
  149.812973 128.0 2
  149.81843600000002 192.0 3
  149.860001 212.0 3
  150.07286100000002 472.0 6
  150.07598900000002 192.0 3
  150.105728 140.0 2
  150.170761 136.0 2
  150.25370800000002 46.741261 1
  150.29710400000002 44.0 1
  150.358261 132.0 2
  150.937668 244.0 3
  151.11415100000002 148.0 2
  151.13230900000002 108.0 1
  151.21463 172.0 2
  151.308517 176.0 2
  151.402161 136.0 2
  151.857819 124.0 2
  151.867538 136.0 2
  151.985947 108.0 1
  152.097519 384.0 5
  152.09985400000002 160.0 2
  152.133408 44.0 1
  152.247925 160.0 2
  152.253372 40.0 1
  152.726562 120.0 2
  152.92082200000002 180.0 2
  152.961441 184.0 2
  153.05941800000002 152.0 2
  153.177841 80.0 1
  153.205521 76.0 1
  153.27371200000002 164.0 2
  153.3069 212.0 3
  153.376099 7.333333 0
  153.562073 188.0 2
  153.659729 152.0 2
  153.75309800000002 148.0 2
  153.927246 84.0 1
  154.07501200000002 792.0 11
  154.11154200000001 52.0 1
  154.153717 152.0 2
  154.18730200000002 15.66722 0
  154.358032 136.0 2
  154.807724 184.0 2
  154.973038 180.0 2
  155.06890900000002 220.0 3
  155.083435 660.0 9
  155.240372 60.0 1
  155.501587 200.0 3
  155.56424 148.0 2
  155.81410200000002 184.0 2
  155.927353 176.0 2
  156.03981000000002 216.0 3
  156.147522 132.0 2
  156.18344100000002 144.0 2
  156.30685400000002 5.0375 0
  156.311722 228.0 3
  156.380493 148.0 2
  157.028625 192.0 3
  157.03758200000001 204.0 3
  157.23848 48.0 1
  157.286911 156.0 2
  157.58992 104.0 1
  157.741486 96.0 1
  157.79144300000002 17.05345 0
  157.87406900000002 212.0 3
  157.907532 136.0 2
  157.959381 152.0 2
  157.975433 148.0 2
  158.045029 2248.0 30
  158.055099 140.0 2
  158.078812 128.0 2
  158.100525 315.338898 4
  158.227036 160.0 2
  158.266464 180.0 2
  158.416718 152.0 2
  158.436752 180.0 2
  158.49362200000002 128.0 2
  158.52623 184.0 2
  158.533691 124.0 2
  158.913681 108.0 1
  159.017715 148.0 2
  159.17532300000002 60.0 1
  159.246216 156.0 2
  159.275787 160.0 2
  159.283432 124.0 2
  159.31256100000002 136.0 2
  159.36994900000002 100.0 1
  159.567078 116.0 2
  159.984116 188.0 2
  160.08813500000002 196.0 3
  160.090515 108.0 1
  160.24627700000002 232.0 3
  160.256058 104.0 1
  160.321884 348.0 5
  160.52404800000002 184.0 2
  160.79603600000002 64.0 1
  160.88900800000002 11.66912 0
  160.99704 264.0 4
  161.05920400000002 2304.0 31
  161.060425 196.980499 3
  161.079071 156.0 2
  161.13874800000002 160.0 2
  161.263641 148.0 2
  161.267303 160.0 2
  161.297028 140.0 2
  161.299957 144.0 2
  161.518845 132.0 2
  162.424454 13.68254 0
  162.66815200000002 17.27412 0
  162.773041 200.0 3
  162.840271 116.0 2
  163.10195900000002 1392.0 19
  163.14840700000002 128.0 2
  163.385132 180.0 2
  163.418945 164.0 2
  163.62561 384.0 5
  163.92472800000002 256.0 3
  164.068588 208.0 3
  164.320465 180.0 2
  164.33642600000002 6.802273 0
  164.569931 212.0 3
  164.66159100000002 176.0 2
  164.69606000000002 180.0 2
  164.760971 304.0 4
  164.84809900000002 40.0 1
  165.079056 192.0 3
  165.18481400000002 132.0 2
  165.44455000000002 172.0 2
  165.59350600000002 216.0 3
  165.671478 124.0 2
  166.07672100000002 580.0 8
  166.612061 200.0 3
  166.621613 156.0 2
  166.754257 108.0 1
  166.764465 88.0 1
  167.070389 264.0 4
  167.144043 36.0 0
  167.15802000000002 192.0 3
  167.272736 168.0 2
  167.31980900000002 84.0 1
  167.513947 164.0 2
  167.57899500000002 208.0 3
  167.77916000000002 120.0 2
  167.82719400000002 172.0 2
  167.976242 188.0 2
  168.058624 164.0 2
  168.064117 184.0 2
  168.30577100000002 60.0 1
  168.339035 140.0 2
  168.37901300000001 148.0 2
  168.53749100000002 124.0 2
  168.578323 252.0 3
  168.612 52.0 1
  168.900284 272.0 4
  169.916626 156.0 2
  170.024323 300.0 4
  170.075836 296.0 4
  170.21469100000002 88.0 1
  170.59809900000002 132.0 2
  170.626419 120.0 2
  170.985016 84.0 1
  171.006302 112.0 1
  171.050125 232.0 3
  171.31601 196.0 3
  171.505798 188.0 2
  171.63905300000002 144.0 2
  171.639297 36.0 0
  171.658127 184.0 2
  171.942459 228.0 3
  172.008057 240.0 3
  172.26452600000002 124.0 2
  172.377396 52.0 1
  172.68133500000002 96.0 1
  172.769745 180.0 2
  172.798798 37.884121 1
  172.858261 148.0 2
  173.007767 172.0 2
  173.096878 1584.0 21
  173.190231 52.0 1
  173.611313 236.0 3
  173.848862 180.0 2
  174.110519 124.0 2
  174.47717300000002 72.0 1
  174.921814 120.0 2
  175.01641800000002 140.0 2
  175.149384 2.884615 0
  175.151398 160.0 2
  175.39686600000002 96.0 1
  175.435852 108.0 1
  175.458557 236.0 3
  176.01580800000002 148.0 2
  176.046356 7568.0 101
  176.358032 212.0 3
  176.488541 72.0 1
  176.67775 216.0 3
  176.695007 44.0 1
  176.955276 7.815 0
  177.010239 104.0 1
  177.02652 204.0 3
  177.17399600000002 172.0 2
  177.317093 164.0 2
  177.427414 168.0 2
  177.725143 120.0 2
  177.760498 164.0 2
  177.85058600000002 180.0 2
  178.13751200000002 140.0 2
  178.224594 200.0 3
  178.75820900000002 132.0 2
  178.863953 336.0 4
  179.39437900000001 152.0 2
  179.479248 148.0 2
  179.733902 48.0 1
  179.77482600000002 48.0 1
  180.274246 72.0 1
  180.316345 36.0 0
  181.001022 216.0 3
  181.099792 260.0 3
  181.28860500000002 164.0 2
  181.842331 220.0 3
  182.02130100000002 160.0 2
  182.07342500000001 572.0 8
  182.225189 472.0 6
  182.678986 180.0 2
  183.072586 188.0 2
  183.78289800000002 144.0 2
  184.008362 152.0 2
  184.070679 31.33333 0
  184.097641 180.0 2
  184.24438500000002 228.0 3
  184.285461 104.0 1
  184.68768300000002 172.0 2
  184.82702600000002 204.0 3
  184.90008500000002 128.0 2
  184.969803 204.0 3
  185.059875 13060.0 174
  185.083832 116.0 2
  185.35832200000002 168.0 2
  185.476822 240.0 3
  185.478516 288.0 4
  186.01860000000002 192.0 3
  186.025803 116.0 2
  186.33557100000002 2.454966 0
  186.543137 200.0 3
  186.71292100000002 220.0 3
  186.732742 192.0 3
  186.740204 116.0 2
  186.99520900000002 92.0 1
  187.10936 152.0 2
  187.161133 120.0 2
  187.471802 100.0 1
  188.085541 652.0 9
  188.344635 44.0 1
  188.465866 112.0 1
  188.628555 48.0 1
  188.670486 196.0 3
  189.102081 7924.0 105
  189.255966 160.0 2
  190.126114 188.0 2
  190.537338 328.0 4
  190.673416 56.0 1
  191.08604400000002 380.0 5
  191.09877 332.0 4
  191.142288 1144.0 15
  191.33041400000002 236.0 3
  191.399643 36.0 0
  191.847137 76.0 1
  192.062057 36.0 0
  192.14485200000001 172.0 2
  192.303665 64.0 1
  192.825623 148.0 2
  193.00709500000002 148.0 2
  193.04199200000002 244.0 3
  193.101685 784.0 10
  193.197052 92.0 1
  193.25224300000002 160.0 2
  193.601456 64.0 1
  193.701309 120.0 2
  193.879623 260.0 3
  193.964401 116.0 2
  194.06874100000002 176.0 2
  194.425873 144.0 2
  194.526382 204.0 3
  194.636078 116.0 2
  194.721313 140.0 2
  195.032028 152.0 2
  195.108383 84.0 1
  195.32312000000002 140.0 2
  195.388077 324.0 4
  195.609024 216.0 3
  196.580826 164.0 2
  196.586197 140.0 2
  196.66983000000002 180.0 2
  196.81758100000002 108.0 1
  197.093399 268.0 4
  197.419754 264.0 4
  197.674194 72.0 1
  197.89128100000002 124.0 2
  197.93718 48.0 1
  198.080704 264.0 4
  198.33586100000002 144.0 2
  198.38942 21.67724 0
  198.64144900000002 204.0 3
  198.87927200000001 172.0 2
  199.10881 160.0 2
  199.111389 1520.0 20
  199.17089800000002 156.0 2
  199.31366 132.0 2
  199.485001 236.0 3
  199.672653 40.0 1
  199.88583400000002 120.0 2
  199.958618 72.0 1
  200.636505 44.0 1
  200.702789 132.0 2
  200.707184 164.0 2
  200.72859200000002 164.0 2
  200.865463 188.0 2
  201.159683 2.354167 0
  201.17746 108.0 1
  201.258331 36.0 0
  201.331604 212.0 3
  201.399796 180.0 2
  201.566925 1488.0 20
  201.658081 128.0 2
  202.08268700000002 232.0 3
  202.218262 76.0 1
  202.22842400000002 112.0 1
  202.631958 212.0 3
  202.64437900000001 132.0 2
  202.815842 148.0 2
  203.14094500000002 160.0 2
  203.388916 72.0 1
  203.43167100000002 144.0 2
  203.584656 104.0 1
  203.78903200000002 80.0 1
  203.79357900000002 188.0 2
  203.83891300000002 76.0 1
  204.13012700000002 120.0 2
  204.193619 192.0 3
  204.42849700000002 96.0 1
  204.536652 52.0 1
  204.66699200000002 136.0 2
  204.71550000000002 264.0 4
  204.78178400000002 180.0 2
  205.005051 140.0 2
  205.53566 56.0 1
  205.711014 208.0 3
  206.354828 120.0 2
  206.859406 132.0 2
  207.49121100000002 164.0 2
  207.841431 148.0 2
  208.075958 1464.0 19
  208.341599 112.0 1
  208.44537400000002 140.0 2
  208.63304100000002 124.0 2
  208.642044 176.0 2
  208.935089 70.446098 1
  208.996307 132.0 2
  209.402435 136.0 2
  210.315887 40.0 1
  210.546082 172.0 2
  210.71492 24.14036 0
  210.740082 200.0 3
  210.75103800000002 6.449253 0
  210.975403 124.0 2
  211.06633000000002 188.0 2
  211.350616 40.0 1
  211.65329 168.0 2
  212.126282 88.0 1
  212.56436200000002 204.0 3
  213.648209 64.0 1
  214.260986 184.0 2
  214.357468 36.0 0
  214.603973 96.0 1
  214.712738 8.410256 0
  214.957596 80.0 1
  215.107666 304.0 4
  215.582672 180.0 2
  215.72084 160.0 2
  215.860107 80.0 1
  215.891174 4.09375 0
  216.004745 180.0 2
  216.042877 124.0 2
  216.11412 872.0 12
  216.16699200000002 224.0 3
  216.38261400000002 148.0 2
  216.73722800000002 76.0 1
  217.073792 19.019609 0
  217.113663 140.0 2
  217.13592500000001 152.0 2
  217.171616 148.0 2
  217.67047100000002 320.0 4
  217.682343 128.0 2
  218.030518 100.0 1
  218.056 820.0 11
  218.16156 172.0 2
  218.859329 72.0 1
  219.266998 148.0 2
  219.476685 52.0 1
  219.99662800000002 356.0 5
  220.596786 192.0 3
  221.119843 40.0 1
  221.83401500000002 128.0 2
  222.09082 500.0 7
  222.11140400000002 180.0 2
  222.446121 56.0 1
  222.834183 96.0 1
  222.979294 56.0 1
  223.07788100000002 148.0 2
  223.079193 500.0 7
  223.139923 192.0 3
  223.340302 252.0 3
  223.414139 136.0 2
  223.458313 76.0 1
  223.82243300000002 92.0 1
  224.113785 200.0 3
  224.144394 128.0 2
  224.39769 152.0 2
  224.461411 96.0 1
  224.774536 104.0 1
  224.951172 184.0 2
  225.05882300000002 231.141998 3
  225.123749 160.0 2
  225.385864 196.0 3
  225.44291700000002 132.0 2
  225.838333 236.0 3
  225.86972 56.0 1
  226.05775500000001 168.0 2
  226.139618 308.0 4
  226.261627 76.0 1
  226.802963 80.0 1
  226.87442000000001 128.0 2
  226.885605 48.0 1
  226.99556 164.0 2
  227.00119 10.26087 0
  227.490585 160.0 2
  227.911209 160.0 2
  228.52121 92.0 1
  228.902817 92.0 1
  229.398788 252.0 3
  230.675995 36.0 0
  230.957382 160.0 2
  231.602188 132.0 2
  232.364258 128.0 2
  232.695526 17.075001 0
  232.827255 128.0 2
  233.074554 5744.0 76
  233.08505200000002 1484.0 20
  233.09776300000001 552.0 7
  233.396667 160.0 2
  233.41655 140.0 2
  233.51178000000002 36.0 0
  233.741028 60.0 1
  233.883453 148.0 2
  234.312759 180.0 2
  234.328003 156.0 2
  234.63179 160.0 2
  235.006317 76.0 1
  235.073822 580.0 8
  235.337524 212.0 3
  236.10775800000002 148.0 2
  236.492569 104.0 1
  236.79821800000002 204.0 3
  236.948151 216.0 3
  237.04911800000002 336.0 4
  237.13140900000002 460.0 6
  237.13545200000002 4888.0 65
  237.19686900000002 128.0 2
  237.741135 140.0 2
  237.85170000000002 104.0 1
  238.09454300000002 164.0 2
  238.496048 40.0 1
  238.842316 136.0 2
  238.851181 128.0 2
  239.276489 44.0 1
  239.422592 60.0 1
  239.48275800000002 112.0 1
  239.60614 144.0 2
  239.795059 140.0 2
  239.998779 132.0 2
  240.066132 22012.0 293
  240.210159 208.0 3
  240.257767 80.0 1
  241.204117 92.0 1
  241.21206700000002 200.0 3
  241.83926400000001 572.0 8
  242.189331 188.0 2
  242.39357 32.0 0
  242.922684 5.113426 0
  243.09367400000002 1700.0 23
  243.401566 92.0 1
  243.506531 216.0 3
  243.565155 120.0 2
  243.661407 172.0 2
  243.77681 112.0 1
  244.20430000000002 64.0 1
  244.29878200000002 128.0 2
  244.448822 188.0 2
  244.491287 92.0 1
  244.49563600000002 148.0 2
  244.630264 136.0 2
  244.777817 180.0 2
  244.96575900000002 160.0 2
  245.04852300000002 92.0 1
  245.177078 164.0 2
  245.177444 156.0 2
  245.27951000000002 72.0 1
  245.425598 200.0 3
  246.100876 105.006897 1
  246.712662 96.0 1
  247.57878100000002 156.0 2
  247.66394 160.0 2
  247.76710500000002 280.0 4
  247.96803300000002 76.0 1
  248.025543 100.0 1
  248.09303300000002 96.0 1
  248.157227 184.0 2
  248.264191 68.0 1
  248.779221 148.0 2
  248.82453900000002 9.698232 0
  249.85574300000002 172.0 2
  249.898117 7.564637 0
  249.942764 160.0 2
  249.952911 340.0 5
  250.147141 160.0 2
  250.224152 44.0 1
  250.58389300000002 160.0 2
  250.65789800000002 176.0 2
  250.678299 228.0 3
  250.875092 72.0 1
  251.61045800000002 216.0 3
  251.894211 196.0 3
  252.19075 180.0 2
  252.59239200000002 140.0 2
  252.611893 124.0 2
  252.88188200000002 168.0 2
  252.986557 148.0 2
  253.29541 176.0 2
  253.74704 52.0 1
  254.664026 128.0 2
  254.745651 112.0 1
  254.828888 88.0 1
  254.857254 112.0 1
  255.07406600000002 136.0 2
  255.09591700000001 180.0 2
  255.11377000000002 75140.0 999
  255.31727600000002 64.0 1
  256.162506 172.0 2
  256.323944 48.0 1
  256.541992 92.0 1
  256.856079 128.0 2
  256.858582 152.0 2
  257.372345 92.0 1
  257.724365 76.0 1
  258.79547099999996 188.0 2
  259.069726 192.0 3
  259.416321 136.0 2
  259.603271 144.0 2
  259.668427 36.0 0
  259.894745 100.0 1
  260.180634 204.0 3
  260.58856199999997 172.0 2
  260.79934699999995 116.0 2
  261.254639 216.0 3
  262.184784 168.0 2
  262.417572 176.0 2
  262.68465499999996 224.0 3
  263.291077 156.0 2
  263.527161 76.0 1
  263.92544599999997 76.0 1
  264.261505 132.0 2
  264.30838 40.0 1
  264.39755199999996 116.0 2
  264.40948499999996 188.0 2
  264.765045 152.0 2
  264.784943 48.0 1
  265.159424 124.0 2
  267.46237199999996 160.0 2
  267.63458299999996 104.0 1
  267.736633 44.0 1
  267.899719 152.0 2
  267.930054 168.0 2
  268.12661699999995 236.0 3
  270.03045699999996 4100.0 55
  270.04367099999996 108.0 1
  270.371765 35.413219 0
  270.496918 56.166599 1
  270.70507799999996 180.0 2
  271.13098099999996 156.0 2
  271.187592 52.0 1
  272.032043 132.0 2
  273.014069 48.0 1
  274.891418 156.0 2
  275.17688 248.0 3
  276.270691 128.0 2
  276.79486099999997 200.0 3
  277.03353899999996 124.0 2
  277.125946 208.0 3
  277.79702799999995 208.0 3
  278.20462 148.0 2
  278.26815799999997 48.0 1
  278.781799 400.0 5
  279.151367 116.0 2
  279.186218 128.0 2
  279.832367 64.0 1
  280.175812 64.0 1
  280.93399 128.0 2
  281.850098 156.0 2
  282.108856 172.0 2
  282.27719099999996 124.0 2
  282.569916 232.0 3
  283.060303 1756.0 23
  283.19091799999995 144.0 2
  283.285919 144.0 2
  283.92288199999996 252.0 3
  284.13854999999995 220.0 3
  284.14086899999995 448.0 6
  285.48098799999997 100.0 1
  285.69924899999995 53.410721 1
  285.786255 176.0 2
  286.098633 144.0 2
  286.14651499999997 52.0 1
  286.725647 76.0 1
  287.139435 360.0 5
  287.223565 132.0 2
  288.267517 68.0 1
  288.616242 128.0 2
  288.84887699999996 160.0 2
  289.37567099999995 44.0 1
  289.444122 2.408333 0
  289.478149 180.0 2
  290.07217399999996 120.0 2
  290.07577499999996 412.0 5
  290.595337 56.0 1
  290.799561 104.0 1
  291.02322399999997 232.0 3
  291.17089799999997 196.0 3
  291.466187 128.0 2
  292.424896 2.006944 0
  293.067566 124.0 2
  293.497864 104.0 1
  293.912384 64.0 1
  294.082153 120.0 2
  294.739197 204.0 3
  295.102014 132.0 2
  295.801758 280.0 4
  296.18231199999997 40.00238 1
  297.37756299999995 5.1875 0
  298.178131 104.0 1
  298.19101 132.0 2
  298.83847 168.0 2
  299.668396 148.0 2
  300.162384 112.0 1
  300.435303 84.0 1
  300.59432999999996 184.0 2
  300.77065999999996 144.0 2
  301.128906 148.0 2
  301.741852 56.0 1
  302.098083 156.0 2
  302.11084 56.0 1
  302.527771 15.44196 0
  302.648773 220.0 3
  303.21817 204.0 3
  303.25881999999996 88.0 1
  304.880182 140.0 2
  304.958282 108.0 1
  305.095215 92.0 1
  305.286835 124.0 2
  305.857239 156.0 2
  306.79812599999997 188.0 2
  307.57534799999996 84.0 1
  308.032532 156.0 2
  308.638153 128.0 2
  308.84674099999995 116.0 2
  309.211365 112.0 1
  310.158142 120.0 2
  311.168304 38.604321 1
  312.00753799999995 52.0 1
  312.126984 60.0 1
  312.198334 44.0 1
  312.341797 144.0 2
  313.775696 88.0 1
  314.540894 124.0 2
  314.989105 100.0 1
  315.81152299999997 40.0 1
  316.072754 88.0 1
  316.115814 212.0 3
  316.77597 144.0 2
  317.27984599999996 132.0 2
  317.42657499999996 188.0 2
  318.793976 212.0 3
  318.802582 11.09375 0
  318.943787 180.0 2
  319.14541599999995 500.0 7
  320.08196999999996 514.481628 7
  320.234222 176.0 2
  321.562622 96.0 1
  322.061768 116.0 2
  322.210083 156.0 2
  323.03817699999996 256.0 3
  323.22601299999997 156.0 2
  324.379242 148.0 2
  325.231232 172.0 2
  327.16772499999996 140.0 2
  328.057037 840.0 11
  328.161591 308.0 4
  329.02966299999997 168.0 2
  330.75659199999996 132.0 2
  331.580444 200.0 3
  332.83334399999995 2.151691 0
  333.96871899999996 60.0 1
  334.02459699999997 100.0 1
  334.61706499999997 64.0 1
  334.97070299999996 104.0 1
  335.24002099999996 72.0 1
  336.279114 136.589996 2
  337.04864499999996 224.0 3
  338.06365999999997 136.0 2
  338.15408299999996 84.0 1
  338.70962499999996 44.0 1
  340.142853 120.0 2
  340.77648899999997 160.0 2
  341.498962 60.0 1
  342.373138 84.0 1
  342.858643 36.0 0
  342.909637 268.0 4
  343.333099 80.0 1
  343.484039 64.0 1
  344.462219 148.0 2
  345.062531 108.0 1
  345.130005 92.0 1
  346.23458899999997 168.0 2
  346.465759 140.0 2
  348.236877 192.0 3
  348.760559 88.0 1
  348.946106 152.0 2
  349.570404 84.0 1
  352.494415 72.0 1
  353.23291 340.0 5
  353.92468299999996 144.0 2
  354.64590499999997 60.0 1
  355.750977 152.0 2
  356.900269 72.0 1
  357.83935499999995 88.0 1
  357.841339 184.0 2
  358.648285 72.0 1
  359.25152599999996 144.0 2
  360.04608199999996 92.0 1
  360.46786499999996 168.0 2
  361.117218 284.0 4
  362.16293299999995 128.0 2
  363.08666999999997 156.0 2
  364.43273899999997 124.0 2
  367.77230799999995 60.0 1
  367.898804 132.0 2
  368.450592 40.0 1
  370.182892 1332.0 18
  370.299896 152.0 2
  370.36621099999996 56.0 1
  372.183075 22392.0 298
//
