ACCESSION: CCMSLIB00000079558
RECORD_TITLE: decoy
DATE: 2015.11.20
AUTHORS: Administrator
LICENSE: CC BY-SA
CH$NAME: decoy
CH$COMPOUND_CLASS: Natural Product
CH$FORMULA: C25H24ClNO6
CH$EXACT_MASS: 469.12921516800003
CH$SMILES: N/A
CH$IUPAC: decoy
CH$LINK: N/A
AC$INSTRUMENT: decoy
AC$INSTRUMENT_TYPE: decoy
AC$MASS_SPECTROMETRY: MS_TYPE MS2
AC$MASS_SPECTROMETRY: ION_MODE POSITIVE
AC$MASS_SPECTROMETRY: COLLISION_ENERGY 10 V
MS$FOCUSED_ION: PRECURSOR_M/Z 470
MS$FOCUSED_ION: PRECURSOR_TYPE [M+H]+
PK$NUM_PEAK: 1714
PK$PEAK: m/z int. rel.int.
  44.952526 108.0 2
  44.95932 164.0 3
  44.976593 156.0 3
  45.140945 188.0 3
  45.313728000000005 172.0 3
  45.422127 248.0 4
  45.428391000000005 136.0 2
  46.097698 200.0 3
  46.139301 136.0 2
  46.250675 184.0 3
  46.303272 92.0 2
  46.320797 156.0 3
  46.324074 204.0 3
  46.38224 388.0 7
  46.513309 72.0 1
  46.778984 140.0 2
  46.935993 212.0 4
  47.026318 260.0 4
  47.09539 216.0 4
  47.556625000000004 172.0 3
  47.989811 232.0 4
  48.019371 144.0 2
  48.094074 156.0 3
  48.408177 160.0 3
  48.461906 124.0 2
  48.665279 128.0 2
  48.756184000000005 164.0 3
  48.995075 32.0 1
  49.186008 148.0 3
  49.227711 116.0 2
  49.737015 192.0 3
  50.056664000000005 116.0 2
  50.339378 208.0 4
  50.555431 144.0 2
  50.866531 172.0 3
  51.17429 96.0 2
  51.262318 136.0 2
  51.441673 152.0 3
  51.693523 200.0 3
  52.022755000000004 168.0 3
  52.088581000000005 224.0 4
  52.413532000000004 224.0 4
  52.507072 164.0 3
  53.044167 156.0 3
  53.090897 224.0 4
  53.112549 316.0 5
  53.178478 156.0 3
  53.274807 148.0 3
  53.314457000000004 172.0 3
  53.393703 96.0 2
  53.482452 144.0 2
  53.610691 92.0 2
  53.615799 156.0 3
  53.73914 168.0 3
  53.86488 84.0 1
  54.02206 144.0 2
  54.102196 196.0 3
  54.11412 256.0 4
  54.225742000000004 128.0 2
  54.404781 164.0 3
  54.506851000000005 84.0 1
  54.531765 152.0 3
  54.61322 136.0 2
  54.697643 64.0 1
  54.840229 212.0 4
  54.876072 240.0 4
  55.116905 180.0 3
  55.199543 268.0 5
  55.242397000000004 160.0 3
  55.489655 92.0 2
  55.616989000000004 128.0 2
  55.71917 176.0 3
  55.736744 84.0 1
  55.932049 164.0 3
  56.012276 200.0 3
  56.050797 128.0 2
  56.100811 168.0 3
  56.168499000000004 92.0 2
  56.201187000000004 160.0 3
  56.643143 196.0 3
  56.675861000000005 272.0 5
  57.009312 140.0 2
  57.084675000000004 168.0 3
  57.393009 136.0 2
  57.513832 196.0 3
  57.733185 116.0 2
  57.939857 128.0 2
  57.978226 180.0 3
  58.078625 296.0 5
  58.118347 136.0 2
  58.255707 92.0 2
  58.291229 132.0 2
  58.415897 196.0 3
  58.534363 232.0 4
  58.68483 244.0 4
  58.756699000000005 176.0 3
  58.778183 156.0 3
  58.931469 228.0 4
  59.021755 108.0 2
  59.125286 124.0 2
  59.497269 192.0 3
  59.553482 136.0 2
  59.569065 212.0 4
  59.574348 164.0 3
  59.646370000000005 152.0 3
  59.872871 144.0 2
  59.973991 120.0 2
  60.101032000000004 184.0 3
  60.199142 180.0 3
  60.232063000000004 244.0 4
  60.297985000000004 172.0 3
  60.598694 176.0 3
  60.622154 136.0 2
  60.732063000000004 116.0 2
  60.765465 180.0 3
  60.919735 124.0 2
  61.065445000000004 164.0 3
  61.348461 184.0 3
  61.377468 152.0 3
  61.46944 160.0 3
  61.609344 112.0 2
  61.737858 144.0 2
  61.943771 136.0 2
  61.999687 172.0 3
  62.043766 224.0 4
  62.18108 284.0 5
  62.307079 76.0 1
  62.563648 180.0 3
  62.595291 80.0 1
  62.620846 104.0 2
  62.657906000000004 48.0 1
  62.663452 160.0 3
  62.903362 296.0 5
  63.127438000000005 156.0 3
  63.184143 192.0 3
  63.25948 220.0 4
  63.582493 260.0 4
  63.740982 168.0 3
  63.791958 136.0 2
  63.826111000000004 180.0 3
  63.878357 200.0 3
  64.05085799999999 192.0 3
  64.124023 196.0 3
  64.216034 208.0 4
  64.222855 160.0 3
  64.294426 144.0 2
  64.351501 92.0 2
  64.71312 196.0 3
  64.838837 244.0 4
  64.866745 136.0 2
  65.08307599999999 200.0 3
  65.140091 368.0 6
  65.18880499999999 112.0 2
  65.560013 108.0 2
  65.64924599999999 160.0 3
  65.978546 180.0 3
  66.200775 116.0 2
  66.317009 504.0 9
  66.847382 172.0 3
  66.956413 100.0 2
  67.32283799999999 72.0 1
  67.510132 308.0 5
  67.512772 116.0 2
  67.5243 184.0 3
  67.63261399999999 188.0 3
  67.90631099999999 84.0 1
  68.096054 140.0 2
  68.37181199999999 176.0 3
  68.43281599999999 204.0 3
  68.50398999999999 176.0 3
  68.69901999999999 56.0 1
  69.117943 204.0 3
  69.196556 228.0 4
  69.315849 196.0 3
  69.78817699999999 168.0 3
  69.846367 192.0 3
  69.907776 40.0 1
  70.100923 112.0 2
  70.195709 204.0 3
  70.21092999999999 180.0 3
  70.37303899999999 156.0 3
  70.51761599999999 184.0 3
  70.609589 184.0 3
  71.03546899999999 176.0 3
  71.088341 216.0 4
  71.405045 220.0 4
  71.94828799999999 148.0 3
  72.004936 176.0 3
  72.056152 120.0 2
  72.48460399999999 240.0 4
  72.670761 192.0 3
  72.80248999999999 168.0 3
  72.922012 172.0 3
  73.117401 136.0 2
  73.19899699999999 124.0 2
  73.252579 260.0 4
  73.337418 32.0 1
  73.68804899999999 32.0 1
  73.729462 204.0 3
  73.775177 188.0 3
  73.81498699999999 200.0 3
  74.140823 160.0 3
  74.310486 164.0 3
  74.511124 168.0 3
  74.97522699999999 224.0 4
  75.10127999999999 156.0 3
  75.275955 188.0 3
  75.686737 188.0 3
  75.75415799999999 196.0 3
  75.80081899999999 96.0 2
  75.861252 176.0 3
  76.169136 156.0 3
  76.243805 152.0 3
  76.308205 176.0 3
  76.362732 208.0 4
  76.578842 184.0 3
  76.794899 160.0 3
  76.81365199999999 140.0 2
  76.958023 188.0 3
  77.007065 192.0 3
  77.138939 108.0 2
  77.22715 168.0 3
  77.30806 164.0 3
  77.327332 100.0 2
  77.352921 148.0 3
  77.377518 176.0 3
  77.417137 156.0 3
  77.52615399999999 180.0 3
  77.766731 200.0 3
  77.783165 80.0 1
  77.784729 168.0 3
  78.041336 168.0 3
  78.201157 172.0 3
  78.27881599999999 236.0 4
  78.307716 100.0 2
  78.513695 64.0 1
  78.580276 144.0 2
  78.61016799999999 20.0 0
  78.669624 168.0 3
  78.70288799999999 140.0 2
  78.89164 128.0 2
  78.92539199999999 132.0 2
  79.14016 160.0 3
  79.439262 136.0 2
  79.60006 164.0 3
  79.65682199999999 136.0 2
  79.70974 132.0 2
  80.03109699999999 216.0 4
  80.032631 176.0 3
  80.36033599999999 40.0 1
  80.472946 172.0 3
  80.757072 284.0 5
  80.862 156.0 3
  81.19358799999999 64.0 1
  81.329285 136.0 2
  81.451302 188.0 3
  81.840401 192.0 3
  81.914818 152.0 3
  82.03228 128.0 2
  82.108543 136.0 2
  82.339012 200.0 3
  82.358505 156.0 3
  82.50006099999999 132.0 2
  82.894165 160.0 3
  82.928574 160.0 3
  83.04383899999999 52.0 1
  83.183151 268.0 5
  83.227531 164.0 3
  83.28746799999999 156.0 3
  83.30036199999999 188.0 3
  83.78197499999999 156.0 3
  83.805786 144.0 2
  84.05354299999999 388.0 7
  84.061554 164.0 3
  84.84466599999999 156.0 3
  85.18191499999999 120.0 2
  85.31854999999999 216.0 4
  85.37464899999999 104.0 2
  85.53347799999999 100.0 2
  85.755371 136.0 2
  86.093353 172.0 3
  86.219414 612.0 10
  86.232513 148.0 3
  86.528801 388.0 7
  86.62093399999999 148.0 3
  86.694244 44.0 1
  87.04499799999999 208.0 4
  87.583244 140.0 2
  87.890266 148.0 3
  87.95710799999999 136.0 2
  88.167091 196.0 3
  88.473732 260.0 4
  88.68047299999999 168.0 3
  89.035339 236.0 4
  89.502022 180.0 3
  89.532265 120.0 2
  89.537155 200.0 3
  89.587509 200.0 3
  89.698242 48.0 1
  89.883202 192.0 3
  89.976845 196.0 3
  90.083458 176.0 3
  90.620995 152.0 3
  90.87915 164.0 3
  91.05084199999999 156.0 3
  91.189301 200.0 3
  91.299942 172.0 3
  91.51396899999999 92.0 2
  91.746696 224.0 4
  91.83745599999999 188.0 3
  91.848053 176.0 3
  91.90748599999999 148.0 3
  91.92600999999999 156.0 3
  92.12690699999999 112.0 2
  92.26683 152.0 3
  92.324677 136.0 2
  92.442589 124.0 2
  92.562462 176.0 3
  92.652695 164.0 3
  92.691299 132.0 2
  92.714005 136.0 2
  92.74182099999999 168.0 3
  92.849846 208.0 4
  93.129494 172.0 3
  93.638458 108.0 2
  93.80914299999999 152.0 3
  93.957146 300.0 5
  94.065956 1032.0 17
  94.146515 76.0 1
  94.19693 216.0 4
  94.267921 152.0 3
  94.464821 32.0 1
  94.498672 180.0 3
  94.79551699999999 172.0 3
  95.03462999999999 312.0 5
  95.04922499999999 476.0 8
  95.46148699999999 140.0 2
  95.504189 72.0 1
  95.54474599999999 320.0 5
  95.70960199999999 460.0 8
  96.083542 108.0 2
  96.15205399999999 124.0 2
  96.291077 120.0 2
  96.381042 124.0 2
  96.532692 140.0 2
  96.55768599999999 128.0 2
  96.77952599999999 172.0 3
  96.940018 168.0 3
  96.986038 160.0 3
  96.988159 136.0 2
  97.140678 116.0 2
  97.180359 164.0 3
  97.20247699999999 176.0 3
  97.33325199999999 64.0 1
  97.59893799999999 124.0 2
  97.79073299999999 232.0 4
  97.861359 156.0 3
  97.864075 164.0 3
  97.86631799999999 176.0 3
  97.930122 196.0 3
  98.02783199999999 188.0 3
  98.04833199999999 180.0 3
  98.053238 148.0 3
  98.069969 176.0 3
  98.09767199999999 152.0 3
  98.11965199999999 128.0 2
  98.22926299999999 176.0 3
  98.30429099999999 252.0 4
  98.320847 144.0 2
  98.410912 196.0 3
  98.434647 168.0 3
  98.501556 64.0 1
  98.55502299999999 144.0 2
  98.555252 144.0 2
  98.703735 196.0 3
  98.770584 44.0 1
  99.11807999999999 164.0 3
  99.27158399999999 132.0 2
  99.44543499999999 332.0 6
  99.50072499999999 164.0 3
  99.62999699999999 192.0 3
  99.692574 208.0 4
  99.925674 228.0 4
  100.098351 72.0 1
  100.11361699999999 212.0 4
  100.32637 92.0 2
  100.355148 124.0 2
  100.45105 164.0 3
  100.76362599999999 292.0 5
  100.963898 208.0 4
  101.146042 108.0 2
  101.269241 172.0 3
  101.31545999999999 32.0 1
  101.35073899999999 120.0 2
  101.49285099999999 156.0 3
  101.609642 120.0 2
  102.002899 208.0 4
  102.204819 92.0 2
  102.557594 184.0 3
  102.639961 120.0 2
  102.730904 148.0 3
  102.75690499999999 176.0 3
  102.82797199999999 156.0 3
  102.859192 56.0 1
  103.194656 176.0 3
  103.475601 156.0 3
  104.014 132.0 2
  104.075554 172.0 3
  104.087914 184.0 3
  104.088455 128.0 2
  104.10350799999999 176.0 3
  104.34612299999999 80.0 1
  104.425766 156.0 3
  104.59667999999999 152.0 3
  104.62531299999999 164.0 3
  104.681709 92.0 2
  104.68675999999999 52.0 1
  104.75295299999999 120.0 2
  104.76310699999999 204.0 3
  105.03369099999999 116.0 2
  105.109077 120.0 2
  105.15963699999999 28.186041 0
  105.31863399999999 68.0 1
  105.34307899999999 188.0 3
  105.43469999999999 96.0 2
  105.456558 168.0 3
  105.61782099999999 128.0 2
  105.62287099999999 168.0 3
  105.855522 156.0 3
  106.009575 224.0 4
  106.04072599999999 148.0 3
  106.072937 164.0 3
  106.074135 484.0 8
  106.12969199999999 52.0 1
  106.40787499999999 232.0 4
  106.42997 180.0 3
  106.456688 140.0 2
  106.579651 212.0 4
  106.62055199999999 236.0 4
  106.710777 40.0 1
  106.801193 116.0 2
  106.82135799999999 220.0 4
  107.01278699999999 960.0 16
  107.467957 104.0 2
  107.689781 36.0 1
  107.69708999999999 172.0 3
  107.93399799999999 152.0 3
  107.938812 152.0 3
  108.111038 148.0 3
  108.16336799999999 76.0 1
  108.292526 132.0 2
  108.329933 6.394231 0
  108.384987 164.0 3
  108.39310499999999 192.0 3
  108.587837 60.0 1
  108.65048999999999 180.0 3
  108.667671 128.0 2
  108.870201 160.0 3
  109.076431 33252.0 562
  109.138351 160.0 3
  109.156593 168.0 3
  109.36063399999999 176.0 3
  109.426147 132.0 2
  109.57910899999999 216.0 4
  109.643509 5.104167 0
  109.68453199999999 136.0 2
  109.706818 108.0 2
  109.83153499999999 88.0 1
  109.941063 60.0 1
  110.014687 76.0 1
  110.09400199999999 184.0 3
  110.23977699999999 56.0 1
  110.251801 188.0 3
  110.274918 108.0 2
  110.636681 36.0 1
  110.68768299999999 176.0 3
  110.78845199999999 140.0 2
  110.902565 52.0 1
  110.974533 140.0 2
  110.98572499999999 164.0 3
  111.009338 196.0 3
  111.100929 228.0 4
  111.167206 10.84028 0
  111.278275 160.0 3
  111.286552 160.0 3
  111.30339099999999 72.0 1
  111.517609 120.0 2
  111.62464899999999 132.0 2
  111.77713 140.0 2
  112.07579 320.0 5
  112.18970499999999 228.0 4
  112.26872999999999 72.0 1
  112.30143 204.0 3
  112.369148 196.0 3
  112.39755199999999 88.0 1
  112.51572399999999 212.0 4
  112.62456499999999 168.0 3
  112.683876 128.0 2
  112.716522 140.0 2
  112.942139 84.0 1
  113.10657499999999 168.0 3
  113.358223 108.0 2
  113.443733 208.0 4
  113.51033 164.0 3
  113.955254 260.0 4
  114.05845599999999 224.0 4
  114.108391 164.0 3
  114.160423 208.0 4
  114.31102 140.0 2
  114.411957 92.0 2
  114.46797199999999 200.0 3
  114.522606 40.0 1
  114.829178 104.0 2
  114.89364599999999 148.0 3
  114.90522 176.0 3
  115.050056 220.0 4
  115.102295 100.0 2
  115.11883499999999 48.0 1
  115.400551 64.0 1
  115.415588 232.0 4
  115.60514099999999 180.0 3
  115.687401 132.0 2
  115.765045 76.0 1
  115.81019599999999 184.0 3
  115.91495499999999 172.0 3
  115.920227 200.0 3
  116.056114 152.0 3
  116.150551 152.0 3
  116.300575 156.0 3
  116.466331 304.0 5
  116.593712 132.0 2
  116.706108 144.0 2
  116.77181999999999 240.0 4
  117.056236 87.788551 1
  117.06921399999999 4276.0 72
  117.459892 268.0 5
  117.467209 152.0 3
  117.530975 124.0 2
  117.60517899999999 100.0 2
  117.77104899999999 16.56818 0
  117.908661 140.0 2
  118.04557 212.0 4
  118.05519899999999 164.0 3
  118.064301 180.0 3
  118.07038899999999 156.0 3
  118.141876 192.0 3
  118.168869 124.0 2
  118.197701 128.0 2
  118.235878 6.818182 0
  118.323273 148.0 3
  118.359062 144.0 2
  118.533279 128.0 2
  118.856178 44.0 1
  118.889206 28.0 0
  119.04557 160.0 3
  119.15684499999999 60.0 1
  119.174026 108.0 2
  119.25035899999999 104.0 2
  119.37224599999999 44.0 1
  119.70504799999999 164.0 3
  119.885132 284.0 5
  119.92935899999999 200.0 3
  119.942505 152.0 3
  120.263115 40.0 1
  120.30944799999999 164.0 3
  120.562309 216.0 4
  120.62771599999999 32.0 1
  120.68571499999999 128.0 2
  120.798279 188.0 3
  120.899124 220.0 4
  120.99928299999999 152.0 3
  121.011398 128.0 2
  121.131996 176.0 3
  121.28086099999999 204.0 3
  121.32096899999999 100.0 2
  121.50257099999999 192.0 3
  121.519409 244.0 4
  121.598907 8.030556 0
  121.65834 188.0 3
  121.73194099999999 108.0 2
  121.969269 108.0 2
  122.016357 188.0 3
  122.069221 112.0 2
  122.099419 116.0 2
  122.348564 188.0 3
  122.488388 184.0 3
  122.749977 104.0 2
  122.889648 136.0 2
  123.030937 184.0 3
  123.36701199999999 160.0 3
  123.436882 63.170731 1
  123.46232599999999 172.0 3
  123.536842 168.0 3
  123.715302 112.0 2
  123.95444499999999 172.0 3
  124.420975 112.0 2
  124.61119099999999 44.0 1
  124.813255 184.0 3
  124.916046 184.0 3
  125.024429 340.0 6
  125.037537 136.0 2
  125.10337799999999 128.0 2
  125.33296999999999 176.0 3
  125.639084 100.0 2
  125.760803 76.0 1
  125.76413 48.0 1
  125.80786099999999 224.0 4
  125.937294 132.0 2
  125.96103699999999 184.0 3
  126.019554 4064.0 69
  126.020866 180.0 3
  126.069817 36.0 1
  126.177971 180.0 3
  126.26312999999999 136.0 2
  126.282524 184.0 3
  126.337898 128.0 2
  126.720551 216.0 4
  127.04843899999999 212.0 4
  127.087616 14408.0 244
  127.10668899999999 244.0 4
  127.561752 148.0 3
  127.61542499999999 136.0 2
  127.651962 148.0 3
  127.836151 112.0 2
  128.27272 148.0 3
  128.364578 108.0 2
  128.369995 136.0 2
  128.451538 196.0 3
  128.771942 136.0 2
  128.918137 120.0 2
  128.961197 132.0 2
  128.98194900000001 128.0 2
  129.018204 124.0 2
  129.051071 216.0 4
  129.05650300000002 578.451721 10
  129.069931 248.0 4
  129.092148 196.0 3
  129.099319 204.0 3
  129.100388 176.0 3
  129.158142 136.0 2
  129.26615900000002 48.0 1
  129.395676 236.0 4
  129.672134 40.0 1
  129.877472 68.0 1
  129.95082100000002 44.0 1
  130.040955 568.0 10
  130.19390900000002 96.0 2
  130.562531 216.0 4
  130.64265400000002 20.26535 0
  130.719345 152.0 3
  130.811386 140.0 2
  131.02139300000002 188.0 3
  131.076447 108.0 2
  131.349625 124.0 2
  131.407303 132.0 2
  131.540085 104.0 2
  131.721237 144.0 2
  131.824524 100.0 2
  132.081757 1796.0 30
  132.393509 120.0 2
  132.817902 144.0 2
  132.89390600000002 164.0 3
  132.913422 152.0 3
  132.96431 144.0 2
  133.022781 164.0 3
  133.04611200000002 176.0 3
  133.099457 118.894203 2
  133.122559 192.0 3
  133.180374 220.0 4
  133.339844 80.0 1
  133.39059400000002 164.0 3
  133.489517 284.0 5
  133.93235800000002 220.0 4
  133.95695500000002 48.0 1
  134.04852300000002 1728.0 29
  134.055542 156.0 3
  134.060165 404.0 7
  134.10582000000002 40.0 1
  134.169846 176.0 3
  134.197113 124.0 2
  134.295334 132.0 2
  134.328415 60.0 1
  134.33401500000002 148.0 3
  134.561295 48.0 1
  135.052048 6.198412 0
  135.243668 180.0 3
  135.378723 240.0 4
  135.402084 144.0 2
  135.761703 172.0 3
  135.892029 164.0 3
  135.976639 156.0 3
  136.005737 132.0 2
  136.06521600000002 196.0 3
  136.61348 228.0 4
  136.816025 140.0 2
  136.836578 168.0 3
  136.841675 120.0 2
  136.90072600000002 164.0 3
  137.019012 88.0 1
  137.117706 232.0 4
  137.20578 180.0 3
  137.228973 80.0 1
  137.34191900000002 320.0 5
  137.631516 200.0 3
  137.74142500000002 324.0 5
  137.94665500000002 152.0 3
  138.06938200000002 176.0 3
  138.272476 104.0 2
  138.30529800000002 112.0 2
  138.377686 136.0 2
  138.440613 140.0 2
  139.111801 88.0 1
  139.206757 136.0 2
  139.40901200000002 56.0 1
  139.45784 188.0 3
  139.580521 136.0 2
  140.01315300000002 96.0 2
  140.104477 168.0 3
  140.178894 168.0 3
  140.47061200000002 100.0 2
  140.524734 124.0 2
  140.606445 108.0 2
  140.652298 160.0 3
  140.796173 264.0 4
  141.036392 72.0 1
  141.04423500000001 208.0 4
  141.250244 188.0 3
  141.25550800000002 192.0 3
  141.38055400000002 112.0 2
  141.45245400000002 168.0 3
  141.726913 204.0 3
  141.800552 148.0 3
  141.815079 156.0 3
  141.83062700000002 136.0 2
  141.951096 192.0 3
  142.054306 220.0 4
  142.07576 304.0 5
  142.09672500000002 164.0 3
  142.653015 60.0 1
  142.739563 156.0 3
  142.76516700000002 164.0 3
  142.901566 216.0 4
  142.948624 452.0 8
  143.158127 64.0 1
  143.303314 180.0 3
  143.334946 96.0 2
  143.59726 80.0 1
  143.811905 220.0 4
  143.872299 136.0 2
  144.010971 192.0 3
  144.08136000000002 1004.0 17
  144.08711200000002 156.0 3
  144.089539 612.0 10
  144.092682 1024.0 17
  144.271103 168.0 3
  144.319794 156.0 3
  144.449509 332.0 6
  144.757538 220.0 4
  144.855042 176.0 3
  144.940414 64.0 1
  144.980347 124.0 2
  145.030762 1696.0 29
  145.144989 104.0 2
  145.246475 84.0 1
  145.505951 84.0 1
  145.661224 160.0 3
  146.027634 172.0 3
  146.389206 188.0 3
  146.509537 52.0 1
  146.785324 236.0 4
  146.83647200000001 136.0 2
  147.079803 500.0 8
  147.08145100000002 308.0 5
  147.18689 184.0 3
  147.29405200000002 56.0 1
  147.31298800000002 140.0 2
  147.334442 60.0 1
  147.552414 128.0 2
  147.610352 88.0 1
  147.617279 212.0 4
  147.62999000000002 116.0 2
  148.06372100000002 216.0 4
  148.104767 148.0 3
  148.17034900000002 176.0 3
  148.183929 112.0 2
  148.437317 168.0 3
  148.44523600000002 132.0 2
  148.49679600000002 312.0 5
  148.53616300000002 180.0 3
  148.647705 184.0 3
  149.037994 340.0 6
  149.049866 168.0 3
  149.13208 164.0 3
  149.28109700000002 152.0 3
  149.357986 116.0 2
  149.389755 296.0 5
  149.86218300000002 160.0 3
  149.934967 160.0 3
  150.08783 192.0 3
  150.22958400000002 124.0 2
  150.364853 128.0 2
  150.46202100000002 156.0 3
  150.723694 164.0 3
  151.01474000000002 148.0 3
  151.071579 128.0 2
  151.10458400000002 10.699845 0
  151.123825 604.0 10
  151.35228 14.92033 0
  151.656845 168.0 3
  151.6595 148.0 3
  151.742279 268.0 5
  151.767517 108.0 2
  151.87956200000002 176.0 3
  152.049988 124.0 2
  152.169724 164.0 3
  152.436005 168.0 3
  152.43924 128.0 2
  152.476898 128.0 2
  152.602539 136.0 2
  152.78817700000002 144.0 2
  152.794128 148.0 3
  153.038635 172.0 3
  153.044937 44.0 1
  153.06817600000002 232.0 4
  153.184784 188.0 3
  153.20948800000002 22.1847 0
  153.268509 44.0 1
  153.307007 148.0 3
  153.313858 44.0 1
  153.374863 68.0 1
  153.418777 160.0 3
  153.500671 116.0 2
  153.560257 204.0 3
  154.065811 212.0 4
  154.102112 212.0 4
  154.12712100000002 152.0 3
  154.416672 10.90705 0
  154.460388 328.0 6
  154.79994200000002 124.0 2
  155.00357100000002 228.0 4
  155.02594000000002 192.0 3
  155.19717400000002 144.0 2
  155.280975 192.0 3
  155.296967 148.0 3
  155.379379 192.0 3
  155.712601 140.0 2
  155.792404 64.0 1
  155.903458 88.0 1
  155.919907 116.0 2
  155.978973 68.0 1
  156.295013 180.0 3
  156.55043 112.0 2
  157.063522 232.0 4
  157.260559 88.0 1
  157.277451 224.0 4
  157.47099300000002 40.0 1
  157.564926 160.0 3
  157.697037 40.0 1
  157.75233500000002 164.0 3
  158.078842 128.0 2
  158.498138 124.0 2
  158.56864900000002 188.0 3
  158.588028 196.0 3
  158.77027900000002 164.0 3
  158.798676 184.0 3
  159.363587 156.0 3
  159.41738900000001 160.0 3
  159.902328 48.0 1
  160.048813 116.0 2
  160.148102 64.0 1
  160.31102 188.0 3
  160.367233 176.0 3
  160.86149600000002 244.0 4
  160.871033 76.0 1
  161.444199 116.0 2
  161.44845600000002 140.0 2
  161.624207 76.0 1
  161.639404 184.0 3
  161.644394 88.0 1
  161.773529 140.0 2
  161.7995 116.0 2
  161.884827 232.0 4
  162.068161 396.0 7
  162.06964100000002 320.0 5
  162.135513 176.0 3
  162.147308 164.0 3
  162.230545 232.0 4
  162.32041900000002 96.0 2
  162.330322 164.0 3
  162.340912 108.0 2
  162.66154500000002 104.0 2
  162.78692600000002 136.0 2
  162.88960300000002 56.0 1
  163.04126000000002 172.0 3
  163.078888 504.0 9
  163.250214 8.736842 0
  163.54451 104.0 2
  163.976044 148.0 3
  164.04530300000002 56.0 1
  164.271897 180.0 3
  164.3647 100.0 2
  164.557999 108.0 2
  164.567184 180.0 3
  164.59848 120.0 2
  164.98602300000002 148.0 3
  165.040909 628.0 11
  165.245819 56.0 1
  165.24859600000002 128.0 2
  165.271072 152.0 3
  165.32269300000002 184.0 3
  165.895157 136.0 2
  166.02972400000002 172.0 3
  166.26329 112.0 2
  166.337814 156.0 3
  166.399948 40.0 1
  166.470367 23.31982 0
  166.532913 144.0 2
  166.700684 204.0 3
  166.785782 264.0 4
  166.794327 156.0 3
  167.131866 120.0 2
  167.185471 128.0 2
  167.231323 80.0 1
  167.263336 164.0 3
  167.29869100000002 60.0 1
  167.331329 128.0 2
  167.450623 108.0 2
  167.54509000000002 208.0 4
  167.573227 212.0 4
  167.59883100000002 136.0 2
  167.60896300000002 80.0 1
  167.628174 160.0 3
  167.74733 136.0 2
  167.87146 200.0 3
  167.976501 68.0 1
  168.09492500000002 180.0 3
  168.221649 200.0 3
  168.412079 120.0 2
  168.57991 160.0 3
  168.651382 272.0 5
  168.993423 164.0 3
  169.463074 160.0 3
  169.590149 184.0 3
  169.67778 196.0 3
  169.855804 36.0 1
  169.857681 204.0 3
  170.07255600000002 128.0 2
  170.125931 44.0 1
  170.195786 44.0 1
  170.226089 112.0 2
  170.313751 9.95183 0
  170.41587800000002 124.0 2
  170.572876 144.0 2
  170.96575900000002 36.0 1
  171.02829 64.0 1
  171.06204200000002 84.0 1
  171.225494 280.0 5
  171.63742100000002 164.0 3
  171.694351 104.0 2
  172.073914 2964.0 50
  172.228317 36.0 1
  172.32577500000002 148.0 3
  172.353989 56.0 1
  172.702957 168.0 3
  172.797989 48.0 1
  172.908524 136.0 2
  172.934616 168.0 3
  172.973373 2416.0 41
  172.978302 184.0 3
  173.00946000000002 156.0 3
  173.59672500000002 216.0 4
  173.74890100000002 80.0 1
  174.27409400000002 120.0 2
  174.622131 264.0 4
  174.742142 72.0 1
  174.848083 204.0 3
  175.03685000000002 224.0 4
  175.712723 96.0 2
  175.896194 132.0 2
  176.130615 104.0 2
  176.162674 120.0 2
  176.968658 192.0 3
  177.056107 688.0 12
  177.27645900000002 100.0 2
  177.36810300000002 200.0 3
  177.378647 68.0 1
  177.503906 92.0 2
  177.518417 44.0 1
  177.58725 248.0 4
  177.617493 284.0 5
  177.664917 84.0 1
  177.673676 220.0 4
  177.77563500000002 56.0 1
  177.961243 56.0 1
  177.997803 132.0 2
  177.998505 168.0 3
  178.057526 144.0 2
  178.109497 59104.0 999
  178.11702 288.0 5
  178.128845 556.0 9
  178.19168100000002 132.0 2
  178.28453100000002 160.0 3
  178.922775 148.0 3
  178.97583 188.0 3
  179.024475 204.0 3
  179.123505 204.0 3
  179.131653 184.0 3
  179.21031200000002 168.0 3
  179.40313700000002 176.0 3
  179.538971 156.0 3
  179.54710400000002 168.0 3
  179.55735800000002 14.5508 0
  179.67463700000002 152.0 3
  179.704361 88.0 1
  179.76760900000002 80.0 1
  179.862259 1536.007935 26
  180.13055400000002 244.0 4
  180.59016400000002 216.0 4
  180.686432 260.0 4
  180.726974 60.0 1
  180.868332 324.0 5
  180.989075 144.0 2
  181.01683 156.0 3
  181.11720300000002 124.0 2
  181.12702900000002 340.0 6
  181.23838800000001 220.0 4
  181.27362100000002 152.0 3
  181.44094800000002 80.0 1
  181.614777 112.0 2
  181.699371 140.0 2
  182.005157 168.0 3
  182.106247 1840.0 31
  182.390366 180.0 3
  182.633591 32.0 1
  182.718567 144.0 2
  182.740372 132.0 2
  182.86175500000002 176.0 3
  183.073669 188.0 3
  183.085617 128.0 2
  183.52362100000002 484.0 8
  183.527115 44.0 1
  183.748581 48.0 1
  183.864166 132.0 2
  184.807083 232.0 4
  185.059525 272.0 5
  185.13694800000002 368.0 6
  185.20446800000002 32.0 1
  185.904221 196.0 3
  185.926666 140.0 2
  186.09085100000001 160.0 3
  186.31715400000002 140.0 2
  186.56689500000002 156.0 3
  187.020157 220.0 4
  187.05650300000002 152.0 3
  187.186035 84.0 1
  187.240768 84.0 1
  187.364136 156.0 3
  187.438965 64.0 1
  187.51689100000002 248.0 4
  187.69824200000002 176.0 3
  188.041931 200.0 3
  188.064651 172.0 3
  188.15055800000002 160.0 3
  188.32165500000002 164.0 3
  188.53010600000002 172.0 3
  188.759277 108.0 2
  188.837509 80.0 1
  189.12797500000002 189.163193 3
  189.17314100000002 104.0 2
  189.181107 156.0 3
  189.382385 28.0 0
  189.41708400000002 60.0 1
  189.545715 128.0 2
  189.745178 96.0 2
  190.008835 184.0 3
  190.082672 184.0 3
  190.09573400000002 132.0 2
  190.098129 180.0 3
  190.249832 32.0 1
  190.468369 204.0 3
  190.494034 204.0 3
  190.641556 132.0 2
  190.80096400000002 64.0 1
  190.848373 180.0 3
  190.92489600000002 168.0 3
  190.97283900000002 132.0 2
  191.073059 2256.0 38
  191.22941600000001 148.0 3
  191.393845 92.0 2
  191.700073 128.0 2
  191.786133 60.0 1
  191.796432 56.0 1
  191.843491 312.0 5
  192.25950600000002 52.0 1
  192.384659 164.0 3
  192.439896 72.0 1
  192.75524900000002 132.0 2
  192.87368800000002 160.0 3
  192.932312 256.0 4
  193.00018300000002 96.0 2
  193.00053400000002 120.0 2
  193.12548800000002 14.4518 0
  193.12767 940.0 16
  193.218491 116.0 2
  193.23469500000002 188.0 3
  193.67308 32.0 1
  193.76594500000002 164.0 3
  194.058975 776.0 13
  194.19700600000002 148.0 3
  194.418274 5.346264 0
  194.465179 140.0 2
  195.04718 376.0 6
  195.117615 1308.0 22
  195.18713400000001 180.0 3
  195.835617 120.0 2
  195.884552 36.0 1
  196.069305 356.0 6
  196.09513900000002 208.0 4
  196.411423 164.0 3
  196.467194 188.0 3
  196.542953 160.0 3
  196.941391 144.0 2
  197.09535200000002 110.8396 2
  197.21713300000002 108.0 2
  197.26959200000002 80.0 1
  197.51547200000002 224.0 4
  197.571579 5.054487 0
  197.649643 216.0 4
  197.75593600000002 144.0 2
  197.940582 156.0 3
  198.238907 108.0 2
  198.265961 148.0 3
  198.27542100000002 168.0 3
  198.568024 152.0 3
  198.57551600000002 52.0 1
  199.000137 40.0 1
  199.12286400000002 72.0 1
  199.237366 44.0 1
  199.408646 80.0 1
  199.501114 316.0 5
  199.567505 252.0 4
  199.655258 96.0 2
  199.721359 144.0 2
  200.401047 204.0 3
  200.728271 208.0 4
  200.89750700000002 160.0 3
  201.16021700000002 900.0 15
  201.41153 136.0 2
  201.43330400000002 44.0 1
  201.508331 172.0 3
  201.911621 152.0 3
  202.04686 152.0 3
  202.11132800000001 108.0 2
  202.13128700000001 184.0 3
  202.158035 100.0 2
  202.310318 164.0 3
  202.45030200000002 140.0 2
  202.509445 180.0 3
  202.62951700000002 164.0 3
  202.823663 164.0 3
  203.043427 6684.0 113
  203.174622 36.0 1
  203.178146 276.0 5
  203.82276900000002 152.0 3
  204.191742 64.0 1
  204.30571 132.0 2
  204.549408 196.0 3
  204.66043100000002 48.0 1
  204.686066 56.0 1
  205.05036900000002 364.0 6
  205.179459 56.0 1
  205.480927 112.0 2
  205.65922500000002 64.0 1
  205.867752 312.0 5
  206.095108 220.0 4
  206.22091700000001 312.0 5
  206.27636700000002 72.0 1
  206.432419 284.0 5
  206.900665 180.0 3
  206.954834 48.0 1
  207.11256400000002 160.0 3
  207.12484700000002 368.0 6
  207.226929 112.0 2
  207.531921 168.0 3
  207.552872 40.0 1
  207.952133 40.0 1
  208.040161 52.0 1
  208.05294800000001 180.0 3
  208.064911 212.0 4
  208.14021300000002 136.0 2
  208.18815600000002 168.0 3
  208.25053400000002 132.0 2
  208.389038 216.0 4
  208.39480600000002 84.0 1
  208.67163100000002 76.0 1
  208.972382 232.0 4
  209.126114 40.0 1
  209.14239500000002 56.0 1
  209.551712 22.476601 0
  209.880493 140.0 2
  209.917892 68.0 1
  209.970642 40.0 1
  210.09629800000002 140.0 2
  210.1129 3772.0 64
  210.305038 128.0 2
  210.331604 228.0 4
  210.43412800000002 164.0 3
  210.785065 232.0 4
  210.91571000000002 144.0 2
  210.98370400000002 184.0 3
  211.31732200000002 84.0 1
  211.444885 176.0 3
  211.756989 144.0 2
  211.86547900000002 116.0 2
  212.071472 104.0 2
  212.14949000000001 788.0 13
  212.23950200000002 60.0 1
  212.290894 152.0 3
  212.547211 196.0 3
  212.632156 84.0 1
  213.04805000000002 164.0 3
  213.73722800000002 116.0 2
  213.83869900000002 56.0 1
  213.973129 184.0 3
  214.009277 120.0 2
  214.313431 380.0 6
  214.48143000000002 192.0 3
  214.71283 368.0 6
  214.89793400000002 196.0 3
  215.06500200000002 556.0 9
  215.190765 148.0 3
  215.360916 140.0 2
  215.39415 128.0 2
  215.418167 48.0 1
  215.524673 140.0 2
  215.554626 44.0 1
  215.58351100000002 320.0 5
  215.947327 64.0 1
  216.19395400000002 180.0 3
  216.253525 200.0 3
  216.43081700000002 208.0 4
  216.64381400000002 120.0 2
  216.77752700000002 248.0 4
  217.098984 224.0 4
  217.255264 168.0 3
  217.28244 120.0 2
  217.59577900000002 44.0 1
  217.63093600000002 148.0 3
  218.053619 168.0 3
  218.090088 500.0 8
  218.115692 172.0 3
  218.695679 100.0 2
  218.702255 84.0 1
  218.819107 120.0 2
  219.047806 100.0 2
  219.434875 184.0 3
  219.900406 108.0 2
  220.084137 296.0 5
  220.11346400000002 332.0 6
  220.785492 44.0 1
  220.90493800000002 332.0 6
  220.95108000000002 76.0 1
  221.071777 15836.0 268
  221.387299 212.0 4
  221.499405 144.0 2
  221.50195300000001 36.0 1
  221.656601 192.0 3
  221.877899 172.0 3
  222.064178 280.0 5
  222.259216 48.0 1
  222.592468 96.0 2
  222.978607 116.0 2
  222.984283 128.0 2
  223.198227 160.0 3
  223.65390000000002 144.0 2
  223.886765 160.0 3
  223.917999 104.0 2
  224.045975 124.0 2
  224.115128 160.0 3
  224.192215 140.0 2
  224.259308 52.0 1
  225.050552 444.0 8
  225.083862 120.0 2
  225.237366 152.0 3
  225.49177600000002 124.0 2
  225.556839 68.0 1
  225.924652 14.89158 0
  226.070953 136.0 2
  226.133118 128.0 2
  226.185699 112.0 2
  226.283035 164.0 3
  226.915176 164.0 3
  227.456604 244.0 4
  227.698853 164.0 3
  228.052536 292.0 5
  228.933258 44.0 1
  229.672241 92.0 2
  229.806473 304.0 5
  229.89355500000002 128.0 2
  230.019089 3560.0 60
  230.05723600000002 172.0 3
  230.061508 144.0 2
  230.12226900000002 40.0 1
  230.203415 76.0 1
  230.263763 116.0 2
  230.296143 196.0 3
  230.577515 124.0 2
  230.711578 56.0 1
  230.953857 148.0 3
  231.077682 1024.0 17
  231.099548 160.0 3
  231.625 212.0 4
  232.148254 180.0 3
  232.152863 952.0 16
  232.482101 140.0 2
  232.67326400000002 196.0 3
  232.70816100000002 172.0 3
  232.84329200000002 8.556547 0
  232.855942 92.0 2
  233.06012 8264.0 140
  233.50621 164.0 3
  233.56822200000002 120.0 2
  233.68721000000002 132.0 2
  233.902969 52.0 1
  234.093369 80.115852 1
  234.11192300000002 128.0 2
  234.20669600000002 180.0 3
  234.424911 148.0 3
  234.452316 144.0 2
  234.713837 84.0 1
  235.223343 140.0 2
  235.463379 132.0 2
  235.74276700000001 232.0 4
  235.994843 216.0 4
  236.119446 552.0 9
  236.23825100000002 204.0 3
  236.606583 88.0 1
  236.655899 64.0 1
  236.98687700000002 192.0 3
  237.30084200000002 164.0 3
  237.544907 128.0 2
  238.645889 64.0 1
  238.79748600000002 108.0 2
  238.957489 124.0 2
  239.24855 128.0 2
  239.264374 224.0 4
  239.495056 296.0 5
  239.635086 156.0 3
  240.07041900000002 5156.0 87
  240.64497400000002 52.0 1
  240.77356 37.368481 1
  240.955856 124.0 2
  241.357773 224.0 4
  241.533508 136.0 2
  242.078323 31.612 1
  242.256775 136.0 2
  242.302109 72.0 1
  242.344849 132.0 2
  242.41423 80.0 1
  242.69618200000002 120.0 2
  243.062164 580.0 10
  243.263824 164.0 3
  243.49653600000002 268.0 5
  244.08955400000002 612.0 10
  244.585358 244.0 4
  245.03616300000002 116.0 2
  245.10723900000002 268.0 5
  245.810913 72.0 1
  245.852036 152.0 3
  246.119873 100.0 2
  247.486816 60.0 1
  247.698364 232.0 4
  247.942902 124.0 2
  248.070572 280.0 5
  248.809753 80.0 1
  249.949295 152.0 3
  250.443558 164.0 3
  250.574387 208.0 4
  250.633591 108.0 2
  250.831772 160.0 3
  251.110947 156.0 3
  251.60067700000002 152.0 3
  252.05159 34.20525 1
  252.20813 168.0 3
  252.371338 272.834656 5
  253.060913 188.0 3
  253.11273200000002 18.601561 0
  253.27037 124.0 2
  253.508545 164.0 3
  253.81414800000002 12.56202 0
  253.81616200000002 156.0 3
  253.85063200000002 320.0 5
  253.908218 224.0 4
  253.92231800000002 352.0 6
  253.934525 228.0 4
  254.15747100000002 152.0 3
  254.54199200000002 9.778109 0
  256.11972 256.0 4
  256.875488 156.0 3
  257.06179799999995 148.0 3
  257.10733 1072.0 18
  257.15448 1220.0 21
  257.53292799999997 76.0 1
  257.66445899999997 68.0 1
  257.918793 76.0 1
  257.94235199999997 124.0 2
  258.175232 272.0 5
  258.34912099999997 100.0 2
  258.456238 64.0 1
  258.787964 76.0 1
  258.952454 160.0 3
  259.003082 1264.0 21
  259.042023 96.0 2
  259.088165 124.0 2
  259.10256999999996 100.0 2
  259.14910899999995 272.0 5
  259.87857099999997 108.0 2
  259.949982 80.0 1
  260.013306 136.0 2
  260.056946 68.0 1
  260.30123899999995 84.0 1
  260.432038 156.0 3
  260.582794 11.2625 0
  260.96237199999996 160.0 3
  261.04736299999996 208.0 4
  261.229736 240.0 4
  261.261871 19.42178 0
  261.395691 72.0 1
  261.423431 88.0 1
  261.54537999999997 140.0 2
  262.03619399999997 172.0 3
  263.216095 192.0 3
  263.93695099999997 72.0 1
  264.739563 136.0 2
  264.896545 144.0 2
  265.49362199999996 196.0 3
  266.10153199999996 132.0 2
  266.569977 116.0 2
  267.166412 96.0 2
  267.409973 192.0 3
  267.69101 116.0 2
  267.79968299999996 216.0 4
  267.80426 96.0 2
  268.515991 216.0 4
  268.73306299999996 136.0 2
  269.015106 180.0 3
  269.966095 40.0 1
  270.62264999999996 196.0 3
  270.645935 84.0 1
  271.016327 88.0 1
  272.052124 144.0 2
  272.187836 116.0 2
  272.44546499999996 144.0 2
  272.477081 68.0 1
  272.97354099999995 72.0 1
  273.113403 160.0 3
  273.14620299999996 160.0 3
  273.148773 3752.0 63
  273.27529899999996 160.0 3
  273.345673 44.0 1
  273.50824 12.44444 0
  273.667755 120.0 2
  273.748962 216.0 4
  273.946777 48.0 1
  274.042084 128.0 2
  274.14151 160.0 3
  274.50649999999996 40.0 1
  275.75314299999997 108.0 2
  276.17492699999997 31.94507 1
  276.40853899999996 76.0 1
  276.50811799999997 164.0 3
  277.076874 128.0 2
  277.44030799999996 14.55556 0
  277.604248 108.0 2
  277.705811 148.808594 3
  277.806854 140.0 2
  278.37951699999996 160.0 3
  278.937592 36.0 1
  279.165009 29.52599 0
  279.21270799999996 120.0 2
  279.258698 144.0 2
  280.158936 172.0 3
  280.406677 140.0 2
  280.566895 172.0 3
  282.05166599999995 112.0 2
  282.306 85.196877 1
  282.78079199999996 60.0 1
  282.928589 136.0 2
  282.940582 164.0 3
  282.99096699999996 88.0 1
  283.15914899999996 168.0 3
  283.82449299999996 56.0 1
  283.90655499999997 36.0 1
  284.140222 576.0 10
  284.154144 128.0 2
  284.20428499999997 180.0 3
  284.76293899999996 112.0 2
  285.19872999999995 68.0 1
  285.205109 148.0 3
  285.40734899999995 1349.645386 23
  285.791138 104.0 2
  286.585632 128.0 2
  286.832458 44.0 1
  286.964996 132.0 2
  287.02743499999997 152.0 3
  287.06478899999996 492.0 8
  287.68548599999997 72.0 1
  288.16412399999996 300.0 5
  288.294037 76.0 1
  288.37969999999996 132.0 2
  288.94149799999997 152.0 3
  289.511871 100.0 2
  289.531677 116.0 2
  290.222351 96.0 2
  290.227875 324.0 5
  290.350983 88.0 1
  291.113953 256.0 4
  291.18121299999996 140.0 2
  291.948273 160.0 3
  292.242371 156.0 3
  292.266663 64.0 1
  292.385132 124.0 2
  292.438995 184.0 3
  292.73358199999996 144.0 2
  292.95233199999996 92.0 2
  293.124908 100.0 2
  293.15332 164.0 3
  293.500885 60.0 1
  293.841339 92.0 2
  294.08074999999997 288.0 5
  294.22421299999996 168.0 3
  295.16000399999996 36.920139 1
  296.00357099999997 84.0 1
  296.10076899999996 189.208893 3
  296.21536299999997 388.0 7
  297.761444 48.0 1
  298.130676 400.0 7
  298.927124 152.0 3
  299.407318 76.0 1
  299.43652299999997 168.0 3
  299.656158 36.0 1
  299.728363 116.0 2
  300.48614499999996 72.0 1
  300.971527 104.0 2
  301.27349899999996 156.0 3
  301.33822599999996 104.0 2
  302.17349199999995 2576.0 44
  302.218018 140.0 2
  302.900848 148.0 3
  303.021545 932.0 16
  303.122589 38616.0 653
  303.28362999999996 144.0 2
  303.45068399999997 36.86446 1
  303.58984399999997 220.0 4
  303.824615 88.0 1
  303.997345 44.0 1
  304.012878 156.0 3
  304.156433 224.0 4
  304.213776 80.0 1
  305.13732899999997 160.0 3
  305.16583299999996 89.976486 2
  305.23358199999996 36.0 1
  306.43206799999996 192.0 3
  306.78723099999996 60.0 1
  307.912201 76.0 1
  308.45404099999996 176.0 3
  308.49533099999996 172.0 3
  311.11321999999996 780.0 13
  311.130615 160.0 3
  311.225372 108.0 2
  312.298615 192.0 3
  312.944794 108.0 2
  313.056824 136.0 2
  313.070923 916.0 15
  313.794769 100.0 2
  314.125031 848.0 14
  314.17605599999996 188.0 3
  314.304443 148.0 3
  314.58435099999997 72.0 1
  314.589478 44.0 1
  316.046875 232.0 4
  316.179962 76.0 1
  318.65450999999996 164.0 3
  319.15252699999996 9.556818 0
  319.78079199999996 100.0 2
  320.033844 164.0 3
  320.428009 60.0 1
  320.87042199999996 164.0 3
  321.144226 144.0 2
  321.36499 240.0 4
  322.135773 160.0 3
  322.505615 132.0 2
  322.825073 156.0 3
  322.85351599999996 52.0 1
  325.120453 133.080994 2
  325.43334999999996 168.0 3
  326.29834 148.0 3
  326.318268 40.0 1
  327.121948 184.0 3
  327.226166 148.0 3
  328.606812 92.0 2
  329.02496299999996 204.0 3
  329.37960799999996 144.0 2
  329.75592 116.0 2
  330.131989 148.0 3
  330.779907 112.0 2
  332.130768 132.0 2
  333.557251 112.0 2
  333.80426 120.0 2
  334.471405 148.0 3
  336.035278 296.0 5
  336.284973 184.0 3
  336.65982099999997 236.0 4
  337.893646 88.0 1
  339.656769 116.0 2
  341.26354999999995 172.0 3
  341.355286 244.0 4
  342.424805 48.0 1
  343.488617 208.0 4
  344.99902299999997 168.0 3
  345.43136599999997 68.0 1
  345.980103 100.0 2
  347.26236 64.0 1
  347.45172099999996 84.0 1
  348.367889 88.0 1
  348.83334399999995 8.304112 0
  349.07293699999997 1012.0 17
  351.764069 148.0 3
  351.93924 136.0 2
  352.110565 172.0 3
  352.70214799999997 28.0 0
  353.118561 148.0 3
  353.859643 180.0 3
  354.12307699999997 104.0 2
  354.200287 180.0 3
  354.224182 848.0 14
  354.89395099999996 228.0 4
  355.207581 180.0 3
  356.18130499999995 160.0 3
  356.67544599999997 128.0 2
  357.664361 104.0 2
  357.924896 80.0 1
  358.05810499999995 160.0 3
  358.674957 64.0 1
  358.72522 64.0 1
  359.57388299999997 184.0 3
  360.010986 100.0 2
  360.212738 31.035721 1
  361.49118 68.0 1
  361.716034 64.0 1
  362.064087 80.0 1
  363.88622999999995 156.0 3
  364.146973 60.0 1
  365.890808 248.0 4
  368.131287 43132.0 729
  368.321014 96.0 2
  370.157806 176.0 3
  371.865326 160.0 3
  371.97287 60.0 1
  374.04684399999996 172.0 3
  374.241364 144.0 2
  375.099609 148.0 3
  375.70867899999996 92.0 2
  377.734192 88.0 1
  380.220056 152.0 3
  382.157898 112.0 2
  384.07647699999995 124.0 2
  384.187836 100.0 2
  386.623962 200.0 3
  387.210602 276.0 5
  387.626648 140.0 2
  388.63543699999997 56.0 1
  391.149438 148.0 3
  391.571899 96.0 2
  392.319397 1471.397705 25
  393.95361299999996 76.0 1
  401.042664 132.0 2
  402.34869399999997 100.0 2
  402.54205299999995 60.0 1
  402.576508 84.0 1
  403.764374 128.0 2
  409.23265999999995 172.0 3
  409.715485 104.0 2
  409.830872 88.0 1
  410.18798799999996 108.0 2
  413.758575 294.637238 5
  415.399231 120.0 2
  415.574036 64.0 1
  416.170746 160.0 3
  420.154999 228.0 4
  420.69366499999995 32.0 1
  427.48360599999995 160.0 3
  434.205994 144.0 2
  434.2435 136.0 2
  435.290466 168.0 3
  438.779968 116.0 2
  439.99929799999995 52.0 1
  441.017029 144.0 2
  444.005615 168.0 3
  446.001373 100.0 2
  446.31436199999996 148.0 3
  448.171051 44.0 1
  449.140289 172.0 3
  449.685303 124.0 2
  450.92453 116.0 2
  455.210175 116.0 2
  457.461639 120.0 2
  457.981476 136.0 2
  459.15570099999997 51.097878 1
  460.49850499999997 132.0 2
  464.258057 332.0 6
  465.20574999999997 184.0 3
  467.322723 7780.0 132
  470.138123 1060.0 18
//
