ACCESSION: CCMSLIB00000078806
RECORD_TITLE: decoy
DATE: 2015.11.20
AUTHORS: Administrator
LICENSE: CC BY-SA
CH$NAME: decoy
CH$COMPOUND_CLASS: Natural Product
CH$FORMULA: C9H10N2O2S
CH$EXACT_MASS: 210.04629856
CH$SMILES: N/A
CH$IUPAC: decoy
CH$LINK: N/A
AC$INSTRUMENT: decoy
AC$INSTRUMENT_TYPE: decoy
AC$MASS_SPECTROMETRY: MS_TYPE MS2
AC$MASS_SPECTROMETRY: ION_MODE POSITIVE
AC$MASS_SPECTROMETRY: COLLISION_ENERGY 10 V
MS$FOCUSED_ION: PRECURSOR_M/Z 211
MS$FOCUSED_ION: PRECURSOR_TYPE [M+H]+
PK$NUM_PEAK: 51
PK$PEAK: m/z int. rel.int.
  46.458294 240.0 25
  50.86171 76.0 8
  53.300766 188.0 20
  63.5369 112.0 12
  63.821354 108.0 11
  65.054047 224.0 23
  66.768982 36.0 4
  69.60535399999999 160.0 17
  70.18762199999999 188.0 20
  77.04611999999999 152.0 16
  80.194885 148.0 15
  80.872543 156.0 16
  82.065598 184.0 19
  85.54373199999999 176.0 18
  89.01254999999999 84.0 9
  98.192894 220.0 23
  98.739716 152.0 16
  101.416443 67.818558 7
  106.34722099999999 152.0 16
  108.49063899999999 152.0 16
  112.12063599999999 10.85938 1
  113.05986 7507.018066 781
  113.176079 272.0 28
  117.21971099999999 144.0 15
  120.513351 104.0 11
  123.464546 196.0 20
  124.489098 156.0 16
  127.031792 56.0 6
  131.41163600000002 212.0 22
  133.73417700000002 5.50641 1
  133.766403 8.262236 1
  136.083878 468.0 49
  138.62883000000002 212.0 22
  142.655975 156.0 16
  143.89561500000002 144.0 15
  146.420151 76.0 8
  157.03862 632.0 66
  160.07518000000002 352.0 37
  161.321625 60.0 6
  161.653702 176.0 18
  176.60295100000002 132.0 14
  179.045395 9600.0 999
  181.387665 152.0 16
  184.700851 184.0 19
  187.391251 40.0 4
  193.59127800000002 228.0 24
  197.498016 68.0 7
  201.069672 132.0 14
  206.068207 204.0 21
  210.280777 172.0 18
  211.055801 344.0 36
//
