ACCESSION: CCMSLIB00000079497
RECORD_TITLE: decoy
DATE: 2015.11.20
AUTHORS: Administrator
LICENSE: CC BY-SA
CH$NAME: decoy
CH$COMPOUND_CLASS: Natural Product
CH$FORMULA: C11H11NO3
CH$EXACT_MASS: 205.07389321199997
CH$SMILES: N/A
CH$IUPAC: decoy
CH$LINK: N/A
AC$INSTRUMENT: decoy
AC$INSTRUMENT_TYPE: decoy
AC$MASS_SPECTROMETRY: MS_TYPE MS2
AC$MASS_SPECTROMETRY: ION_MODE POSITIVE
AC$MASS_SPECTROMETRY: COLLISION_ENERGY 10 V
MS$FOCUSED_ION: PRECURSOR_M/Z 206
MS$FOCUSED_ION: PRECURSOR_TYPE [M+H]+
PK$NUM_PEAK: 1332
PK$PEAK: m/z int. rel.int.
  38.365712 140.0 2
  44.971409 144.0 2
  45.026093 120.0 2
  45.345718 92.0 1
  45.357365 140.0 2
  45.444042 56.0 1
  45.606346 176.0 3
  45.664467 172.0 2
  46.259899000000004 104.0 1
  46.28302 168.0 2
  46.44326 168.0 2
  46.477268 72.0 1
  46.595726 156.0 2
  46.878036 160.0 2
  46.918945 320.0 5
  47.06255 112.0 2
  47.148148 160.0 2
  47.178986 108.0 2
  47.259392 104.0 1
  47.284485000000004 132.0 2
  47.475464 188.0 3
  47.735493 148.0 2
  47.956848 304.0 4
  48.235897 180.0 3
  48.290947 120.0 2
  48.321808000000004 160.0 2
  48.33419 152.0 2
  48.396297000000004 36.0 1
  48.502369 264.0 4
  48.70303 164.0 2
  48.710758 72.0 1
  49.265255 128.0 2
  49.381371 196.0 3
  49.449818 72.0 1
  49.576103 280.0 4
  49.640091 84.0 1
  49.673367 172.0 2
  49.792709 96.0 1
  49.949245000000005 112.0 2
  50.022522 184.0 3
  50.030499 132.0 2
  50.180031 412.0 6
  50.203537000000004 132.0 2
  50.413822 136.0 2
  50.575359 256.0 4
  51.087353 72.0 1
  51.101849 156.0 2
  51.269612 176.0 3
  51.353287 88.0 1
  51.48888 144.0 2
  51.821945 56.0 1
  52.113594 128.0 2
  52.194012 176.0 3
  52.228352 164.0 2
  52.45591 216.0 3
  52.547718 116.0 2
  52.652088 224.0 3
  52.749714000000004 80.0 1
  52.953629 160.0 2
  53.260731 64.0 1
  53.422623 104.0 1
  53.487526 324.0 5
  53.648506000000005 160.0 2
  53.872822 132.0 2
  53.912727000000004 44.0 1
  54.258209 176.0 3
  54.379788000000005 148.0 2
  54.387283000000004 120.0 2
  54.412437000000004 116.0 2
  54.614067 128.0 2
  54.745861000000005 196.0 3
  54.835121 180.0 3
  54.913811 120.0 2
  55.053295 232.0 3
  55.167950000000005 136.0 2
  55.453426 196.0 3
  55.463795000000005 172.0 2
  55.498634 132.0 2
  55.84164 168.0 2
  55.95277 168.0 2
  56.396416 176.0 3
  56.826004000000005 260.0 4
  56.855858000000005 372.0 5
  56.915699000000004 96.0 1
  56.9506 120.0 2
  57.073460000000004 176.0 3
  57.146637 168.0 2
  57.160576 160.0 2
  57.280666000000004 124.0 2
  57.474339 128.0 2
  57.512604 184.0 3
  57.516392 160.0 2
  57.618313 124.0 2
  57.834904 152.0 2
  57.837696 172.0 2
  57.863499000000004 160.0 2
  57.966103000000004 104.0 1
  57.979485000000004 200.0 3
  58.118591 228.0 3
  58.243877000000005 204.0 3
  58.320744000000005 180.0 3
  58.387505000000004 180.0 3
  58.618519 156.0 2
  58.8801 164.0 2
  58.925186000000004 176.0 3
  59.101513000000004 188.0 3
  59.121758 168.0 2
  59.169353 192.0 3
  59.541508 76.0 1
  59.586262000000005 148.0 2
  59.630295000000004 244.0 4
  59.644787 252.0 4
  59.713169 180.0 3
  59.792717 136.0 2
  59.863441 144.0 2
  59.863533000000004 84.0 1
  59.872131 96.0 1
  59.951756 124.0 2
  60.048534000000004 200.0 3
  60.129982 188.0 3
  60.309036 200.0 3
  60.483974 144.0 2
  60.560051 200.0 3
  60.729485000000004 100.0 1
  60.851322 248.0 4
  60.946251000000004 296.0 4
  61.240952 216.0 3
  61.283794 204.0 3
  61.286606 76.0 1
  61.505081000000004 224.0 3
  61.910843 172.0 2
  61.998737 168.0 2
  62.034618 52.0 1
  62.253376 180.0 3
  62.302647 160.0 2
  62.390781000000004 168.0 2
  62.417263 160.0 2
  62.690033 176.0 3
  62.940556 64.0 1
  62.96273 156.0 2
  63.019192000000004 132.0 2
  63.038002 188.0 3
  63.078945000000004 160.0 2
  63.121647 148.0 2
  63.184143 192.0 3
  63.268364 80.0 1
  63.269028 164.0 2
  63.472828 140.0 2
  63.661934 180.0 3
  63.684151 184.0 3
  63.851929 368.0 5
  64.030663 156.0 2
  64.099693 156.0 2
  64.100311 152.0 2
  64.216034 264.0 4
  64.342545 356.0 5
  64.421448 148.0 2
  64.45058399999999 216.0 3
  64.560074 176.0 3
  64.817474 224.0 3
  64.880135 144.0 2
  64.88046299999999 216.0 3
  64.941109 400.0 6
  65.205765 116.0 2
  65.23009499999999 80.0 1
  65.326515 120.0 2
  65.477936 108.0 2
  65.60524 112.0 2
  65.79195399999999 52.0 1
  65.83518199999999 208.0 3
  66.05484 112.0 2
  66.124657 196.0 3
  66.14611099999999 156.0 2
  66.39413499999999 200.0 3
  66.467987 144.0 2
  66.480042 108.0 2
  66.914986 152.0 2
  67.059608 120.0 2
  67.286896 160.0 2
  67.287178 144.0 2
  67.35314199999999 220.0 3
  67.631485 172.0 2
  67.661819 160.0 2
  67.74131 108.0 2
  67.77976199999999 180.0 3
  67.864632 112.0 2
  68.37226899999999 132.0 2
  68.400803 188.0 3
  68.451561 160.0 2
  68.871597 112.0 2
  68.942528 132.0 2
  69.05051399999999 220.0 3
  69.35769699999999 168.0 2
  69.43090099999999 108.0 2
  69.50360099999999 208.0 3
  70.324112 328.0 5
  70.48660299999999 164.0 2
  70.87428999999999 56.0 1
  70.92023499999999 196.0 3
  70.95749699999999 204.0 3
  71.156227 160.0 2
  71.326439 216.0 3
  71.352913 144.0 2
  71.38913 176.0 3
  71.440659 164.0 2
  71.589035 40.0 1
  71.73730499999999 164.0 2
  71.770035 180.0 3
  71.77154499999999 208.0 3
  71.795464 216.0 3
  71.90714299999999 212.0 3
  71.96758299999999 160.0 2
  72.133102 172.0 2
  72.228676 120.0 2
  72.264923 176.0 3
  72.29729499999999 56.0 1
  72.35679599999999 304.0 4
  72.56665 196.0 3
  72.58911099999999 140.0 2
  72.62675499999999 172.0 2
  72.639236 168.0 2
  72.71582799999999 196.0 3
  73.14581299999999 156.0 2
  73.18379999999999 184.0 3
  73.309044 36.0 1
  73.83689899999999 184.0 3
  73.913277 200.0 3
  73.963234 168.0 2
  74.091949 100.0 1
  74.207825 136.0 2
  74.45073699999999 240.0 3
  74.465858 168.0 2
  75.12415299999999 248.0 4
  75.327545 196.0 3
  75.53568999999999 236.0 3
  75.54592099999999 144.0 2
  75.681343 284.0 4
  75.82174699999999 100.0 1
  76.034325 112.0 2
  76.095581 76.0 1
  76.34549 200.0 3
  76.487068 132.0 2
  76.59745 48.0 1
  76.655052 176.0 3
  76.78994 224.0 3
  77.04937 184.0 3
  77.075577 172.0 2
  77.124298 92.0 1
  77.236145 212.0 3
  77.631569 152.0 2
  77.65360299999999 144.0 2
  77.800011 96.0 1
  77.978951 180.0 3
  78.00488999999999 140.0 2
  78.089607 192.0 3
  78.10938999999999 180.0 3
  78.34865599999999 164.0 2
  78.43238799999999 108.0 2
  78.453217 48.0 1
  78.625084 220.0 3
  78.852234 48.0 1
  79.069267 212.0 3
  79.12619 268.0 4
  79.400528 112.0 2
  79.46517899999999 148.0 2
  79.638115 140.0 2
  79.649681 148.0 2
  79.70021799999999 204.0 3
  79.87668599999999 100.0 1
  79.90516699999999 212.0 3
  80.639687 96.0 1
  80.94699899999999 200.0 3
  80.94749499999999 116.0 2
  80.983925 192.0 3
  81.28259299999999 140.0 2
  81.49426299999999 84.0 1
  82.77606999999999 96.0 1
  82.822098 188.0 3
  83.5214 208.0 3
  83.716675 200.0 3
  84.119568 172.0 2
  84.311478 164.0 2
  84.33537299999999 240.0 3
  84.462677 188.0 3
  84.55924999999999 284.0 4
  84.63192 152.0 2
  85.02416199999999 44.0 1
  85.250694 212.0 3
  85.37954699999999 196.0 3
  85.656021 148.0 2
  85.691925 176.0 3
  85.70298799999999 156.0 2
  85.72493 172.0 2
  85.995064 160.0 2
  86.13761099999999 260.0 4
  86.17577399999999 152.0 2
  86.698349 200.0 3
  86.70273599999999 128.0 2
  86.825623 152.0 2
  86.942093 200.0 3
  87.05496199999999 172.0 2
  87.19789899999999 184.0 3
  87.22406799999999 176.0 3
  87.363609 224.0 3
  87.40472399999999 176.0 3
  87.68745399999999 124.0 2
  87.770309 176.0 3
  87.81386599999999 208.0 3
  87.842941 200.0 3
  88.058205 164.0 2
  88.233925 124.0 2
  88.321434 196.0 3
  88.769943 176.0 3
  89.097352 204.0 3
  89.31841999999999 180.0 3
  89.454872 152.0 2
  89.839119 156.0 2
  90.179932 212.0 3
  90.190254 192.0 3
  90.30499999999999 164.0 2
  90.423378 268.0 4
  90.48361999999999 100.0 1
  90.515152 188.0 3
  90.542717 192.0 3
  90.55590099999999 160.0 2
  90.60381299999999 132.0 2
  90.721245 160.0 2
  90.88336899999999 168.0 2
  90.99885599999999 44.0 1
  91.151253 188.0 3
  91.284363 196.0 3
  91.31807699999999 44.0 1
  91.38388099999999 156.0 2
  91.79892699999999 212.0 3
  92.20378099999999 140.0 2
  92.24995399999999 128.0 2
  92.405777 140.0 2
  92.649574 156.0 2
  92.685333 116.0 2
  92.689247 152.0 2
  92.708878 144.0 2
  92.76312999999999 192.0 3
  92.841293 172.0 2
  93.057732 3504.0 50
  93.73091099999999 104.0 1
  93.83808099999999 236.0 3
  93.87636599999999 280.0 4
  93.96766699999999 140.0 2
  94.088219 140.0 2
  94.21103699999999 128.0 2
  94.356377 144.0 2
  94.36877399999999 216.0 3
  94.405312 176.0 3
  94.82177 200.0 3
  94.922142 152.0 2
  94.96350899999999 120.0 2
  94.963905 284.0 4
  94.96565199999999 212.0 3
  95.00385999999999 132.0 2
  95.05382499999999 176.0 3
  95.08461 144.0 2
  95.14815499999999 116.0 2
  95.23789199999999 112.0 2
  95.368286 168.0 2
  95.382736 188.0 3
  95.46637 152.0 2
  95.472397 212.0 3
  95.97022199999999 184.0 3
  96.03772699999999 144.0 2
  96.115997 60.0 1
  96.26638 212.0 3
  96.29171799999999 148.0 2
  96.611588 184.0 3
  96.63588 112.0 2
  96.64643099999999 52.0 1
  96.702576 164.0 2
  96.726654 104.0 1
  96.81837499999999 112.0 2
  96.824806 184.0 3
  97.021614 252.0 4
  97.156982 112.0 2
  97.182312 172.0 2
  97.406471 144.0 2
  97.448616 80.0 1
  97.484825 120.0 2
  97.551971 204.0 3
  97.644646 168.0 2
  97.683517 188.0 3
  97.82309 236.0 3
  97.82513399999999 160.0 2
  97.87344399999999 124.0 2
  97.896294 324.0 5
  98.13169099999999 216.0 3
  98.16529799999999 204.0 3
  98.21637 180.0 3
  98.29763 128.0 2
  98.47316 188.0 3
  98.477699 184.0 3
  98.89093 200.0 3
  98.935295 196.0 3
  99.14299799999999 320.0 5
  99.206825 72.0 1
  99.20768699999999 168.0 2
  99.367432 196.0 3
  99.435379 64.0 1
  99.473824 132.0 2
  99.652222 156.0 2
  99.76662499999999 180.0 3
  99.78083799999999 164.0 2
  99.945152 128.0 2
  100.053978 176.0 3
  100.067825 168.0 2
  100.14411199999999 208.0 3
  100.282799 156.0 2
  100.30358899999999 164.0 2
  100.325775 96.0 1
  100.471497 228.0 3
  100.49707799999999 180.0 3
  100.51714299999999 144.0 2
  100.67778 180.0 3
  100.84516099999999 80.0 1
  101.064568 204.0 3
  101.155006 128.0 2
  101.376656 64.0 1
  101.517288 144.0 2
  101.576584 172.0 2
  101.587074 188.0 3
  101.811775 232.0 3
  102.14420299999999 68.0 1
  102.144432 116.0 2
  102.19601399999999 156.0 2
  102.22627999999999 92.0 1
  102.26651 48.0 1
  102.39340999999999 188.0 3
  102.46013599999999 108.0 2
  102.50694299999999 120.0 2
  102.531212 192.0 3
  102.72522 136.0 2
  102.985062 184.0 3
  103.051277 124.0 2
  103.176552 160.0 2
  103.331116 140.0 2
  103.462875 200.0 3
  103.485603 64.0 1
  103.640839 160.0 2
  103.822548 200.0 3
  104.05214699999999 144.0 2
  104.05583999999999 448.0 6
  104.08622 160.0 2
  104.096657 180.0 3
  104.294716 168.0 2
  104.43985699999999 272.0 4
  104.542221 276.0 4
  104.651894 144.0 2
  104.67150099999999 196.0 3
  104.70137799999999 192.0 3
  104.773674 172.0 2
  104.829292 104.0 1
  104.839767 152.0 2
  104.90156599999999 52.0 1
  105.05594599999999 2464.0 35
  105.069412 1265.901001 18
  105.07019799999999 436.0 6
  105.071556 180.0 3
  105.183578 56.0 1
  105.29770699999999 68.0 1
  105.37648 100.0 1
  105.482407 132.0 2
  105.508263 160.0 2
  105.65358699999999 64.0 1
  105.76143599999999 184.0 3
  105.78648399999999 220.0 3
  105.86904899999999 160.0 2
  106.015419 180.0 3
  106.062187 204.0 3
  106.11128199999999 124.0 2
  106.181198 144.0 2
  106.334091 224.0 3
  106.361206 184.0 3
  106.567291 64.0 1
  106.67617 160.0 2
  106.694305 156.0 2
  106.950333 148.0 2
  107.18480699999999 132.0 2
  107.192757 196.0 3
  107.194679 184.0 3
  107.219376 212.0 3
  107.23216199999999 236.0 3
  107.29128299999999 11.03985 0
  107.435532 416.0 6
  107.44454999999999 220.0 3
  107.503273 148.0 2
  107.55289499999999 120.0 2
  107.73782299999999 204.0 3
  107.768417 36.0 1
  108.078049 156.0 2
  108.107903 196.0 3
  108.178062 204.0 3
  108.245262 168.0 2
  108.320915 168.0 2
  108.43331099999999 128.0 2
  108.435677 100.0 1
  108.47177099999999 140.0 2
  108.493782 196.0 3
  108.632195 172.0 2
  108.949379 144.0 2
  109.092545 52.0 1
  109.14703399999999 96.0 1
  109.188278 216.0 3
  109.22654 100.0 1
  109.38655899999999 260.0 4
  109.44126899999999 10.79594 0
  109.52293399999999 176.0 3
  109.58966799999999 208.0 3
  109.618439 5.666667 0
  109.647278 176.0 3
  109.678596 140.0 2
  109.809113 160.0 2
  109.828178 136.0 2
  109.932541 140.0 2
  109.99704 128.0 2
  110.04212199999999 148.0 2
  110.069588 220.0 3
  110.109444 160.0 2
  110.33071899999999 164.0 2
  110.35904699999999 236.0 3
  110.39001499999999 172.0 2
  110.40001699999999 160.0 2
  110.425095 140.0 2
  110.454376 252.0 4
  110.46433999999999 216.0 3
  110.75177799999999 120.0 2
  110.912872 144.0 2
  110.92418699999999 132.0 2
  111.067459 2540.0 36
  111.069313 280.0 4
  111.132172 160.0 2
  111.18212899999999 148.0 2
  111.222725 180.0 3
  111.28182199999999 172.0 2
  111.29242699999999 208.0 3
  111.42152399999999 124.0 2
  111.521278 124.0 2
  111.65937 156.0 2
  111.726562 216.0 3
  111.812958 160.0 2
  112.14829999999999 240.0 3
  112.164436 96.0 1
  112.255714 140.0 2
  112.26947 192.0 3
  112.32861299999999 128.0 2
  112.36050399999999 148.0 2
  112.371338 160.0 2
  112.716652 132.0 2
  112.720169 196.0 3
  112.80854799999999 172.0 2
  112.959885 44.0 1
  113.06154599999999 368.0 5
  113.26797499999999 244.0 4
  113.426155 192.0 3
  113.446495 160.0 2
  113.55313899999999 136.0 2
  113.56558199999999 156.0 2
  113.622597 140.0 2
  113.737686 88.0 1
  114.042801 468.0 7
  114.07177 176.0 3
  114.10363799999999 184.0 3
  114.115929 176.0 3
  114.19084199999999 228.0 3
  114.191628 184.0 3
  114.296257 140.0 2
  114.37397 196.0 3
  114.634605 208.0 3
  114.66476399999999 56.0 1
  114.922867 116.0 2
  114.978493 80.0 1
  115.12183399999999 136.0 2
  115.320633 140.0 2
  115.41964 30.85866 0
  115.83112299999999 180.0 3
  115.865303 208.0 3
  116.00617199999999 152.0 2
  116.1064 188.0 3
  116.538879 192.0 3
  116.56089 152.0 2
  116.715538 84.0 1
  116.856743 200.0 3
  116.992188 164.0 2
  117.042549 148.0 2
  117.093018 168.0 2
  117.235672 168.0 2
  117.370407 204.0 3
  117.422264 92.0 1
  117.817703 192.0 3
  117.82798 132.0 2
  117.844055 160.0 2
  117.885498 124.0 2
  117.960228 140.0 2
  118.013268 148.0 2
  118.138824 164.0 2
  118.520721 240.0 3
  118.69708999999999 212.0 3
  118.763824 120.0 2
  118.82515699999999 296.0 4
  118.83043699999999 548.0 8
  118.869484 188.0 3
  119.011879 108.0 2
  119.037346 212.0 3
  119.040115 180.0 3
  119.056793 44.0 1
  119.070259 204.0 3
  119.07328799999999 252.0 4
  119.3283 108.0 2
  119.34365799999999 80.0 1
  119.376007 8.208333 0
  119.44601399999999 156.0 2
  119.50321199999999 36.0 1
  119.84925799999999 192.0 3
  119.955833 136.0 2
  120.049843 136.0 2
  120.138229 184.0 3
  120.266273 184.0 3
  120.37400799999999 144.0 2
  120.643959 192.0 3
  120.71318099999999 256.0 4
  120.80356599999999 168.0 2
  120.955956 276.0 4
  121.053558 204.0 3
  121.062035 1252.0 18
  121.12825 56.0 1
  121.13639099999999 200.0 3
  121.143524 3.0 0
  121.220894 176.0 3
  121.303192 140.0 2
  121.41339099999999 148.0 2
  121.413506 112.0 2
  121.430565 220.0 3
  121.525673 180.0 3
  121.563614 156.0 2
  121.798599 180.0 3
  121.81713099999999 108.0 2
  121.972534 172.0 2
  122.094185 60.0 1
  122.111229 88.0 1
  122.166153 152.0 2
  122.17120399999999 5.375 0
  122.215492 172.0 2
  122.287582 116.0 2
  122.315857 208.0 3
  122.459396 152.0 2
  122.663445 192.0 3
  122.693123 320.0 5
  122.72290799999999 176.0 3
  122.74838299999999 224.0 3
  122.894646 144.0 2
  122.91276599999999 236.0 3
  122.92205 164.0 2
  122.94594599999999 188.0 3
  123.04190799999999 188.0 3
  123.045311 156.0 2
  123.06863399999999 148.0 2
  123.082169 124.0 2
  123.21353099999999 156.0 2
  123.397285 192.0 3
  123.512001 160.0 2
  123.659088 164.0 2
  123.67592599999999 160.0 2
  123.73610699999999 124.0 2
  123.76508299999999 192.0 3
  123.780869 124.0 2
  124.18956 40.0 1
  124.372604 200.0 3
  124.71032 124.0 2
  124.754211 216.0 3
  124.80278 80.0 1
  124.90052 64.0 1
  124.928062 132.0 2
  125.100021 160.0 2
  125.727875 92.0 1
  125.804588 136.0 2
  125.96955899999999 31.28392 0
  126.059418 148.0 2
  126.183388 140.0 2
  126.19614399999999 108.0 2
  126.34446 168.0 2
  126.53248599999999 108.0 2
  126.553558 112.0 2
  126.654709 52.0 1
  126.70500899999999 176.0 3
  126.768974 80.0 1
  126.79972099999999 56.0 1
  126.946991 152.0 2
  126.955894 192.0 3
  126.969788 116.0 2
  127.01729599999999 140.0 2
  127.29480699999999 84.0 1
  127.326607 92.0 1
  127.410759 48.0 1
  127.422203 140.0 2
  127.504555 156.0 2
  127.54354099999999 128.0 2
  127.72728 48.0 1
  127.763718 68.0 1
  127.811066 104.0 1
  127.84845 140.0 2
  128.233307 128.0 2
  128.264954 172.0 2
  128.412949 152.0 2
  128.451172 144.0 2
  128.58599900000002 200.0 3
  128.636398 176.0 3
  128.687973 168.0 2
  128.716919 180.0 3
  128.917786 192.0 3
  128.973434 152.0 2
  129.06662 184.0 3
  129.483902 112.0 2
  129.780655 252.0 4
  129.89300500000002 160.0 2
  129.90060400000002 68.0 1
  130.049072 156.0 2
  130.10585 260.0 4
  130.179688 200.0 3
  130.28268400000002 108.0 2
  130.283264 56.0 1
  130.457077 208.0 3
  130.540253 52.0 1
  130.612579 216.0 3
  130.746246 116.0 2
  130.91497800000002 48.0 1
  131.04393000000002 48.0 1
  131.048462 280.0 4
  131.35067700000002 332.0 5
  131.367783 120.0 2
  131.374664 148.0 2
  131.592682 224.0 3
  131.63441500000002 144.0 2
  131.809662 204.0 3
  131.858216 132.0 2
  131.947037 128.0 2
  132.07634000000002 204.0 3
  132.111206 132.0 2
  132.161652 156.0 2
  132.488052 40.0 1
  132.53096000000002 164.0 2
  132.681625 212.0 3
  132.825928 116.0 2
  133.082336 220.0 3
  133.137573 176.0 3
  133.24662800000002 100.0 1
  133.30075100000002 208.0 3
  133.3358 144.0 2
  133.466888 164.0 2
  133.678268 120.0 2
  133.72714200000001 80.0 1
  133.741119 196.0 3
  133.970215 140.0 2
  133.977448 212.0 3
  134.003845 148.0 2
  134.047867 76.0 1
  134.091797 120.0 2
  134.27113300000002 160.0 2
  134.359741 48.0 1
  134.362747 156.0 2
  134.498108 160.0 2
  134.498535 188.0 3
  134.59618500000002 160.0 2
  134.733932 76.0 1
  134.78559900000002 96.0 1
  134.78732300000001 8.2075 0
  134.80294800000001 104.0 1
  134.874268 132.0 2
  134.89596600000002 64.0 1
  135.00936900000002 204.0 3
  135.317337 109.976601 2
  135.379074 124.0 2
  135.5522 208.0 3
  135.67871100000002 156.0 2
  135.826675 172.0 2
  135.827271 168.0 2
  135.98271200000002 176.0 3
  135.998245 252.0 4
  136.01602200000002 316.0 5
  136.035202 184.0 3
  136.040955 460.0 7
  136.086655 920.0 13
  136.10495 228.0 3
  136.229858 44.0 1
  136.260117 28.0 0
  136.28576700000002 228.0 3
  136.32603500000002 132.0 2
  136.599747 168.0 2
  136.66935700000002 68.0 1
  136.67288200000002 140.0 2
  136.67775 172.0 2
  136.71490500000002 172.0 2
  136.99705500000002 152.0 2
  137.148529 212.0 3
  137.43545500000002 80.0 1
  137.52693200000002 112.0 2
  137.580612 64.0 1
  137.70867900000002 112.0 2
  137.734894 100.0 1
  137.806091 176.0 3
  137.850906 68.0 1
  138.07324200000002 104.0 1
  138.175079 44.0 1
  138.177505 160.0 2
  138.340363 156.0 2
  138.53294400000001 56.0 1
  138.537003 204.0 3
  138.576584 92.0 1
  138.61827100000002 172.0 2
  138.636597 216.0 3
  138.78616300000002 168.0 2
  138.797729 140.0 2
  139.01872300000002 112.0 2
  139.120651 200.0 3
  139.563309 136.0 2
  139.80792200000002 148.0 2
  139.954697 100.0 1
  139.96644600000002 164.0 2
  139.989105 80.0 1
  140.055634 184.0 3
  140.103195 2260.0 32
  140.131119 104.0 1
  140.18779 104.0 1
  140.22482300000001 216.0 3
  140.315887 148.0 2
  140.35437000000002 116.0 2
  140.37117 148.0 2
  140.58448800000002 148.0 2
  140.608093 196.0 3
  140.692673 220.0 3
  140.741104 140.0 2
  141.018234 268.0 4
  141.097565 180.0 3
  141.375107 64.0 1
  141.422455 124.0 2
  141.43457 96.0 1
  141.497375 192.0 3
  141.520828 236.0 3
  141.767258 176.0 3
  142.15029900000002 148.0 2
  142.231827 2.340278 0
  142.347122 196.0 3
  142.45661900000002 188.0 3
  142.652496 168.0 2
  142.684021 92.0 1
  142.786514 120.0 2
  142.800049 188.0 3
  142.983948 56.0 1
  143.075638 124.0 2
  143.11135900000002 92.0 1
  143.18467700000002 212.0 3
  143.344086 88.0 1
  143.37793000000002 124.0 2
  143.42453 140.0 2
  143.547989 28.0 0
  143.56092800000002 172.0 2
  143.568466 96.0 1
  143.66803000000002 156.0 2
  143.951965 196.0 3
  143.954865 152.0 2
  143.96765100000002 144.0 2
  144.02589400000002 176.0 3
  144.21185300000002 128.0 2
  144.50633200000001 196.0 3
  144.537857 188.0 3
  144.604126 152.0 2
  144.65832500000002 200.0 3
  144.716354 180.0 3
  144.757538 220.0 3
  144.87286400000002 88.0 1
  144.914566 152.0 2
  144.94343600000002 104.0 1
  144.948853 192.0 3
  145.018845 72.0 1
  145.071732 176.0 3
  145.07638500000002 1100.0 16
  145.107925 104.0 1
  145.184845 388.0 6
  145.606247 180.0 3
  145.71090700000002 180.0 3
  145.739441 184.0 3
  146.000092 224.0 3
  146.069565 140.0 2
  146.317429 276.0 4
  146.329651 25.347219 0
  146.395203 108.0 2
  146.51992800000002 136.0 2
  146.579926 204.0 3
  146.726974 308.0 4
  146.813705 116.0 2
  147.065369 172.0 2
  147.07328800000002 76.0 1
  147.183121 160.0 2
  147.24752800000002 120.0 2
  147.324722 192.0 3
  147.40484600000002 19.616329 0
  147.44833400000002 104.0 1
  147.55041500000002 40.0 1
  147.585464 40.0 1
  147.843277 152.0 2
  147.92776500000002 208.0 3
  147.94206200000002 156.0 2
  148.053894 188.0 3
  148.065552 148.0 2
  148.087219 804.0 12
  148.096146 176.0 3
  148.289215 224.0 3
  148.302536 228.0 3
  148.437881 108.0 2
  148.482468 172.0 2
  148.98988300000002 228.0 3
  149.123581 148.0 2
  149.13166800000002 324.0 5
  149.374359 136.0 2
  149.55174300000002 56.0 1
  149.583023 148.0 2
  149.738953 52.0 1
  149.75856000000002 136.0 2
  149.89355500000002 124.0 2
  150.058716 76.0 1
  150.226425 176.0 3
  150.28233300000002 164.0 2
  150.29989600000002 88.0 1
  150.380096 11.48989 0
  150.564972 64.0 1
  150.664948 68.0 1
  150.764175 144.0 2
  150.77740500000002 180.0 3
  150.901123 180.0 3
  150.93782000000002 104.0 1
  150.95640600000002 124.0 2
  150.979385 148.0 2
  151.001831 80.0 1
  151.04303000000002 160.0 2
  151.211197 88.0 1
  151.412689 180.0 3
  151.59887700000002 244.0 4
  151.66824300000002 168.0 2
  151.673706 216.0 3
  151.67569 172.0 2
  151.714325 84.0 1
  151.751404 68.0 1
  151.93489100000002 180.0 3
  152.060303 460.0 7
  152.108582 96.0 1
  152.115845 188.0 3
  152.125381 52.0 1
  152.126282 28.0 0
  152.136536 168.0 2
  152.238266 184.0 3
  152.453384 1.166667 0
  152.55349700000002 164.0 2
  152.588242 140.0 2
  152.95605500000002 76.0 1
  153.035507 144.0 2
  153.898605 160.0 2
  154.21850600000002 144.0 2
  154.24757400000001 184.0 3
  154.467468 4.760417 0
  154.564911 176.0 3
  154.619553 160.0 2
  154.78457600000002 184.0 3
  154.908432 132.0 2
  154.97906500000002 48.0 1
  155.08084100000002 648.0 9
  155.11535600000002 152.0 2
  155.310989 276.0 4
  155.856064 256.0 4
  156.090607 164.0 2
  156.166986 140.0 2
  156.280823 108.0 2
  156.516937 164.0 2
  156.660919 148.0 2
  156.986511 144.0 2
  157.129639 44.0 1
  157.256638 224.0 3
  157.33445700000001 176.0 3
  157.526382 112.0 2
  157.738693 96.0 1
  158.07139600000002 160.0 2
  158.086411 2300.0 33
  158.504623 176.0 3
  158.631516 124.0 2
  158.94989 180.0 3
  159.041763 128.0 2
  159.044693 1292.0 19
  159.090363 3516.0 51
  159.154953 112.0 2
  159.164154 52.0 1
  159.514114 180.0 3
  160.357605 168.0 2
  160.418854 32.0 0
  160.451675 148.0 2
  160.82988 132.0 2
  160.89746100000002 176.0 3
  160.94738800000002 144.0 2
  160.948898 228.0 3
  161.077011 180.0 3
  161.12411500000002 64.0 1
  161.16223100000002 52.0 1
  161.19296300000002 44.0 1
  161.356277 92.0 1
  161.415161 128.0 2
  161.496292 156.0 2
  161.505203 172.0 2
  161.52040100000002 244.0 4
  161.623291 92.0 1
  161.64617900000002 80.0 1
  161.744339 324.0 5
  162.021454 436.0 6
  162.04076500000002 144.0 2
  162.41102600000002 140.0 2
  162.415985 140.0 2
  162.482925 140.0 2
  162.517349 148.0 2
  162.65785200000002 64.0 1
  162.75082400000002 40.0 1
  162.924713 116.0 2
  162.973862 48.0 1
  162.97520500000002 444.0 6
  163.009216 64.0 1
  163.073105 1136.0 16
  163.10969500000002 32.7453 0
  163.20159900000002 116.0 2
  163.29405200000002 39.728741 1
  163.402863 176.0 3
  163.890762 5.512931 0
  163.94841 172.0 2
  163.984207 108.0 2
  164.034164 120.0 2
  164.069183 168.0 2
  164.257904 176.0 3
  164.463943 188.0 3
  164.47619600000002 140.0 2
  164.512558 84.0 1
  164.822845 132.0 2
  164.89093 184.0 3
  164.969864 148.0 2
  165.08775300000002 300.0 4
  165.881516 136.0 2
  165.978394 92.0 1
  166.074112 332.0 5
  166.139297 92.0 1
  166.227158 164.0 2
  166.480255 168.0 2
  166.49095200000002 168.0 2
  166.58467100000001 96.0 1
  166.814682 160.0 2
  167.018707 108.0 2
  167.083328 44.813629 1
  167.32341 40.0 1
  167.402161 140.0 2
  167.466461 68.0 1
  167.52842700000002 220.0 3
  167.86599700000002 80.0 1
  167.964371 232.0 3
  167.985825 120.0 2
  168.048035 72.0 1
  168.07840000000002 5036.0 72
  168.078476 132.0 2
  168.081329 2876.0 41
  168.084237 772.0 11
  168.234283 224.0 3
  168.302841 164.0 2
  168.482193 180.0 3
  168.48917500000002 148.0 2
  168.496902 164.0 2
  168.666077 36.0 1
  168.74435400000002 180.0 3
  168.81601 124.0 2
  169.052933 700.0 10
  169.098251 196.0 3
  169.15947 196.0 3
  169.20304900000002 144.0 2
  169.52598600000002 160.0 2
  169.768021 136.0 2
  170.09921300000002 212.0 3
  170.190796 112.0 2
  170.20927400000002 80.0 1
  170.237198 144.0 2
  170.245071 196.0 3
  170.33197 152.0 2
  170.70867900000002 136.0 2
  170.942078 200.0 3
  171.171097 172.0 2
  171.511292 124.0 2
  171.603882 11.44048 0
  171.633194 88.0 1
  171.852341 132.0 2
  171.922562 112.0 2
  171.977509 120.0 2
  172.017929 144.0 2
  172.01928700000002 148.0 2
  172.052872 324.0 5
  172.072571 352.0 5
  172.07486 532.0 8
  172.235947 144.0 2
  172.320358 356.0 5
  172.367432 144.0 2
  172.464066 308.0 4
  172.526337 208.0 3
  172.699951 160.0 2
  173.12818900000002 136.0 2
  173.151138 220.0 3
  173.19201700000002 176.0 3
  173.243988 60.0 1
  173.43112200000002 40.0 1
  173.451004 5.88 0
  173.496048 104.0 1
  173.56294300000002 72.0 1
  173.830704 176.0 3
  173.91832000000002 148.0 2
  173.931229 136.0 2
  174.052048 224.0 3
  174.176987 156.0 2
  174.324905 104.0 1
  174.939133 140.0 2
  175.036011 124.0 2
  175.096832 216.0 3
  175.10376000000002 116.0 2
  175.109039 692.0 10
  175.17337 148.0 2
  175.26387 104.0 1
  175.717401 160.0 2
  175.84402500000002 192.0 3
  175.863586 156.0 2
  176.118774 100.0 1
  176.281082 96.0 1
  176.47357200000002 108.0 2
  176.47374000000002 180.0 3
  176.480545 64.0 1
  177.05221600000002 1112.0 16
  177.08839400000002 4.372578 0
  177.187073 164.0 2
  177.190659 44.0 1
  177.259018 64.0 1
  177.32486 188.0 3
  177.415421 196.0 3
  177.63055400000002 80.0 1
  177.660233 43.845188 1
  177.668488 184.0 3
  177.81749000000002 40.0 1
  177.95112600000002 76.0 1
  178.039734 148.0 2
  178.088821 332.0 5
  178.308243 156.0 2
  178.725266 72.0 1
  178.93399000000002 224.0 3
  179.103714 40.0 1
  179.125168 140.0 2
  179.148987 44.0 1
  179.86389200000002 168.0 2
  179.923401 116.0 2
  180.082916 200.0 3
  180.345505 216.0 3
  180.80796800000002 172.0 2
  180.81684900000002 144.0 2
  181.117859 116.0 2
  181.175568 144.0 2
  181.20756500000002 56.0 1
  181.37184100000002 172.0 2
  181.91571000000002 112.0 2
  182.235214 80.0 1
  182.263443 84.0 1
  182.303741 108.0 2
  182.49923700000002 84.0 1
  182.573013 164.0 2
  182.647232 192.0 3
  182.92639200000002 224.0 3
  183.03491200000002 156.0 2
  183.12149000000002 152.0 2
  183.328476 3.691468 0
  183.79165600000002 120.0 2
  183.80079700000002 120.0 2
  183.84397900000002 172.0 2
  184.07457000000002 2760.0 40
  184.163528 56.0 1
  184.16656500000002 156.0 2
  184.221832 172.0 2
  184.36793500000002 156.0 2
  184.702393 56.0 1
  184.80722 124.0 2
  184.821594 204.0 3
  185.044861 384.0 6
  185.05983 176.0 3
  185.117233 69.760147 1
  185.149582 72.0 1
  185.39840700000002 136.0 2
  185.65763900000002 92.0 1
  185.759964 220.0 3
  186.06171500000002 164.0 2
  186.082275 14152.0 203
  186.117432 152.0 2
  186.128632 420.0 6
  186.131744 324.0 5
  186.23773200000002 148.0 2
  186.35595700000002 216.0 3
  186.399979 140.0 2
  186.55925000000002 280.0 4
  186.639343 72.0 1
  186.88133200000001 192.0 3
  187.07792700000002 840.0 12
  187.098892 128.0 2
  187.11618 4380.0 63
  187.18995700000002 148.0 2
  187.327042 228.0 3
  187.428406 124.0 2
  187.443039 96.0 1
  187.52475 180.0 3
  187.813446 136.0 2
  187.87716700000001 152.0 2
  187.90261900000002 152.0 2
  188.098007 2488.0 36
  188.11038200000002 128.0 2
  188.14592000000002 264.0 4
  188.96052600000002 152.0 2
  188.975479 212.0 3
  189.036484 248.0 4
  189.321045 140.0 2
  189.387344 140.0 2
  189.404572 220.0 3
  189.40759300000002 176.0 3
  189.487717 172.0 2
  189.544083 72.0 1
  190.014923 144.0 2
  190.467621 244.0 4
  191.07016000000002 220.0 3
  191.096878 44.0 1
  191.223297 68.0 1
  191.240967 140.0 2
  191.294037 7.578241 0
  191.35626200000002 176.0 3
  191.64291400000002 52.0 1
  191.92038 332.0 5
  192.041428 172.0 2
  192.06933600000002 204.0 3
  192.07598900000002 540.0 8
  192.376144 164.0 2
  192.703232 124.0 2
  192.773941 72.0 1
  192.774292 248.0 4
  192.78418000000002 168.0 2
  193.071716 5860.0 84
  193.338776 196.0 3
  193.463882 144.0 2
  193.90304600000002 136.0 2
  193.90832500000002 156.0 2
  194.103958 184.0 3
  194.327911 76.0 1
  194.38458300000002 172.0 2
  195.056564 96.0 1
  195.134552 44.0 1
  195.631989 144.0 2
  195.98614500000002 152.0 2
  196.08696 1764.0 25
  196.13562000000002 116.0 2
  196.196564 152.0 2
  196.277374 64.0 1
  196.458786 204.0 3
  196.471695 96.0 1
  196.864395 164.0 2
  196.944305 160.0 2
  197.094177 128.0 2
  197.097137 69544.0 999
  197.11676 220.0 3
  197.13613900000001 548.0 8
  197.226044 184.0 3
  197.329849 168.0 2
  197.4608 52.0 1
  197.740433 204.0 3
  198.05394 176.0 3
  198.073624 3.002451 0
  198.26396200000002 60.0 1
  198.674362 100.0 1
  198.741486 136.0 2
  198.870453 76.0 1
  198.895645 172.0 2
  199.230072 52.0 1
  199.371902 8.622726 0
  199.420059 124.0 2
  199.560562 68.0 1
  199.905991 144.0 2
  200.089249 200.0 3
  200.104996 172.0 2
  200.195724 196.0 3
  200.284943 160.0 2
  200.636383 184.0 3
  200.647644 196.0 3
  200.71975700000002 188.0 3
  200.83775300000002 136.0 2
  200.858932 52.0 1
  200.885696 192.0 3
  200.972778 180.0 3
  201.065613 856.0 12
  201.095337 152.0 2
  201.31668100000002 11.01852 0
  201.625885 6.736111 0
  202.235626 128.0 2
  202.534668 128.0 2
  202.769958 88.0 1
  202.90283200000002 76.0 1
  202.906448 220.0 3
  203.078461 5.666667 0
  203.09845 340.0 5
  203.169418 112.0 2
  203.314865 68.0 1
  203.92601000000002 124.0 2
  204.05122400000002 156.0 2
  204.088409 184.0 3
  204.322037 112.0 2
  204.62828100000002 88.0 1
  204.894226 140.0 2
  204.907715 104.0 1
  204.915649 188.0 3
  204.980301 80.0 1
  205.11657100000002 164.0 2
  205.161896 1.666667 0
  205.209656 88.0 1
  205.215469 44.0 1
  205.41217 76.0 1
  205.42700200000002 136.0 2
  205.44760100000002 164.0 2
  205.48812900000001 188.0 3
  205.59428400000002 52.0 1
  205.94798300000002 40.0 1
  205.974503 72.0 1
  206.08168 27496.0 395
//
