ACCESSION: CCMSLIB00000079877
RECORD_TITLE: decoy
DATE: 2015.11.20
AUTHORS: Administrator
LICENSE: CC BY-SA
CH$NAME: decoy
CH$COMPOUND_CLASS: Natural Product
CH$FORMULA: C25H24ClFN4O4
CH$EXACT_MASS: 498.147011148
CH$SMILES: N/A
CH$IUPAC: decoy
CH$LINK: N/A
AC$INSTRUMENT: decoy
AC$INSTRUMENT_TYPE: decoy
AC$MASS_SPECTROMETRY: MS_TYPE MS2
AC$MASS_SPECTROMETRY: ION_MODE POSITIVE
AC$MASS_SPECTROMETRY: COLLISION_ENERGY 10 V
MS$FOCUSED_ION: PRECURSOR_M/Z 499
MS$FOCUSED_ION: PRECURSOR_TYPE [M+H]+
PK$NUM_PEAK: 3272
PK$PEAK: m/z int. rel.int.
  44.940506 188.0 3
  44.955463 228.0 3
  45.016457 196.0 3
  45.019753 184.0 3
  45.034397 148.0 2
  45.273727 72.0 1
  45.37352 248.0 4
  45.406078 164.0 2
  45.477264 232.0 4
  45.477684 152.0 2
  45.636791 180.0 3
  45.923862 164.0 2
  45.940899 144.0 2
  46.073925 92.0 1
  46.184044 236.0 4
  46.215027 356.0 5
  46.291782000000005 144.0 2
  46.363495 136.0 2
  46.387096 212.0 3
  46.425117 492.0 7
  46.452496000000004 168.0 3
  46.49992 104.0 2
  46.545868 180.0 3
  46.992756 204.0 3
  47.00779 56.0 1
  47.020702 208.0 3
  47.077419 76.0 1
  47.233784 180.0 3
  47.328209 100.0 2
  47.339561 136.0 2
  47.340893 180.0 3
  47.346966 176.0 3
  47.434811 180.0 3
  47.510849 128.0 2
  47.579082 180.0 3
  47.601784 224.0 3
  47.608337 124.0 2
  47.661613 172.0 3
  47.663193 108.0 2
  47.700104 180.0 3
  47.886047000000005 72.0 1
  47.942181000000005 140.0 2
  47.970600000000005 40.0 1
  48.006126 184.0 3
  48.027885000000005 132.0 2
  48.231262 204.0 3
  48.235897 268.0 4
  48.310757 196.0 3
  48.355957000000004 120.0 2
  48.360439 164.0 2
  48.419594000000004 184.0 3
  48.439991 256.0 4
  48.565575 204.0 3
  48.760712 84.0 1
  48.789265 192.0 3
  48.890518 164.0 2
  48.905453 248.0 4
  48.951756 76.0 1
  49.170300000000005 124.0 2
  49.31868 56.0 1
  49.344395 144.0 2
  49.376331 168.0 3
  49.536121 164.0 2
  49.651520000000005 104.0 2
  49.720795 56.0 1
  49.759884 164.0 2
  49.875389 156.0 2
  49.929237 216.0 3
  50.06002 120.0 2
  50.067547000000005 336.0 5
  50.128559 168.0 3
  50.258873 144.0 2
  50.288540000000005 188.0 3
  50.374008 128.0 2
  50.471321 88.0 1
  50.61681 192.0 3
  50.74852 112.0 2
  50.994255 204.0 3
  51.087189 156.0 2
  51.222988 172.0 3
  51.365696 256.0 4
  51.425858 172.0 3
  51.495388 128.0 2
  51.522991000000005 224.0 3
  51.595036 140.0 2
  51.690823 164.0 2
  51.712803 164.0 2
  51.763447 160.0 2
  51.79319 188.0 3
  52.01804 112.0 2
  52.155361 124.0 2
  52.199169000000005 212.0 3
  52.334198 168.0 3
  52.405251 152.0 2
  52.461075 180.0 3
  52.586117 148.0 2
  52.587818 144.0 2
  52.63662 176.0 3
  52.667912 220.0 3
  52.777279 112.0 2
  52.778461 236.0 4
  52.832283000000004 180.0 3
  52.834557000000004 192.0 3
  52.88868 272.0 4
  52.902702000000005 88.0 1
  52.933895 124.0 2
  53.079559 104.0 2
  53.270031 140.0 2
  53.419731 112.0 2
  53.434361 296.0 5
  53.497017 160.0 2
  53.618172 160.0 2
  53.772545 316.0 5
  53.838413 316.0 5
  53.907978 172.0 3
  53.939167000000005 176.0 3
  54.004959 84.0 1
  54.263103 212.0 3
  54.373837 40.0 1
  54.386879 120.0 2
  54.418423000000004 164.0 2
  54.448513 112.0 2
  54.452766000000004 112.0 2
  54.611107000000004 200.0 3
  54.621140000000004 188.0 3
  54.642815 196.0 3
  54.72435 120.0 2
  54.755375 156.0 2
  54.779049 168.0 3
  54.786396 140.0 2
  54.824379 144.0 2
  54.958149 172.0 3
  54.958836 148.0 2
  55.047771000000004 168.0 3
  55.054359 172.0 3
  55.090279 188.0 3
  55.109379000000004 216.0 3
  55.195541 188.0 3
  55.489758 196.0 3
  55.61499 180.0 3
  55.800053 232.0 4
  55.835892 276.0 4
  55.880665 132.0 2
  55.888924 152.0 2
  56.164749 56.0 1
  56.181335000000004 192.0 3
  56.220615 188.0 3
  56.223381 44.0 1
  56.299377 220.0 3
  56.51395 176.0 3
  56.516582 84.0 1
  56.593708 128.0 2
  56.603481 76.0 1
  56.637775000000005 168.0 3
  56.685387 132.0 2
  56.802933 168.0 3
  56.942375 160.0 2
  57.014679 160.0 2
  57.165955000000004 140.0 2
  57.254261 108.0 2
  57.354713000000004 52.0 1
  57.461712 120.0 2
  57.466175 128.0 2
  57.552418 40.0 1
  57.576172 140.0 2
  57.607021 92.0 1
  57.628139000000004 96.0 1
  57.737888 204.0 3
  57.770977 216.0 3
  57.818184 0.0 0
  57.845501 236.0 4
  57.916065 192.0 3
  57.991234 200.0 3
  58.123882 160.0 2
  58.142307 148.0 2
  58.213406 212.0 3
  58.223881 84.0 1
  58.321266 196.0 3
  58.37484 152.0 2
  58.41872 144.0 2
  58.435165000000005 68.0 1
  58.465424 92.0 1
  59.100502 176.0 3
  59.184483 164.0 2
  59.260307000000005 116.0 2
  59.336456 148.0 2
  59.440334 256.0 4
  59.497707 156.0 2
  59.50988 184.0 3
  59.592606 160.0 2
  59.613369 208.0 3
  59.653809 80.0 1
  59.65419 168.0 3
  59.703327 140.0 2
  60.099777 168.0 3
  60.102665 168.0 3
  60.181183000000004 148.0 2
  60.195946 268.0 4
  60.218578 120.0 2
  60.471535 96.0 1
  60.475319 160.0 2
  60.607838 180.0 3
  60.660469 156.0 2
  60.696488 136.0 2
  60.707977 148.0 2
  60.773445 152.0 2
  60.81609 68.0 1
  60.916844000000005 176.0 3
  61.067703 160.0 2
  61.136597 120.0 2
  61.195419 244.0 4
  61.314156000000004 288.0 4
  61.356876 144.0 2
  61.357052 64.0 1
  61.461212 268.0 4
  61.516094 108.0 2
  61.518902000000004 224.0 3
  61.686157 132.0 2
  61.730251 136.0 2
  61.7491 168.0 3
  61.868004 124.0 2
  61.909889 140.0 2
  61.999634 204.0 3
  62.033016 116.0 2
  62.046848000000004 204.0 3
  62.049854 184.0 3
  62.123608000000004 88.0 1
  62.222085 192.0 3
  62.290787 140.0 2
  62.505955 364.0 6
  62.890453 140.0 2
  62.902657000000005 108.0 2
  62.923725000000005 144.0 2
  62.946602 176.0 3
  63.185101 176.0 3
  63.207619 360.0 5
  63.552105000000005 244.0 4
  63.557278000000004 128.0 2
  63.61636 132.0 2
  63.658234 220.0 3
  63.665211 124.0 2
  63.755733 172.0 3
  63.830257 220.0 3
  64.02207899999999 200.0 3
  64.039452 88.0 1
  64.084358 120.0 2
  64.142403 216.0 3
  64.151894 200.0 3
  64.22513599999999 212.0 3
  64.258354 172.0 3
  64.27480299999999 188.0 3
  64.2911 88.0 1
  64.374664 64.0 1
  64.492332 300.0 5
  64.687828 140.0 2
  64.698936 152.0 2
  64.823723 176.0 3
  64.884964 232.0 4
  64.933868 132.0 2
  65.031937 112.0 2
  65.234612 88.0 1
  65.31404099999999 156.0 2
  65.33717299999999 236.0 4
  65.349052 196.0 3
  65.399834 128.0 2
  65.415855 156.0 2
  65.42431599999999 176.0 3
  65.466774 144.0 2
  65.54461699999999 204.0 3
  65.79270199999999 128.0 2
  65.923569 156.0 2
  65.94762399999999 140.0 2
  66.012329 180.0 3
  66.04923199999999 136.0 2
  66.126801 160.0 2
  66.163124 156.0 2
  66.32142599999999 144.0 2
  66.33039099999999 132.0 2
  66.363243 180.0 3
  66.45902299999999 172.0 3
  66.53125 152.0 2
  66.543365 116.0 2
  66.73900599999999 156.0 2
  66.78295899999999 184.0 3
  66.880997 220.0 3
  66.888397 128.0 2
  66.96127299999999 156.0 2
  67.011696 188.0 3
  67.04086299999999 100.0 2
  67.06223299999999 140.0 2
  67.308189 192.0 3
  67.33238999999999 40.0 1
  67.41300199999999 144.0 2
  67.424171 68.0 1
  67.49175299999999 140.0 2
  67.504745 216.0 3
  67.512772 144.0 2
  67.67160799999999 84.0 1
  67.768639 152.0 2
  67.828369 204.0 3
  67.88349199999999 212.0 3
  67.95107999999999 148.0 2
  67.966675 172.0 3
  67.99718499999999 156.0 2
  68.19869999999999 232.0 4
  68.399918 176.0 3
  68.487968 164.0 2
  68.635971 140.0 2
  68.708984 132.0 2
  68.796112 156.0 2
  68.820015 144.0 2
  68.87271899999999 156.0 2
  68.896233 160.0 2
  68.92629199999999 124.0 2
  68.94332899999999 168.0 3
  69.144081 128.0 2
  69.161079 152.0 2
  69.244194 188.0 3
  69.258049 192.0 3
  69.491203 228.0 3
  69.54935499999999 156.0 2
  69.95391799999999 144.0 2
  70.04744 220.0 3
  70.200508 124.0 2
  70.42308 140.0 2
  70.430771 80.0 1
  70.528397 164.0 2
  70.64349399999999 184.0 3
  70.84612299999999 132.0 2
  70.88124099999999 176.0 3
  70.961075 196.0 3
  71.101074 184.0 3
  71.26385499999999 156.0 2
  71.30993699999999 124.0 2
  71.37159 228.0 3
  71.50206 160.0 2
  71.605385 184.0 3
  71.70238499999999 160.0 2
  72.01303899999999 104.0 2
  72.021362 156.0 2
  72.027863 204.0 3
  72.04418199999999 160.0 2
  72.06734499999999 128.0 2
  72.2192 220.0 3
  72.227661 148.0 2
  72.347443 148.0 2
  72.514938 144.0 2
  72.542374 228.0 3
  72.646164 48.0 1
  72.65334299999999 120.0 2
  72.730148 148.0 2
  73.030807 172.0 3
  73.087234 156.0 2
  73.094955 288.0 4
  73.205765 88.0 1
  73.21469099999999 160.0 2
  73.242622 120.0 2
  73.596779 104.0 2
  73.684311 208.0 3
  73.71256299999999 60.0 1
  73.86258699999999 232.0 4
  73.87913499999999 176.0 3
  74.09943399999999 244.0 4
  74.17639199999999 164.0 2
  74.237251 204.0 3
  74.538742 104.0 2
  74.58084099999999 120.0 2
  74.615417 164.0 2
  74.69764699999999 216.0 3
  74.74787099999999 184.0 3
  74.77886199999999 184.0 3
  74.830406 128.0 2
  75.01720399999999 128.0 2
  75.145866 92.0 1
  75.16014899999999 156.0 2
  75.196518 132.0 2
  75.223907 140.0 2
  75.31633 164.0 2
  75.34565699999999 156.0 2
  75.382263 76.0 1
  75.41918199999999 156.0 2
  75.46559099999999 184.0 3
  75.634941 184.0 3
  75.653717 168.0 3
  75.89291399999999 160.0 2
  76.106178 136.0 2
  76.134361 176.0 3
  76.472893 152.0 2
  76.55588499999999 168.0 3
  76.64916199999999 80.0 1
  76.757217 52.0 1
  76.850769 44.0 1
  76.911079 172.0 3
  76.915047 140.0 2
  76.94839499999999 176.0 3
  77.04590599999999 148.0 2
  77.08977499999999 204.0 3
  77.156151 164.0 2
  77.19326799999999 120.0 2
  77.26795999999999 208.0 3
  77.57236499999999 168.0 3
  77.57333399999999 252.0 4
  77.604942 144.0 2
  77.68414299999999 168.0 3
  77.75627899999999 100.0 2
  77.81597099999999 56.0 1
  77.914497 376.0 6
  77.917183 240.0 4
  78.001556 148.0 2
  78.12670899999999 124.0 2
  78.209885 172.0 3
  78.271912 148.0 2
  78.42549899999999 92.0 1
  78.45367399999999 152.0 2
  78.454544 192.0 3
  78.518417 200.0 3
  78.53997799999999 156.0 2
  78.578476 192.0 3
  78.69985199999999 184.0 3
  78.775955 216.0 3
  79.285629 212.0 3
  79.454544 0.0 0
  79.49808499999999 164.0 2
  79.63422399999999 292.0 4
  80.006126 192.0 3
  80.13839 196.0 3
  80.164001 160.0 2
  80.220146 248.0 4
  80.237282 196.0 3
  80.531578 116.0 2
  80.72419699999999 148.0 2
  80.729897 168.0 3
  80.806694 80.0 1
  80.897087 132.0 2
  81.076172 188.0 3
  81.07876599999999 176.0 3
  81.15871399999999 196.0 3
  81.32893399999999 176.0 3
  81.38888499999999 124.0 2
  81.66510799999999 140.0 2
  81.71520199999999 184.0 3
  81.830727 220.0 3
  81.844223 220.0 3
  81.922073 180.0 3
  81.965172 196.0 3
  82.01186399999999 160.0 2
  82.177849 96.0 1
  82.19719699999999 184.0 3
  82.29216 148.0 2
  82.588234 68.0 1
  82.61955999999999 196.0 3
  82.674759 172.0 3
  82.89093 172.0 3
  83.01444199999999 180.0 3
  83.058212 112.0 2
  83.31868 88.0 1
  83.344757 212.0 3
  83.41128499999999 140.0 2
  83.443298 152.0 2
  83.509171 156.0 2
  83.509216 236.0 4
  83.701515 72.0 1
  83.722557 180.0 3
  83.794456 168.0 3
  83.94601399999999 144.0 2
  84.013863 220.0 3
  84.11862199999999 168.0 3
  84.136597 224.0 3
  84.225662 164.0 2
  84.414581 140.0 2
  84.601501 136.0 2
  84.67017399999999 132.0 2
  84.727211 176.0 3
  84.837852 180.0 3
  84.84936499999999 80.0 1
  84.853523 152.0 2
  84.921921 272.0 4
  84.956238 156.0 2
  84.99337 176.0 3
  85.00896499999999 228.0 3
  85.042717 232.0 4
  85.16734299999999 172.0 3
  85.25260899999999 152.0 2
  85.401962 156.0 2
  85.414001 176.0 3
  85.494942 176.0 3
  85.624084 164.0 2
  85.653122 152.0 2
  85.99142499999999 128.0 2
  86.10108899999999 160.0 2
  86.15414399999999 292.0 4
  86.358536 148.0 2
  86.37301599999999 192.0 3
  86.454605 200.0 3
  86.546684 172.0 3
  86.60559099999999 172.0 3
  86.75721 232.0 4
  86.965492 152.0 2
  87.092529 148.0 2
  87.22029099999999 176.0 3
  87.473671 216.0 3
  87.50540199999999 188.0 3
  87.640259 156.0 2
  87.692009 344.0 5
  87.709206 116.0 2
  87.761871 164.0 2
  88.00271599999999 188.0 3
  88.036819 156.0 2
  88.05388599999999 192.0 3
  88.09268999999999 208.0 3
  88.19466399999999 204.0 3
  88.31051599999999 168.0 3
  88.52671799999999 116.0 2
  88.81281999999999 208.0 3
  88.874535 136.0 2
  89.009041 228.0 3
  89.016205 52.0 1
  89.209229 156.0 2
  89.24518599999999 336.0 5
  89.32253299999999 196.0 3
  89.43308999999999 192.0 3
  89.47481499999999 128.0 2
  89.992325 156.0 2
  90.10430099999999 172.0 3
  90.23616 180.0 3
  90.34685499999999 152.0 2
  90.54627199999999 144.0 2
  90.600327 240.0 4
  90.83228299999999 184.0 3
  90.96060899999999 248.0 4
  91.02315499999999 156.0 2
  91.05487799999999 1440.0 22
  91.061768 140.0 2
  91.11333499999999 120.0 2
  91.14070099999999 68.0 1
  91.43049599999999 184.0 3
  91.50615699999999 224.0 3
  91.67881 164.0 2
  91.720253 88.0 1
  91.967033 164.0 2
  92.04808799999999 684.0 10
  92.05843399999999 808.0 12
  92.11514299999999 144.0 2
  92.11877399999999 192.0 3
  92.16238399999999 160.0 2
  92.182732 232.0 4
  92.254318 172.0 3
  92.283508 156.0 2
  92.653976 84.0 1
  92.68279299999999 124.0 2
  92.73028599999999 40.0 1
  92.74499499999999 108.0 2
  92.829498 176.0 3
  92.98719799999999 196.0 3
  93.012558 112.0 2
  93.03240199999999 68.0 1
  93.061234 300.0 5
  93.102127 156.0 2
  93.111595 60.0 1
  93.138695 160.0 2
  93.16716 232.0 4
  93.219009 184.0 3
  93.319313 120.0 2
  93.32579 188.0 3
  93.33887499999999 196.0 3
  93.37544299999999 208.0 3
  93.47975199999999 124.0 2
  93.56371299999999 132.0 2
  93.576439 192.0 3
  93.576515 124.0 2
  93.823608 168.0 3
  93.947891 184.0 3
  94.00219 236.0 4
  94.06972499999999 196.0 3
  94.5355 88.0 1
  94.607559 120.0 2
  94.61129 212.0 3
  94.77304099999999 192.0 3
  95.05467999999999 212.0 3
  95.07035099999999 128.0 2
  95.16238399999999 164.0 2
  95.189934 168.0 3
  95.216904 140.0 2
  95.228775 144.0 2
  95.230629 60.0 1
  95.394768 184.0 3
  95.413162 192.0 3
  95.462425 120.0 2
  95.571602 164.0 2
  95.587059 192.0 3
  95.606392 268.0 4
  95.63993099999999 152.0 2
  95.690575 144.0 2
  95.700554 116.0 2
  95.732597 228.0 3
  95.77033999999999 176.0 3
  95.84378799999999 124.0 2
  95.88742099999999 220.0 3
  95.893204 48.0 1
  95.97185499999999 416.0 6
  96.222099 116.0 2
  96.22702 152.0 2
  96.293037 200.0 3
  96.350121 228.0 3
  96.36915599999999 168.0 3
  96.517502 192.0 3
  96.588364 152.0 2
  96.59921299999999 216.0 3
  96.599876 156.0 2
  96.888649 140.0 2
  96.968925 140.0 2
  96.969055 128.0 2
  97.05229899999999 144.0 2
  97.12951699999999 232.0 4
  97.14465299999999 220.0 3
  97.179482 176.0 3
  97.326645 184.0 3
  97.329651 120.0 2
  97.340279 36.0 1
  97.347488 112.0 2
  97.388252 208.0 3
  97.39205199999999 188.0 3
  97.54298399999999 208.0 3
  97.57253299999999 200.0 3
  97.57644699999999 156.0 2
  97.60790999999999 176.0 3
  97.613838 212.0 3
  97.61917899999999 132.0 2
  97.72522699999999 180.0 3
  97.94427499999999 216.0 3
  97.981979 192.0 3
  98.100212 232.0 4
  98.143738 128.0 2
  98.176277 164.0 2
  98.18461599999999 128.0 2
  98.225906 164.0 2
  98.2379 180.0 3
  98.24630699999999 124.0 2
  98.26563999999999 148.0 2
  98.282562 164.0 2
  98.330338 156.0 2
  98.564926 160.0 2
  98.577095 188.0 3
  98.582428 112.0 2
  98.700317 56.0 1
  98.76973 128.0 2
  98.774902 128.0 2
  98.91845699999999 200.0 3
  98.96037299999999 132.0 2
  99.054001 92.0 1
  99.09024 360.0 5
  99.187286 184.0 3
  99.208305 220.0 3
  99.222725 120.0 2
  99.24134799999999 156.0 2
  99.35568199999999 196.0 3
  99.384232 128.0 2
  99.420006 212.0 3
  99.477859 208.0 3
  99.586525 76.0 1
  99.692284 132.0 2
  99.724533 184.0 3
  99.783577 76.0 1
  99.81682599999999 148.0 2
  99.860275 112.0 2
  99.88227099999999 172.0 3
  99.918213 156.0 2
  99.968667 156.0 2
  100.00896499999999 100.0 2
  100.03933699999999 200.0 3
  100.166443 256.0 4
  100.18866 200.0 3
  100.213974 392.0 6
  100.41828199999999 188.0 3
  100.44944 216.0 3
  100.541359 88.0 1
  100.59801499999999 188.0 3
  100.721802 112.0 2
  100.723152 216.0 3
  100.73211699999999 164.0 2
  100.79325899999999 168.0 3
  100.84929699999999 168.0 3
  100.855515 172.0 3
  100.87267299999999 152.0 2
  100.90493 144.0 2
  100.94330599999999 92.0 1
  101.011513 152.0 2
  101.05058299999999 144.0 2
  101.136986 164.0 2
  101.140862 92.0 1
  101.15058099999999 160.0 2
  101.173828 40.0 1
  101.19092599999999 160.0 2
  101.34369699999999 120.0 2
  101.419365 156.0 2
  101.46350899999999 208.0 3
  101.46444699999999 236.0 4
  101.50917799999999 60.0 1
  101.65922499999999 120.0 2
  101.66583999999999 156.0 2
  101.686409 140.0 2
  101.720619 120.0 2
  101.766525 184.0 3
  101.77287299999999 164.0 2
  101.778549 244.0 4
  101.809708 180.0 3
  101.818024 224.0 3
  101.88098099999999 80.0 1
  101.90731 124.0 2
  101.95118699999999 168.0 3
  101.96483599999999 136.0 2
  102.067703 208.0 3
  102.070618 176.0 3
  102.21875 128.0 2
  102.23673199999999 180.0 3
  102.324547 184.0 3
  102.33595299999999 180.0 3
  102.338974 140.0 2
  102.361565 172.0 3
  102.36840799999999 164.0 2
  102.368866 204.0 3
  102.388016 36.0 1
  102.417099 232.0 4
  102.46858999999999 184.0 3
  102.471001 196.0 3
  102.699356 192.0 3
  102.77603099999999 164.0 2
  102.879013 180.0 3
  102.88606999999999 160.0 2
  102.932739 160.0 2
  102.991997 184.0 3
  103.014893 152.0 2
  103.080765 196.0 3
  103.24745899999999 132.0 2
  103.313812 176.0 3
  103.48391 176.0 3
  103.485603 64.0 1
  103.508606 36.0 1
  103.511894 144.0 2
  103.564537 164.0 2
  103.57180799999999 144.0 2
  103.599342 88.0 1
  103.622231 208.0 3
  103.629425 260.0 4
  103.63681 140.0 2
  103.640327 192.0 3
  103.645164 124.0 2
  103.809074 124.0 2
  103.816406 60.0 1
  103.82605 132.0 2
  103.84542099999999 204.0 3
  103.92085999999999 104.0 2
  103.951607 184.0 3
  103.953835 132.0 2
  104.062653 1724.0 26
  104.081772 200.0 3
  104.132072 204.0 3
  104.162781 188.0 3
  104.21116599999999 92.0 1
  104.22805 276.0 4
  104.262238 120.0 2
  104.34651199999999 184.0 3
  104.352638 208.0 3
  104.372681 132.0 2
  104.45266 152.0 2
  104.45382699999999 180.0 3
  104.506439 156.0 2
  104.54472399999999 104.0 2
  104.60015899999999 136.0 2
  104.61685899999999 100.0 2
  104.683128 120.0 2
  104.71102099999999 104.0 2
  104.720383 164.0 2
  104.783386 88.0 1
  104.82017499999999 144.0 2
  104.85826899999999 224.0 3
  104.861351 228.0 3
  104.87574799999999 164.0 2
  104.99398 204.0 3
  104.999764 108.0 2
  105.01042899999999 168.0 3
  105.022385 172.0 3
  105.030464 112.0 2
  105.033287 400.0 6
  105.03364599999999 31224.0 475
  105.06105 172.0 3
  105.220169 64.0 1
  105.23194099999999 10.79762 0
  105.29585999999999 208.0 3
  105.496803 48.0 1
  105.497551 148.0 2
  105.590744 188.0 3
  105.615929 300.0 5
  105.63143199999999 104.0 2
  105.64461499999999 160.0 2
  105.701157 188.0 3
  105.78006699999999 192.0 3
  105.81115 128.0 2
  105.841331 140.0 2
  106.00445599999999 168.0 3
  106.03596499999999 176.0 3
  106.044563 48.0 1
  106.075661 164.0 2
  106.079697 196.0 3
  106.12991299999999 128.0 2
  106.175896 188.0 3
  106.303169 1.928571 0
  106.335808 212.0 3
  106.432175 9.240079 0
  106.551598 132.0 2
  106.643486 212.0 3
  106.672226 156.0 2
  106.701675 84.0 1
  106.70470399999999 180.0 3
  106.764313 52.0 1
  106.809601 96.0 1
  106.810738 112.0 2
  106.83494599999999 168.0 3
  106.904106 132.0 2
  107.13054699999999 136.0 2
  107.174179 11.8642 0
  107.232727 96.0 1
  107.261658 120.0 2
  107.29512 208.0 3
  107.304535 128.0 2
  107.325706 180.0 3
  107.35050199999999 248.0 4
  107.365189 164.0 2
  107.38542899999999 232.0 4
  107.494728 172.0 3
  107.505417 144.0 2
  107.53268399999999 252.0 4
  107.537903 256.0 4
  107.623055 152.0 2
  107.71661399999999 160.0 2
  107.84893799999999 148.0 2
  107.873657 220.0 3
  107.998436 136.0 2
  108.009277 188.0 3
  108.059258 160.0 2
  108.089546 3968.0 60
  108.13973999999999 120.0 2
  108.203537 180.0 3
  108.225533 136.0 2
  108.236076 168.0 3
  108.303612 180.0 3
  108.353157 152.0 2
  108.39645399999999 104.0 2
  108.416237 144.0 2
  108.41877699999999 224.0 3
  108.428337 152.0 2
  108.47443399999999 176.0 3
  108.48487899999999 268.0 4
  108.518547 88.0 1
  108.534363 120.0 2
  108.54682199999999 32.0 0
  108.66410099999999 140.0 2
  108.734116 152.0 2
  108.794823 224.0 3
  108.86335 128.0 2
  108.88797799999999 216.0 3
  108.894402 192.0 3
  108.920013 172.0 3
  109.042633 284.0 4
  109.065666 152.0 2
  109.08699 84.015587 1
  109.090302 1360.0 21
  109.18667599999999 124.0 2
  109.324905 132.0 2
  109.42289 220.0 3
  109.576241 156.0 2
  109.58848599999999 160.0 2
  109.591301 88.0 1
  109.649521 200.0 3
  109.680679 168.0 3
  109.76903499999999 140.0 2
  109.85260799999999 148.0 2
  109.891663 96.0 1
  109.985641 196.0 3
  109.988434 240.0 4
  109.98893699999999 360.0 5
  110.04356399999999 160.0 2
  110.05718999999999 188.0 3
  110.23271199999999 168.0 3
  110.256874 160.0 2
  110.326309 140.0 2
  110.35413399999999 168.0 3
  110.388176 196.0 3
  110.438103 212.0 3
  110.47341899999999 208.0 3
  110.512039 136.0 2
  110.656128 136.0 2
  110.696289 496.0 8
  110.72011599999999 228.0 3
  110.798172 40.0 1
  110.81946599999999 48.0 1
  110.839119 96.0 1
  110.847511 204.0 3
  110.910507 284.0 4
  110.93766 220.0 3
  110.99731399999999 104.0 2
  111.04459399999999 1580.0 24
  111.092377 360.0 5
  111.097809 164.0 2
  111.15274 168.0 3
  111.190559 208.0 3
  111.28652199999999 328.0 5
  111.288849 132.0 2
  111.352882 56.0 1
  111.35863499999999 224.0 3
  111.405907 92.0 1
  111.486938 92.0 1
  111.532356 224.0 3
  111.583641 216.0 3
  111.590942 208.0 3
  111.59923599999999 132.0 2
  111.620773 112.0 2
  111.72816499999999 256.0 4
  111.76351899999999 116.0 2
  111.81474299999999 152.0 2
  111.92748999999999 172.0 3
  111.973717 192.0 3
  111.98323099999999 332.0 5
  112.046852 116.0 2
  112.192162 148.0 2
  112.24939699999999 152.0 2
  112.263588 176.0 3
  112.306671 168.0 3
  112.321991 184.0 3
  112.37280299999999 112.0 2
  112.409416 144.0 2
  112.423187 240.0 4
  112.432182 176.0 3
  112.43691299999999 112.0 2
  112.474533 200.0 3
  112.48928799999999 124.0 2
  112.55457299999999 180.0 3
  112.580574 60.0 1
  112.658981 212.0 3
  112.73731199999999 96.0 1
  112.885925 140.0 2
  112.896424 188.0 3
  112.997238 108.0 2
  113.039558 132.0 2
  113.07359299999999 144.0 2
  113.123138 108.0 2
  113.133995 192.0 3
  113.137405 184.0 3
  113.142502 104.0 2
  113.24851199999999 144.0 2
  113.250633 184.0 3
  113.26928699999999 144.0 2
  113.333832 260.0 4
  113.38623 176.0 3
  113.391724 84.0 1
  113.47245799999999 196.0 3
  113.59537499999999 152.0 2
  113.635605 172.0 3
  113.655907 176.0 3
  113.790657 128.0 2
  113.90940099999999 156.0 2
  114.0812 184.0 3
  114.167023 60.0 1
  114.26121499999999 140.0 2
  114.33417499999999 164.0 2
  114.35318799999999 132.0 2
  114.405998 168.0 3
  114.448433 232.0 4
  114.601906 60.0 1
  114.623436 160.0 2
  114.65027599999999 168.0 3
  114.68519599999999 108.0 2
  114.727272 112.0 2
  114.72769199999999 168.0 3
  114.792358 172.0 3
  114.88988499999999 180.0 3
  115.030396 188.0 3
  115.052628 2384.0 36
  115.071106 228.0 3
  115.11183199999999 156.0 2
  115.176918 52.0 1
  115.339355 40.0 1
  115.34182 228.0 3
  115.35275299999999 192.0 3
  115.36831699999999 228.0 3
  115.407928 196.0 3
  115.487991 80.0 1
  115.52875499999999 200.0 3
  115.54231999999999 120.0 2
  115.569908 204.0 3
  115.581116 168.0 3
  115.664841 48.0 1
  115.704285 208.0 3
  115.761147 156.0 2
  115.77870899999999 64.0 1
  115.793427 208.0 3
  115.846413 184.0 3
  115.872025 92.0 1
  115.988907 224.0 3
  116.036407 192.0 3
  116.03691099999999 172.0 3
  116.046371 332.0 5
  116.11218299999999 244.0 4
  116.138252 196.0 3
  116.138954 132.0 2
  116.17289699999999 140.0 2
  116.181671 172.0 3
  116.298401 172.0 3
  116.312508 60.0 1
  116.419823 116.0 2
  116.480148 220.0 3
  116.632515 272.0 4
  116.73114799999999 120.0 2
  116.749237 204.0 3
  116.801254 116.0 2
  116.904961 92.0 1
  116.95382699999999 56.0 1
  116.97209199999999 224.0 3
  117.026146 220.0 3
  117.031792 874.0 13
  117.14913899999999 3.560049 0
  117.21708699999999 220.0 3
  117.245132 108.0 2
  117.24853499999999 216.0 3
  117.322243 188.0 3
  117.35405 200.0 3
  117.35884899999999 92.0 1
  117.361359 128.0 2
  117.653801 164.0 2
  117.673401 128.0 2
  117.696236 208.0 3
  117.882347 168.0 3
  117.89907799999999 336.0 5
  118.01226799999999 88.0 1
  118.05658 144.0 2
  118.06384299999999 912.0 14
  118.063873 456.0 7
  118.068687 208.0 3
  118.106804 192.0 3
  118.135567 176.0 3
  118.139214 180.0 3
  118.40770699999999 40.0 1
  118.423103 132.0 2
  118.42469 244.0 4
  118.450188 36.0 1
  118.60758999999999 52.0 1
  118.72299199999999 216.0 3
  118.84060699999999 148.0 2
  118.91013299999999 184.0 3
  119.077759 180.0 3
  119.19704399999999 152.0 2
  119.267326 128.0 2
  119.32200599999999 232.0 4
  119.34449799999999 200.0 3
  119.409515 172.0 3
  119.412872 104.0 2
  119.521019 192.0 3
  119.526985 144.0 2
  119.528267 152.0 2
  119.62142899999999 140.0 2
  119.69330599999999 172.0 3
  119.98951 196.0 3
  120.01439699999999 80.0 1
  120.05532799999999 310.985596 5
  120.05536699999999 312.0 5
  120.088387 140.0 2
  120.115974 204.0 3
  120.124817 44.0 1
  120.15304599999999 76.0 1
  120.319206 160.0 2
  120.384338 140.0 2
  120.420723 160.0 2
  120.55819699999999 112.0 2
  120.572418 72.0 1
  120.620224 188.0 3
  120.62347399999999 116.0 2
  120.645325 96.0 1
  120.71971099999999 88.0 1
  120.798141 124.0 2
  120.90814999999999 160.0 2
  120.920113 220.0 3
  120.94986 188.0 3
  120.990646 56.0 1
  121.149818 180.0 3
  121.173431 60.0 1
  121.37851699999999 100.0 2
  121.464714 92.0 1
  121.490135 96.0 1
  121.58753999999999 148.0 2
  121.65386199999999 212.0 3
  121.678642 108.0 2
  121.781616 72.0 1
  121.795158 84.0 1
  121.797691 116.0 2
  121.866379 100.0 2
  121.899384 140.0 2
  122.029854 264.0 4
  122.05665599999999 168.0 3
  122.17249299999999 108.0 2
  122.176338 76.0 1
  122.197487 192.0 3
  122.205124 200.0 3
  122.24834399999999 188.0 3
  122.261726 208.0 3
  122.32515 200.0 3
  122.39553099999999 108.0 2
  122.40097 88.0 1
  122.516548 32.0 0
  122.669838 168.0 3
  122.81410199999999 192.0 3
  122.85131799999999 160.0 2
  122.92977099999999 192.0 3
  122.93582199999999 36.0 1
  122.98558 148.0 2
  123.03830699999999 192.0 3
  123.077187 212.0 3
  123.11632499999999 75.371407 1
  123.33790599999999 188.0 3
  123.505966 11.09513 0
  123.557831 184.0 3
  123.650848 188.0 3
  123.65194699999999 296.0 5
  123.68088499999999 152.0 2
  123.68485299999999 180.0 3
  123.74526999999999 172.0 3
  123.980553 160.0 2
  124.035805 272.0 4
  124.04910299999999 140.0 2
  124.11810299999999 184.0 3
  124.12593799999999 192.0 3
  124.160522 144.0 2
  124.362068 84.0 1
  124.40737899999999 144.0 2
  124.43553899999999 120.0 2
  124.485924 152.0 2
  124.53321799999999 92.0 1
  124.60649099999999 180.0 3
  124.623207 200.0 3
  124.648224 124.0 2
  124.885269 176.0 3
  124.97518199999999 180.0 3
  125.011101 104.0 2
  125.015076 52.0 1
  125.114792 3108.0 47
  125.13134 9064.0 138
  125.22977399999999 200.0 3
  125.259682 160.0 2
  125.45174399999999 88.0 1
  125.488838 84.0 1
  125.633614 152.0 2
  125.92662 160.0 2
  126.07305099999999 172.0 3
  126.105896 112.0 2
  126.164047 108.0 2
  126.177284 168.0 3
  126.20032499999999 128.0 2
  126.308899 156.0 2
  126.472954 120.0 2
  126.49271399999999 144.0 2
  126.555275 176.0 3
  126.837013 196.0 3
  126.982025 208.0 3
  127.00097699999999 136.0 2
  127.05407699999999 464.0 7
  127.05693799999999 180.0 3
  127.076393 140.0 2
  127.164261 116.0 2
  127.32942999999999 200.0 3
  127.35720099999999 144.0 2
  127.36608899999999 164.0 2
  127.68530299999999 108.0 2
  127.741264 152.0 2
  127.744812 120.0 2
  127.76875299999999 148.0 2
  127.795532 168.0 3
  127.82251 192.0 3
  127.902428 124.0 2
  128.050232 65672.0 999
  128.076477 168.0 3
  128.197556 208.0 3
  128.235275 128.0 2
  128.246002 188.0 3
  128.349915 160.0 2
  128.436493 204.0 3
  128.536789 100.0 2
  128.599487 204.0 3
  128.602921 244.0 4
  128.646057 180.0 3
  128.650787 140.0 2
  128.661926 148.0 2
  128.686325 168.0 3
  128.693756 152.0 2
  128.73735 172.0 3
  128.792999 156.0 2
  128.94371 96.0 1
  128.950027 172.0 3
  129.005936 188.0 3
  129.034546 156.0 2
  129.06869500000002 1436.0 22
  129.06929 2816.0 43
  129.125549 60.0 1
  129.234451 100.0 2
  129.24885600000002 164.0 2
  129.26666300000002 160.0 2
  129.281036 136.0 2
  129.28952 204.0 3
  129.443634 4844.0 74
  129.454453 172.0 3
  129.481445 208.0 3
  129.542404 124.0 2
  129.65115400000002 260.0 4
  129.804291 160.0 2
  129.80522200000001 160.0 2
  129.85922200000002 148.0 2
  129.877213 172.0 3
  129.89913900000002 252.0 4
  129.96691900000002 192.0 3
  130.03263900000002 192.0 3
  130.03808600000002 184.0 3
  130.068848 140.0 2
  130.069138 196.0 3
  130.12274200000002 276.0 4
  130.14669800000001 200.0 3
  130.148819 192.0 3
  130.258743 92.0 1
  130.294418 140.0 2
  130.39442400000001 140.0 2
  130.480667 292.0 4
  130.694565 232.0 4
  130.74678 84.0 1
  130.82856800000002 88.0 1
  130.82959 140.0 2
  130.841522 84.0 1
  130.88188200000002 128.0 2
  130.94104000000002 76.0 1
  131.020844 212.0 3
  131.025497 60.0 1
  131.046814 332.0 5
  131.047516 376.0 6
  131.049393 160.0 2
  131.073746 6236.0 95
  131.08474700000002 1168.0 18
  131.08621200000002 1220.0 19
  131.095032 180.0 3
  131.208298 132.0 2
  131.28443900000002 44.0 1
  131.47056600000002 128.0 2
  131.549149 280.0 4
  131.55079700000002 216.0 3
  131.569916 176.0 3
  131.57049600000002 212.0 3
  131.64189100000002 180.0 3
  131.676636 212.0 3
  131.72979700000002 164.0 2
  131.81279 60.0 1
  131.900482 160.0 2
  131.904755 116.0 2
  131.92842100000001 108.0 2
  132.05276500000002 748.0 11
  132.07968100000002 416.0 6
  132.080765 2052.0 31
  132.108994 184.0 3
  132.11930800000002 31.037029 0
  132.34127800000002 192.0 3
  132.36424300000002 140.0 2
  132.36715700000002 72.0 1
  132.536652 196.0 3
  132.58509800000002 200.0 3
  132.708771 148.0 2
  132.839478 268.0 4
  132.851517 32.0 0
  133.034927 168.0 3
  133.037216 128.0 2
  133.07736200000002 248.0 4
  133.099701 164.0 2
  133.100815 1030.083984 16
  133.20648200000002 176.0 3
  133.20837400000002 164.0 2
  133.225235 140.0 2
  133.301361 48.0 1
  133.326065 220.0 3
  133.406677 140.0 2
  133.478775 168.0 3
  133.571777 192.0 3
  133.62004100000001 160.0 2
  133.62226900000002 88.0 1
  133.659027 48.0 1
  133.69426 96.0 1
  133.76872300000002 180.0 3
  133.78457600000002 140.0 2
  133.82276900000002 364.0 6
  134.048706 184.0 3
  134.072922 168.0 3
  134.134872 176.0 3
  134.432434 68.0 1
  134.51916500000002 25.56745 0
  134.54924 48.0 1
  134.680939 108.0 2
  134.73284900000002 196.0 3
  134.738281 44.0 1
  134.80632 44.0 1
  134.875977 228.0 3
  134.88353 6.352941 0
  134.902496 248.0 4
  134.948486 256.0 4
  135.16029400000002 132.0 2
  135.164062 184.0 3
  135.192474 152.0 2
  135.308838 136.0 2
  135.336502 2.0 0
  135.36161800000002 104.0 2
  135.36621100000002 176.0 3
  135.369659 228.0 3
  135.55276500000002 112.0 2
  135.65077200000002 220.0 3
  135.736847 144.0 2
  135.74070700000001 140.0 2
  136.003952 248.0 4
  136.006119 216.0 3
  136.053528 548.0 8
  136.07569900000001 27384.0 417
  136.09127800000002 128.0 2
  136.111298 920.0 14
  136.125809 42.796341 1
  136.143524 184.0 3
  136.30191000000002 176.0 3
  136.30740400000002 136.0 2
  136.354553 148.0 2
  136.357392 104.0 2
  136.40316800000002 232.0 4
  136.461929 48.0 1
  136.690277 28.0 0
  136.701569 228.0 3
  136.717575 204.0 3
  136.762054 240.0 4
  136.77143900000002 156.0 2
  136.778885 112.0 2
  136.995087 168.0 3
  137.030304 204.0 3
  137.031891 204.0 3
  137.03242500000002 208.0 3
  137.044495 108.0 2
  137.27359 72.0 1
  137.299026 132.0 2
  137.353027 204.0 3
  137.370438 160.0 2
  137.409943 80.0 1
  137.442459 172.0 3
  137.480042 108.0 2
  137.525375 80.0 1
  137.56311 176.0 3
  137.63424700000002 212.0 3
  137.743546 132.0 2
  137.87132300000002 184.0 3
  137.90699800000002 152.0 2
  137.981506 120.0 2
  138.05394 136.0 2
  138.063477 260.0 4
  138.08869900000002 124.0 2
  138.138824 108.0 2
  138.160492 136.0 2
  138.325623 11.60093 0
  138.33078 128.0 2
  138.33865400000002 188.0 3
  138.46405000000001 76.0 1
  138.557007 204.0 3
  138.61213700000002 140.0 2
  138.74533100000002 6.752541 0
  138.789154 212.0 3
  138.809784 176.0 3
  138.826843 16.93421 0
  138.90420500000002 100.0 2
  139.09298700000002 3160.0 48
  139.123245 60.0 1
  139.19458 160.0 2
  139.344955 180.0 3
  139.45837400000002 48.0 1
  139.473755 208.0 3
  139.490509 168.0 3
  139.61264 188.0 3
  139.625977 176.0 3
  139.694016 40.0 1
  139.727585 84.0 1
  139.835709 156.0 2
  139.848083 148.0 2
  139.896881 80.0 1
  140.03491200000002 180.0 3
  140.06521600000002 208.0 3
  140.125351 200.0 3
  140.144043 132.0 2
  140.17184400000002 100.0 2
  140.172821 156.0 2
  140.267334 180.0 3
  140.296616 144.0 2
  140.403595 104.0 2
  140.61024500000002 164.0 2
  140.71533200000002 180.0 3
  140.741699 136.0 2
  140.764328 168.0 3
  140.890015 104.0 2
  140.992615 140.0 2
  141.05607600000002 384.0 6
  141.108429 116.0 2
  141.155655 144.0 2
  141.155869 156.0 2
  141.39544700000002 120.0 2
  141.58325200000002 144.0 2
  141.61067200000002 160.0 2
  141.665588 160.0 2
  141.718903 172.0 3
  141.829453 56.0 1
  141.893494 176.0 3
  142.003525 140.0 2
  142.018372 2588.0 39
  142.026398 176.0 3
  142.065918 336.0 5
  142.076355 180.0 3
  142.10853600000002 168.0 3
  142.15399200000002 140.0 2
  142.159119 252.0 4
  142.255096 56.0 1
  142.291809 144.0 2
  142.354858 168.0 3
  142.387558 44.0 1
  142.618866 96.0 1
  142.670273 172.0 3
  142.758575 140.0 2
  142.81041000000002 284.0 4
  142.87115500000002 132.0 2
  142.99794 164.0 2
  143.02130100000002 140.0 2
  143.060776 144.0 2
  143.067612 148.0 2
  143.087051 308.0 5
  143.11561600000002 216.0 3
  143.133545 88.0 1
  143.198959 176.0 3
  143.221756 124.0 2
  143.23889200000002 192.0 3
  143.247604 4.345238 0
  143.379944 180.0 3
  143.39296000000002 456.0 7
  143.40509 80.0 1
  143.445129 108.0 2
  143.51683 5.415 0
  143.63472000000002 156.0 2
  143.73271200000002 124.0 2
  143.795273 164.0 2
  143.86750800000002 108.0 2
  144.082611 316.0 5
  144.22949200000002 136.0 2
  144.285538 120.0 2
  144.39904800000002 152.0 2
  144.462509 176.0 3
  144.550461 140.0 2
  144.588776 152.0 2
  144.662598 168.0 3
  144.67797900000002 160.0 2
  144.69177200000001 128.0 2
  144.736649 132.0 2
  144.73751800000002 160.0 2
  144.869202 160.0 2
  145.013168 10.35 0
  145.027084 184.0 3
  145.04104600000002 208.0 3
  145.06629900000001 144.0 2
  145.125412 164.0 2
  145.199814 176.0 3
  145.20262100000002 32.0 0
  145.32501200000002 192.0 3
  145.402039 192.0 3
  145.445221 80.0 1
  145.461197 220.0 3
  145.507278 156.0 2
  145.513397 15.66987 0
  145.747131 48.0 1
  145.835495 304.0 5
  145.847473 212.0 3
  145.85200500000002 168.0 3
  145.969254 144.0 2
  145.980804 220.0 3
  146.05139200000002 888.0 14
  146.07324200000002 536.0 8
  146.09376500000002 1716.0 26
  146.21347 96.0 1
  146.325241 108.0 2
  146.495697 152.0 2
  146.537247 48.0 1
  146.588852 136.0 2
  146.634949 312.0 5
  146.66381800000002 156.0 2
  146.791 120.0 2
  146.83873 220.0 3
  146.884964 204.0 3
  146.967148 196.0 3
  147.008713 200.0 3
  147.07312000000002 560.0 9
  147.079651 1916.0 29
  147.130234 144.0 2
  147.148087 104.0 2
  147.22245800000002 212.0 3
  147.261276 220.0 3
  147.26916500000002 60.0 1
  147.364487 52.0 1
  147.412674 132.0 2
  147.42506400000002 15.26059 0
  147.428787 32.090271 0
  147.71228000000002 264.0 4
  147.71417200000002 188.0 3
  147.734207 156.0 2
  147.753738 176.0 3
  147.75441 152.0 2
  147.899033 44.0 1
  147.93486000000001 140.0 2
  147.941864 64.0 1
  147.974121 264.0 4
  148.009644 76.0 1
  148.023346 232.0 4
  148.05744900000002 3964.0 60
  148.084442 188.0 3
  148.123703 196.0 3
  148.16502400000002 124.0 2
  148.231964 152.0 2
  148.34346000000002 180.0 3
  148.576584 244.0 4
  148.745544 136.0 2
  148.889465 188.0 3
  148.983292 148.0 2
  149.023651 96.0 1
  149.05796800000002 780.0 12
  149.20240800000002 112.0 2
  149.256348 180.0 3
  149.37806700000002 100.0 2
  149.398056 180.0 3
  149.403793 100.0 2
  149.444519 160.0 2
  149.464584 168.0 3
  149.472519 152.0 2
  149.47821000000002 204.0 3
  149.620026 32.0 0
  149.633224 100.0 2
  149.67103600000002 196.0 3
  149.77117900000002 144.0 2
  149.93853800000002 168.0 3
  150.135422 204.0 3
  150.14122 172.0 3
  150.154099 112.0 2
  150.207855 116.0 2
  150.22958400000002 124.0 2
  150.326782 176.0 3
  150.405975 200.0 3
  150.406509 160.0 2
  150.455872 216.0 3
  150.51460300000002 116.0 2
  150.67004400000002 168.0 3
  150.767075 40.0 1
  150.895248 352.0 5
  151.049438 40.0 1
  151.06488000000002 204.0 3
  151.18962100000002 3.857143 0
  151.243134 120.0 2
  151.308044 104.0 2
  151.31585700000002 116.0 2
  151.40707400000002 296.0 5
  151.503915 188.0 3
  151.524918 160.0 2
  151.55384800000002 60.0 1
  151.658554 16.674999 0
  151.75572200000002 160.0 2
  151.829285 60.0 1
  152.110992 128.0 2
  152.12207 40.0 1
  152.206161 76.0 1
  152.250458 144.0 2
  152.295227 60.0 1
  152.492737 96.0 1
  152.605576 100.0 2
  152.67721600000002 124.0 2
  152.68248 156.0 2
  152.754883 132.0 2
  152.86244200000002 220.0 3
  152.898392 9.823148 0
  152.93476900000002 160.0 2
  152.96669 180.0 3
  153.019318 10924.0 166
  153.069321 512.0 8
  153.11998 152.0 2
  153.136368 100.0 2
  153.264877 196.0 3
  153.39845300000002 44.0 1
  153.56024200000002 124.0 2
  153.56710800000002 128.0 2
  153.64769 76.0 1
  153.69902000000002 240.0 4
  153.817505 132.0 2
  153.937485 152.0 2
  153.954315 56.0 1
  153.991455 148.0 2
  154.023346 17884.0 272
  154.209045 200.0 3
  154.230927 152.0 2
  154.52092000000002 112.0 2
  154.528671 176.0 3
  154.647568 156.0 2
  154.716599 132.0 2
  154.835464 140.0 2
  154.880615 164.0 2
  154.964874 64.0 1
  155.018356 172.0 3
  155.020111 240.0 4
  155.025696 184.0 3
  155.045288 132.0 2
  155.053879 680.0 10
  155.075409 180.0 3
  155.10119600000002 472.0 7
  155.128296 544.0 8
  155.13386500000001 108.0 2
  155.217102 232.0 4
  155.255661 152.0 2
  155.27610800000002 80.0 1
  155.296967 148.0 2
  155.31680300000002 168.0 3
  155.357559 200.0 3
  155.388351 140.0 2
  155.522995 152.0 2
  155.546738 96.0 1
  155.576447 132.0 2
  155.626328 48.0 1
  155.689606 216.0 3
  155.90678400000002 104.0 2
  156.05127000000002 100.0 2
  156.059875 320.0 5
  156.064087 148.0 2
  156.100983 424.0 6
  156.193298 124.0 2
  156.206589 108.0 2
  156.23138400000002 92.0 1
  156.27742 188.0 3
  156.29679900000002 248.0 4
  156.451569 120.0 2
  156.462769 92.0 1
  156.53199800000002 176.0 3
  156.591904 116.0 2
  156.615982 60.0 1
  156.628891 200.0 3
  156.761917 80.0 1
  156.846176 4.048611 0
  156.872925 128.0 2
  156.907745 180.0 3
  157.032822 100.0 2
  157.062485 148.0 2
  157.06376600000002 772.0 12
  157.08792100000002 772.0 12
  157.168991 152.0 2
  157.17309600000002 27.032631 0
  157.192123 48.0 1
  157.240463 148.0 2
  157.309494 92.0 1
  157.326096 132.0 2
  157.418945 148.0 2
  157.423798 84.0 1
  157.574799 188.0 3
  157.625885 276.0 4
  157.65072600000002 60.0 1
  157.84475700000002 84.0 1
  157.84544400000001 228.0 3
  157.885727 148.0 2
  157.9151 156.0 2
  157.98275800000002 104.0 2
  158.062439 604.0 9
  158.157181 152.0 2
  158.1586 84.0 1
  158.169708 204.0 3
  158.17927600000002 188.0 3
  158.255807 176.0 3
  158.25650000000002 80.0 1
  158.40029900000002 72.0 1
  158.401733 176.0 3
  158.439941 200.0 3
  158.502365 180.0 3
  158.543091 140.0 2
  158.58337400000002 160.0 2
  158.706039 252.0 4
  159.02229300000002 200.0 3
  159.05856300000002 304.0 5
  159.07560700000002 45.272011 1
  159.08403 140.0 2
  159.14253200000002 20.667231 0
  159.17288200000002 2704.0 41
  159.18682900000002 136.0 2
  159.24852 152.0 2
  159.272385 180.0 3
  159.317703 52.0 1
  159.32551600000002 136.0 2
  159.349747 88.0 1
  159.399506 108.0 2
  159.41047700000001 44.0 1
  159.41684 176.0 3
  159.451202 260.0 4
  159.524841 76.0 1
  159.604126 112.0 2
  159.719604 156.0 2
  159.75528 124.0 2
  159.80838 100.0 2
  159.84371900000002 180.0 3
  159.923813 184.0 3
  160.039322 188.0 3
  160.050766 1256.0 19
  160.089035 180.0 3
  160.146637 188.0 3
  160.260284 180.0 3
  160.28320300000001 76.0 1
  160.288116 136.0 2
  160.439041 172.0 3
  160.78949 136.0 2
  160.81781 104.0 2
  160.88613900000001 212.0 3
  160.936676 9.334596 0
  161.04229700000002 304.0 5
  161.084076 304.0 5
  161.09660300000002 1388.0 21
  161.13147 180.0 3
  161.17674300000002 188.0 3
  161.27186600000002 164.0 2
  161.37471000000002 144.0 2
  161.43017600000002 140.0 2
  161.68377700000002 200.0 3
  161.80212400000002 128.0 2
  161.86192300000002 152.0 2
  161.86788900000002 48.0 1
  161.948822 136.0 2
  162.079224 264.0 4
  162.09671 276.0 4
  162.17923000000002 92.0 1
  162.2509 124.0 2
  162.260376 132.0 2
  162.38342300000002 180.0 3
  162.426041 180.0 3
  162.6483 22.743589 0
  162.69433600000002 156.0 2
  162.782104 152.0 2
  162.827042 160.0 2
  162.958389 280.0 4
  163.020157 196.0 3
  163.060577 592.0 9
  163.089828 124.0 2
  163.11123 1064.0 16
  163.12117 96.0 1
  163.238617 108.0 2
  163.263306 116.0 2
  163.317139 136.0 2
  163.373657 112.0 2
  163.47563200000002 164.0 2
  163.479813 168.0 3
  163.551971 176.0 3
  163.600388 240.0 4
  163.631378 148.0 2
  163.655899 152.0 2
  163.744019 96.0 1
  163.775696 152.0 2
  163.968567 192.0 3
  164.043594 144.0 2
  164.137909 104.0 2
  164.147263 204.0 3
  164.36862200000002 248.0 4
  164.416199 176.0 3
  164.576279 136.0 2
  164.675171 140.0 2
  164.80577100000002 216.0 3
  164.827942 160.0 2
  164.92768900000002 136.0 2
  165.01409900000002 244.0 4
  165.085281 196.0 3
  165.269745 204.0 3
  165.43483 208.0 3
  165.51654100000002 200.0 3
  165.671478 156.0 2
  165.702591 208.0 3
  165.96077 88.0 1
  165.970459 228.0 3
  166.073608 732.0 11
  166.11360200000001 48.0 1
  166.173279 92.0 1
  166.184479 88.0 1
  166.283875 108.0 2
  166.54629500000001 104.0 2
  166.61325100000002 168.0 3
  166.951431 176.0 3
  167.041473 128.0 2
  167.068878 104.0 2
  167.11187700000002 216.0 3
  167.22348 104.0 2
  167.233551 140.0 2
  167.255234 136.0 2
  167.261871 184.0 3
  167.361786 208.0 3
  167.47352600000002 112.0 2
  167.543488 204.0 3
  167.64102200000002 180.0 3
  167.643051 224.0 3
  167.73512300000002 136.0 2
  167.974319 136.0 2
  167.98237600000002 204.0 3
  168.055252 1984.0 30
  168.061859 148.0 2
  168.07530200000002 62764.0 955
  168.121658 152.0 2
  168.23233000000002 64.0 1
  168.3013 144.0 2
  168.348679 244.0 4
  168.36251800000002 128.0 2
  168.462524 164.0 2
  168.46675100000002 52.0 1
  168.484207 280.0 4
  168.56504800000002 268.0 4
  168.623154 120.0 2
  168.705261 52.0 1
  168.73550400000002 188.0 3
  168.859543 184.0 3
  168.91609200000002 160.0 2
  169.020081 96.0 1
  169.09556600000002 144.0 2
  169.160248 136.0 2
  169.226944 116.0 2
  169.624817 164.0 2
  169.630005 204.0 3
  169.634521 208.0 3
  169.674744 196.0 3
  169.738953 160.0 2
  169.770981 108.0 2
  169.794907 8.28954 0
  169.79885900000002 304.0 5
  169.80148300000002 164.0 2
  169.885895 12.04167 0
  170.021286 1096.0 17
  170.050821 104.0 2
  170.06298800000002 196.0 3
  170.07037400000002 300.0 5
  170.11140400000002 116.0 2
  170.384354 80.0 1
  170.392258 164.0 2
  170.438751 104.0 2
  170.47854600000002 32.852699 0
  170.59433 156.0 2
  170.633652 208.0 3
  170.717285 144.0 2
  170.796265 72.0 1
  170.863617 52.0 1
  170.983124 152.0 2
  171.043732 164.0 2
  171.065887 176.0 3
  171.072418 296.0 5
  171.076828 396.0 6
  171.08020000000002 10459.900391 159
  171.085541 1684.0 26
  171.21614100000002 196.0 3
  171.293701 104.0 2
  171.350098 124.0 2
  171.371597 10.51961 0
  171.387772 196.0 3
  171.482727 196.0 3
  171.50920100000002 160.0 2
  171.527771 280.0 4
  171.583328 168.0 3
  171.590424 44.0 1
  171.651123 40.0 1
  171.653854 156.0 2
  171.70166 152.0 2
  171.73001100000002 256.0 4
  171.81912200000002 124.0 2
  171.83860800000002 112.0 2
  172.01689100000002 216.0 3
  172.076065 2020.0 31
  172.08725 808.0 12
  172.18132 104.0 2
  172.218826 156.0 2
  172.249786 144.0 2
  172.264755 180.0 3
  172.329224 80.0 1
  172.34075900000002 84.0 1
  172.654861 128.0 2
  172.681198 164.0 2
  172.683487 108.0 2
  172.72477700000002 176.0 3
  172.728622 36.0 1
  172.81044 48.0 1
  172.93107600000002 156.0 2
  173.19068900000002 156.0 2
  173.19899 120.0 2
  173.288254 112.0 2
  173.296494 56.0 1
  173.348389 128.0 2
  173.369461 92.0 1
  173.420013 156.0 2
  173.52984600000002 96.0 1
  173.546951 192.0 3
  173.70219400000002 120.0 2
  173.708771 232.0 4
  173.746613 184.0 3
  173.75250200000002 244.0 4
  173.767166 100.0 2
  173.92880200000002 88.0 1
  173.97735600000001 144.0 2
  174.01358000000002 128.0 2
  174.018265 108.0 2
  174.08277900000002 164.0 2
  174.09111000000001 16020.0 244
  174.092209 364.0 6
  174.10166900000002 188.0 3
  174.118301 292.0 4
  174.127823 12640.0 192
  174.13356000000002 508.0 8
  174.31810900000002 140.0 2
  174.32861300000002 140.0 2
  174.500168 52.0 1
  174.52061500000002 200.0 3
  174.77787800000002 200.0 3
  174.77842700000002 144.0 2
  174.839325 220.0 3
  174.898163 60.0 1
  174.968353 200.0 3
  175.028885 168.0 3
  175.090408 164.0 2
  175.096481 152.0 2
  175.13157700000002 148.0 2
  175.147415 144.0 2
  175.209259 108.0 2
  175.329071 100.0 2
  175.471405 100.0 2
  175.56466700000001 176.0 3
  175.577301 144.0 2
  175.606537 176.0 3
  175.641144 32.0 0
  175.68866 100.0 2
  175.69992100000002 60.0 1
  175.711533 136.0 2
  175.71760600000002 100.0 2
  176.031631 140.0 2
  176.11586 2408.0 37
  176.150375 168.0 3
  176.18081700000002 136.0 2
  176.350266 60.0 1
  176.547607 172.0 3
  176.58351100000002 180.0 3
  176.603271 112.0 2
  176.741104 44.0 1
  176.74295 59.241619 1
  176.816864 228.0 3
  176.843231 136.0 2
  176.861465 84.0 1
  176.863327 148.0 2
  176.90171800000002 48.0 1
  176.910919 80.0 1
  177.010086 240.0 4
  177.018967 264.0 4
  177.051208 100.0 2
  177.084442 148.0 2
  177.087784 120.0 2
  177.176544 152.0 2
  177.218231 152.0 2
  177.327591 152.0 2
  177.356659 220.0 3
  177.393158 88.0 1
  177.487427 120.0 2
  177.504257 176.0 3
  177.514832 176.0 3
  177.51821900000002 196.0 3
  177.582458 152.0 2
  177.718063 184.0 3
  177.831894 152.0 2
  177.93455500000002 52.0 1
  178.08007800000001 272.0 4
  178.16133100000002 160.0 2
  178.204483 56.0 1
  178.535141 96.0 1
  178.690201 60.0 1
  178.872894 80.0 1
  179.06594800000002 260.0 4
  179.169388 176.0 3
  179.21215800000002 96.0 1
  179.36488300000002 160.0 2
  179.495148 124.0 2
  179.52655000000001 48.149471 1
  179.540298 4.580128 0
  179.542053 244.0 4
  179.587524 152.0 2
  179.973602 140.0 2
  180.039917 200.0 3
  180.20893900000002 212.0 3
  180.322784 236.0 4
  180.370972 10.01885 0
  180.41407800000002 108.0 2
  180.523911 156.0 2
  180.622559 188.0 3
  180.700104 152.0 2
  180.784363 188.0 3
  180.80957 168.0 3
  180.930679 72.0 1
  180.99679600000002 116.0 2
  181.06358300000002 232.0 4
  181.070663 564.0 9
  181.21637 300.0 5
  181.325073 76.0 1
  181.926559 176.0 3
  181.97073400000002 184.0 3
  181.988159 164.0 2
  181.99610900000002 200.0 3
  182.031555 216.0 3
  182.06607100000002 168.0 3
  182.070267 140.0 2
  182.08429 120.0 2
  182.152374 72.0 1
  182.194092 140.0 2
  182.356842 160.0 2
  182.39712500000002 80.0 1
  182.630524 96.0 1
  182.63887 148.0 2
  182.703156 168.0 3
  182.733551 184.0 3
  182.837677 88.0 1
  183.02191200000001 168.0 3
  183.055573 82.904823 1
  183.089539 204.0 3
  183.176575 104.0 2
  183.31575 136.0 2
  183.358307 140.0 2
  183.467361 28.0 0
  183.50087000000002 128.0 2
  183.633484 164.0 2
  183.677032 92.0 1
  183.776794 140.0 2
  183.87764 112.0 2
  184.079865 144.0 2
  184.08496100000002 492.0 7
  184.106049 164.0 2
  184.322998 4.506667 0
  184.37596100000002 72.0 1
  184.505997 72.0 1
  184.559586 108.0 2
  184.684967 60.0 1
  184.768372 104.0 2
  184.77040100000002 208.0 3
  184.79357900000002 96.0 1
  184.88377400000002 100.0 2
  185.095001 184.0 3
  185.095596 2396.0 36
  185.107361 14636.0 223
  185.185226 2.375 0
  185.19653300000002 164.0 2
  185.330002 56.0 1
  185.35372900000002 156.0 2
  185.529709 92.0 1
  185.577942 176.0 3
  185.632233 188.0 3
  185.661682 68.0 1
  185.681686 108.0 2
  185.693802 188.0 3
  185.713043 64.0 1
  185.794556 144.0 2
  185.867554 176.0 3
  185.963379 144.0 2
  186.104547 292.0 4
  186.11303700000002 388.0 6
  186.132156 104.0 2
  186.14613300000002 188.0 3
  186.458878 140.0 2
  186.47580000000002 52.0 1
  186.54097000000002 64.0 1
  186.649963 100.0 2
  186.71867400000002 152.0 2
  186.891266 148.0 2
  186.909424 284.0 4
  186.944778 204.0 3
  186.94589200000001 120.0 2
  186.999054 164.0 2
  187.08689900000002 176.0 3
  187.148788 152.0 2
  187.247772 116.0 2
  187.319885 100.0 2
  187.41116300000002 60.0 1
  187.432159 108.0 2
  187.465179 108.0 2
  187.716248 136.0 2
  187.817612 148.0 2
  187.966156 156.0 2
  187.98765600000002 88.0 1
  188.019943 168.0 3
  188.026703 332.0 5
  188.036957 156.0 2
  188.129532 4.42803 0
  188.166748 124.0 2
  188.254745 152.0 2
  188.436279 216.0 3
  188.483246 120.0 2
  188.526489 200.0 3
  189.03332500000002 132.0 2
  189.07118200000002 148.0 2
  189.15823400000002 11072.0 168
  189.303879 72.0 1
  189.65785200000002 172.0 3
  189.698578 76.0 1
  189.88389600000002 176.0 3
  189.953583 56.0 1
  189.987381 152.0 2
  190.038666 144.0 2
  190.08860800000002 308.0 5
  190.118118 164.0 2
  190.15704300000002 124.0 2
  190.20399500000002 156.0 2
  190.40910300000002 96.0 1
  190.485748 152.0 2
  190.688126 132.0 2
  190.716843 176.0 3
  191.365646 152.0 2
  191.38519300000002 128.0 2
  191.507645 22.12348 0
  191.669678 48.0 1
  191.73069800000002 80.0 1
  191.73538200000002 76.0 1
  191.82518000000002 208.0 3
  191.845627 236.0 4
  192.000259 2348.0 36
  192.179626 304.0 5
  192.42686500000002 132.0 2
  192.7099 144.0 2
  192.915512 152.0 2
  193.083664 3195.0 49
  193.10887100000002 160.0 2
  193.146622 392.0 6
  193.171051 148.0 2
  193.171982 136.0 2
  193.207596 136.0 2
  193.404388 172.0 3
  193.45799300000002 116.0 2
  193.730026 268.0 4
  193.851852 56.0 1
  194.019363 148.0 2
  194.130905 192.0 3
  194.156662 144.0 2
  194.194534 160.0 2
  194.306824 104.0 2
  194.426208 224.0 3
  194.551849 56.0 1
  194.55238300000002 224.0 3
  194.602371 76.0 1
  194.648941 60.0 1
  194.662689 152.0 2
  194.686859 52.0 1
  194.713364 152.0 2
  194.740021 224.0 3
  194.758591 80.0 1
  194.853607 148.0 2
  194.854645 132.0 2
  194.920059 76.0 1
  195.03735400000002 164.0 2
  195.067123 152.0 2
  195.120743 840.0 13
  195.134445 84.0 1
  195.24095200000002 128.0 2
  195.26779200000001 164.0 2
  195.370575 128.0 2
  195.37141400000002 108.0 2
  195.429977 96.0 1
  195.50177000000002 188.0 3
  195.630951 124.0 2
  195.767853 196.0 3
  195.78945900000002 80.0 1
  195.97442600000002 140.0 2
  195.98559600000002 76.0 1
  196.08609 156.0 2
  196.09404 300.0 5
  196.17601000000002 168.0 3
  196.195786 68.0 1
  196.300262 200.0 3
  196.34285 68.0 1
  196.36561600000002 164.0 2
  196.40536500000002 160.0 2
  196.73739600000002 292.0 4
  196.81753500000002 144.0 2
  196.834213 116.0 2
  196.892212 152.0 2
  196.91539 188.0 3
  196.970505 96.0 1
  197.05143700000002 264.0 4
  197.058502 648.0 10
  197.132019 2388.0 36
  197.18853800000002 112.0 2
  197.261368 212.0 3
  197.324768 136.0 2
  197.629623 92.0 1
  197.868637 132.0 2
  197.991226 268.0 4
  198.08905000000001 6504.0 99
  198.091934 164.0 2
  198.123093 156.0 2
  198.18739300000001 176.0 3
  198.476242 132.0 2
  198.477203 36.0 1
  198.609848 188.0 3
  198.669861 224.0 3
  198.752213 68.0 1
  198.774887 160.0 2
  198.880661 164.0 2
  198.94769300000002 156.0 2
  199.075027 312.0 5
  199.10363800000002 128.0 2
  199.131516 140.0 2
  199.14672900000002 700.0 11
  199.188095 96.0 1
  199.27465800000002 56.0 1
  199.31303400000002 9.513889 0
  199.34132400000001 100.0 2
  199.50740100000002 200.0 3
  199.518188 152.0 2
  199.58470200000002 284.0 4
  199.591034 212.0 3
  199.73417700000002 5.388889 0
  199.746124 100.0 2
  199.75160200000002 160.0 2
  199.914398 60.0 1
  199.99762 56.0 1
  200.007278 220.0 3
  200.075592 460.0 7
  200.076569 392.0 6
  200.19717400000002 164.0 2
  200.226166 224.0 3
  200.48486300000002 228.0 3
  200.76683 72.0 1
  200.824051 228.0 3
  200.94712800000002 148.0 2
  200.963684 196.0 3
  200.98962400000002 188.0 3
  201.05191000000002 184.0 3
  201.09625200000002 196.0 3
  201.127045 159.450394 2
  201.136108 132.0 2
  201.23924300000002 88.0 1
  201.294815 196.0 3
  201.3246 76.0 1
  201.398209 164.0 2
  201.417114 3.055556 0
  201.42785600000002 160.0 2
  201.453934 44.0 1
  201.45401 80.0 1
  201.553253 76.0 1
  201.578217 168.0 3
  201.807602 168.0 3
  202.05650300000002 120.0 2
  202.079483 108.0 2
  202.16265900000002 92.0 1
  202.177231 56.0 1
  202.21582 164.0 2
  202.326431 172.0 3
  202.34964000000002 188.0 3
  202.692032 140.0 2
  202.731674 124.0 2
  202.99057000000002 132.0 2
  203.03746 104.0 2
  203.055984 144.0 2
  203.068298 176.0 3
  203.07118200000002 572.0 9
  203.08410600000002 1152.0 18
  203.100388 104.0 2
  203.14122 212.0 3
  203.329193 164.0 2
  203.526138 120.0 2
  203.52920500000002 252.0 4
  203.66033900000002 160.0 2
  203.841461 220.0 3
  204.067566 240.0 4
  204.089706 160.0 2
  204.173553 232.0 4
  204.205612 148.0 2
  204.48497 52.0 1
  204.675598 224.0 3
  204.916458 88.0 1
  204.920105 232.0 4
  204.955231 188.0 3
  205.077484 500.0 8
  205.10475200000002 168.0 3
  205.116806 2957.0 45
  205.225998 48.0 1
  205.593109 80.0 1
  205.627197 60.0 1
  205.630478 132.0 2
  205.914307 188.0 3
  206.01088000000001 112.0 2
  206.031876 192.0 3
  206.077057 1744.0 27
  206.090561 200.0 3
  206.119415 188.0 3
  206.15420500000002 128.0 2
  206.160995 204.0 3
  206.69622800000002 340.0 5
  206.802399 124.0 2
  206.846222 204.0 3
  206.883804 172.0 3
  206.953537 96.0 1
  207.080688 112.0 2
  207.257706 5.625 0
  207.400391 6.364899 0
  207.521759 60.0 1
  207.63450600000002 88.0 1
  207.65686 124.0 2
  207.794479 148.0 2
  207.859985 3.168982 0
  207.86230500000002 392.0 6
  208.00418100000002 80.0 1
  208.072571 112.0 2
  208.09996 420.0 6
  208.105927 152.0 2
  208.59672500000002 108.0 2
  208.65982100000002 156.0 2
  208.71078500000002 100.0 2
  208.81662 172.0 3
  208.910461 148.0 2
  209.02882400000001 56.0 1
  209.085129 192.0 3
  209.117828 218.180405 3
  209.30195600000002 160.0 2
  209.335617 216.0 3
  209.37236000000001 132.0 2
  209.376755 120.0 2
  209.409805 100.0 2
  209.525452 208.0 3
  209.60032700000002 100.0 2
  209.934875 156.0 2
  209.96168500000002 148.0 2
  210.008118 244.0 4
  210.043488 164.0 2
  210.04924 152.0 2
  210.192688 52.0 1
  210.213806 208.0 3
  210.312271 112.0 2
  210.347229 156.0 2
  210.358597 108.0 2
  210.36592100000001 84.0 1
  210.65614300000001 48.0 1
  210.656464 184.0 3
  210.663422 108.0 2
  210.696411 152.0 2
  211.034134 480.0 7
  211.113831 172.0 3
  211.152176 152.0 2
  211.321503 168.0 3
  211.464096 140.0 2
  211.792114 248.0 4
  211.83784500000002 5.69697 0
  211.839767 36.0 1
  211.89750700000002 184.0 3
  211.955276 48.0 1
  212.018661 44.0 1
  212.08152800000002 148.0 2
  212.100021 220.0 3
  212.107574 1244.0 19
  212.160873 200.0 3
  212.228699 104.0 2
  212.24353000000002 56.0 1
  212.258881 64.0 1
  212.311691 84.0 1
  212.42193600000002 76.0 1
  212.449905 72.0 1
  212.889557 152.0 2
  213.035828 24608.0 374
  213.085129 672.0 10
  213.14170800000002 144.0 2
  213.33264200000002 308.0 5
  213.44021600000002 148.0 2
  213.646423 148.0 2
  213.69227600000002 668.0 10
  214.373367 68.0 1
  214.937363 112.0 2
  215.064987 84.0 1
  215.07605 316.0 5
  215.11625700000002 168.0 3
  215.123917 100.0 2
  215.162415 216.0 3
  215.30732700000002 160.0 2
  215.351776 172.0 3
  215.40329 196.0 3
  215.410889 80.0 1
  215.482513 104.0 2
  215.484833 120.0 2
  215.602448 160.0 2
  215.710892 112.0 2
  216.21875 164.0 2
  216.337006 60.0 1
  216.393188 244.0 4
  216.421234 176.0 3
  216.42816200000001 156.0 2
  216.497086 84.0 1
  216.586929 164.0 2
  216.68850700000002 204.0 3
  216.896332 180.0 3
  216.933899 192.0 3
  217.003464 156.0 2
  217.003983 108.0 2
  217.049835 584.0 9
  217.12384 22.53112 0
  217.303314 40.0 1
  217.516647 148.0 2
  217.56388900000002 160.0 2
  217.59343 364.0 6
  217.84877 104.0 2
  218.01767 152.0 2
  218.04251100000002 148.0 2
  218.074295 176.0 3
  218.09153700000002 340.0 5
  218.121826 120.0 2
  218.153152 96.0 1
  218.15493800000002 244.0 4
  218.23945600000002 160.0 2
  218.372284 160.0 2
  218.852036 116.0 2
  218.99563600000002 140.0 2
  219.076706 5744.0 87
  219.10202 14460.0 220
  219.129623 4257.0 65
  219.364166 44.0 1
  219.522186 96.0 1
  219.790329 164.0 2
  219.80732700000002 128.0 2
  219.88855 108.0 2
  219.892731 140.0 2
  219.95048500000001 116.0 2
  220.012878 116.0 2
  220.084991 884.0 13
  220.116653 228.0 3
  220.31994600000002 132.0 2
  220.88819900000001 264.0 4
  220.99473600000002 120.0 2
  221.0345 140.0 2
  221.060104 124.0 2
  221.072617 240.0 4
  221.094986 9656.0 147
  221.112167 9.019608 0
  221.1138 244.0 4
  221.48898300000002 112.0 2
  221.51516700000002 60.0 1
  221.660614 136.0 2
  221.742783 64.0 1
  221.78950500000002 228.0 3
  221.83303800000002 15.33681 0
  222.089462 76.0 1
  222.106918 152.0 2
  222.11192300000002 7044.0 107
  222.136841 480.0 7
  222.159286 292.0 4
  222.19528200000002 40.0 1
  222.395432 6.085084 0
  222.64856 52.0 1
  222.672302 128.0 2
  223.049286 388.0 6
  223.14227300000002 228.0 3
  223.14231900000001 160.0 2
  223.15077200000002 116.0 2
  223.165054 216.0 3
  223.193039 132.0 2
  223.2435 160.0 2
  223.414749 56.0 1
  223.485962 220.0 3
  223.51014700000002 140.0 2
  223.593918 160.0 2
  223.674438 64.0 1
  223.737015 92.0 1
  223.770828 164.0 2
  223.896423 172.0 3
  224.06221000000002 120.0 2
  224.14201400000002 88.0 1
  224.185013 200.0 3
  224.824371 164.0 2
  225.125107 3928.0 60
  225.15806600000002 284.0 4
  225.21743800000002 16.111111 0
  225.370789 112.0 2
  225.604462 48.0 1
  225.700897 76.0 1
  225.74438500000002 144.0 2
  225.779221 140.0 2
  225.871658 176.0 3
  225.912125 144.0 2
  226.15617400000002 164.0 2
  226.236862 120.0 2
  226.598434 92.0 1
  226.613632 92.0 1
  226.64445500000002 112.0 2
  226.796005 144.0 2
  226.815399 180.0 3
  226.879837 128.0 2
  226.918488 144.0 2
  226.936325 124.0 2
  227.073349 152.0 2
  227.243164 200.0 3
  227.256424 100.0 2
  227.29567 204.0 3
  227.298843 268.0 4
  227.912308 192.0 3
  228.034729 156.0 2
  228.0858 212.0 3
  228.09866300000002 236.0 4
  228.10997 188.0 3
  228.166473 168.0 3
  228.312363 48.0 1
  228.479874 160.0 2
  228.620316 160.0 2
  228.724792 128.0 2
  228.75943 128.0 2
  228.91978500000002 172.0 3
  228.937958 5.575 0
  229.057678 244.0 4
  229.077301 184.0 3
  229.12158200000002 140.0 2
  229.147964 52.0 1
  229.35844400000002 124.0 2
  229.501022 56.0 1
  229.64419600000002 140.0 2
  229.72880600000002 104.0 2
  229.92446900000002 116.0 2
  230.06800800000002 3672.0 56
  230.079529 696.0 11
  230.080734 120.0 2
  230.28950500000002 5.380952 0
  230.421997 160.0 2
  230.43832400000002 172.0 3
  230.49411 112.0 2
  230.593216 128.0 2
  230.645645 80.0 1
  231.031921 128.0 2
  231.106369 140.0 2
  231.174057 1204.0 18
  231.313065 88.0 1
  231.926727 68.0 1
  232.073608 80.0 1
  232.077896 208.0 3
  232.138351 216.0 3
  232.21871900000002 15.32527 0
  232.32312000000002 160.0 2
  232.422546 340.0 5
  232.50598100000002 116.0 2
  232.637131 120.0 2
  232.64849900000002 176.0 3
  232.765457 188.0 3
  233.002518 116.0 2
  233.060593 5932.0 90
  233.272751 136.0 2
  233.676071 40.0 1
  233.780594 196.0 3
  233.829697 140.0 2
  234.090836 480.0 7
  235.105331 30.3617 0
  235.12179600000002 132.0 2
  235.18515000000002 128.0 2
  235.33599900000002 144.0 2
  235.45813 148.0 2
  235.495865 68.0 1
  235.67868 164.0 2
  235.67961100000002 188.0 3
  235.723511 144.0 2
  235.917313 268.0 4
  236.04139700000002 180.0 3
  236.087479 324.0 5
  236.47467 168.0 3
  236.53212000000002 96.0 1
  236.55775500000001 52.0 1
  236.81900000000002 76.0 1
  236.932007 188.0 3
  237.082962 1292.0 20
  237.20863300000002 84.0 1
  237.316742 52.0 1
  237.332275 176.0 3
  237.428223 132.0 2
  237.494293 164.0 2
  237.881744 10.07407 0
  238.13531500000002 416.0 6
  238.342621 140.0 2
  238.36364700000001 88.0 1
  238.463715 36.0 1
  238.525864 40.0 1
  238.826736 60.0 1
  238.871017 136.0 2
  238.88458300000002 84.0 1
  239.033401 148.0 2
  239.411438 52.0 1
  239.48666400000002 192.0 3
  239.73867800000002 148.0 2
  239.799554 148.0 2
  240.045883 68.0 1
  240.17845200000002 680.0 10
  240.450272 136.0 2
  240.45562700000002 204.0 3
  240.73950200000002 76.0 1
  241.03555300000002 84.0 1
  241.097565 100.0 2
  241.105118 1.673611 0
  241.138077 96.0 1
  241.42326400000002 108.0 2
  241.585236 60.0 1
  241.603485 52.0 1
  241.76379400000002 200.0 3
  241.83474700000002 192.0 3
  242.044891 112.0 2
  242.088455 260.0 4
  242.11819500000001 204.0 3
  242.14918500000002 144.0 2
  242.27179 248.0 4
  242.29933200000002 296.0 5
  242.323883 160.0 2
  242.370529 96.0 1
  242.47073400000002 56.0 1
  242.691986 208.0 3
  242.78772 92.0 1
  242.812637 128.0 2
  242.827301 260.0 4
  242.841339 120.0 2
  242.89643900000002 80.0 1
  243.166504 124.0 2
  243.22644 168.0 3
  243.29454 104.0 2
  243.35879500000001 268.0 4
  243.446671 160.0 2
  243.520645 28.0 0
  243.69075 64.0 1
  243.758545 148.0 2
  244.146942 296.0 5
  244.33107 164.0 2
  244.586151 236.0 4
  244.63214100000002 104.0 2
  244.755875 100.0 2
  244.85379 48.0 1
  244.915207 68.0 1
  245.077164 6364.0 97
  245.20957900000002 52.0 1
  245.226074 7384.0 112
  245.289612 80.0 1
  245.68391400000002 28.0 0
  245.708771 136.0 2
  245.76834100000002 116.0 2
  245.976074 22488.0 342
  246.12454200000002 132.0 2
  246.125 180.0 3
  246.12930300000002 204.0 3
  246.164841 40.0 1
  246.19068900000002 88.0 1
  246.493301 72.0 1
  246.615677 72.0 1
  246.97868300000002 144.0 2
  247.07882700000002 120.0 2
  247.146744 668.0 10
  247.27563500000002 56.0 1
  247.38943500000002 88.0 1
  247.461349 32.0 0
  247.740585 60.0 1
  247.995865 124.0 2
  248.432373 124.0 2
  249.197937 100.0 2
  249.49498 60.0 1
  249.554886 64.0 1
  249.73159800000002 152.0 2
  249.79942300000002 224.0 3
  249.889359 192.0 3
  250.024933 620.0 9
  250.106094 68.0 1
  250.171265 40.0 1
  250.252014 36.0 1
  250.454361 152.0 2
  250.937164 80.0 1
  250.989319 156.0 2
  251.07101400000002 15328.0 233
  251.072662 140.0 2
  251.15274000000002 260.0 4
  251.178574 172.0 3
  251.42468300000002 76.0 1
  251.569504 176.0 3
  251.607483 168.0 3
  251.68086200000002 164.0 2
  251.745148 100.0 2
  251.805496 36.0 1
  251.84371900000002 140.0 2
  251.909973 176.0 3
  252.379959 108.0 2
  252.699295 212.0 3
  252.777039 144.0 2
  252.838806 136.0 2
  253.14999400000002 140.0 2
  253.17378200000002 68.0 1
  253.302887 112.0 2
  253.345154 124.0 2
  253.74438500000002 20.17222 0
  253.798538 160.0 2
  253.82788100000002 220.0 3
  253.93803400000002 84.0 1
  253.994919 248.0 4
  254.26670800000002 148.0 2
  254.278183 152.0 2
  254.28302000000002 220.0 3
  254.564026 172.0 3
  254.606613 40.0 1
  254.75190700000002 40.0 1
  254.866394 176.0 3
  254.897354 68.0 1
  255.060516 168.0 3
  255.070053 64.0 1
  255.08284 224.0 3
  255.45970200000002 128.0 2
  255.475403 140.0 2
  255.589569 96.0 1
  256.011322 76.0 1
  256.019806 188.0 3
  256.089813 46180.0 702
  256.104462 148.0 2
  256.637085 8.0125 0
  256.761566 8.55 0
  256.892639 160.0 2
  257.082581 180.0 3
  257.097443 776.0 12
  257.114716 120.0 2
  257.11886599999997 172.0 3
  257.73443599999996 152.0 2
  257.84466599999996 128.0 2
  258.098999 256.0 4
  258.13458299999996 296.0 5
  258.255493 168.0 3
  258.54299899999995 204.0 3
  258.606201 176.0 3
  258.722534 36.0 1
  258.75210599999997 40.0 1
  258.780945 100.0 2
  259.13354499999997 3156.0 48
  259.311493 112.0 2
  259.797668 52.0 1
  260.03027399999996 128.0 2
  260.149719 148.0 2
  260.288971 88.0 1
  260.380157 80.0 1
  260.860345 152.0 2
  260.947327 184.0 3
  260.99233999999996 148.0 2
  261.104126 164.0 2
  261.126892 6536.0 99
  261.153442 140.0 2
  261.310791 32.0 0
  261.466003 188.0 3
  261.721069 76.0 1
  261.913025 32.0 0
  262.219818 224.0 3
  262.272583 136.0 2
  262.37634299999996 164.0 2
  262.411407 132.0 2
  262.59137 92.0 1
  262.59317 112.0 2
  262.612457 120.0 2
  262.69537399999996 92.0 1
  262.716705 140.0 2
  262.92108199999996 64.0 1
  262.949463 108.0 2
  262.95617699999997 100.0 2
  263.00015299999995 452.0 7
  263.00768999999997 160.0 2
  263.08941699999997 188.0 3
  263.129456 124.0 2
  263.611816 76.0 1
  264.34396399999997 144.0 2
  264.45962499999996 184.0 3
  264.475311 212.0 3
  264.48049899999995 160.0 2
  265.09939599999996 65620.0 998
  265.175385 408.0 6
  265.256012 56.0 1
  265.376312 144.0 2
  265.850952 172.0 3
  266.15640299999995 300.0 5
  266.454346 64.0 1
  267.205383 200.0 3
  267.21304299999997 204.0 3
  267.220734 48.0 1
  267.66970799999996 192.0 3
  267.817596 156.0 2
  268.04333499999996 132.0 2
  268.13116499999995 1648.0 25
  268.192169 180.0 3
  268.199982 144.0 2
  268.237976 52.0 1
  268.35281399999997 224.0 3
  268.622253 92.0 1
  268.704346 68.0 1
  268.826599 52.0 1
  268.835938 72.0 1
  268.97164899999996 128.0 2
  269.095825 152.0 2
  269.736511 124.0 2
  269.79040499999996 128.0 2
  269.801453 196.0 3
  269.853546 184.0 3
  270.283508 92.0 1
  270.323181 52.0 1
  270.326141 124.0 2
  270.70858799999996 112.0 2
  270.78833 176.0 3
  270.986877 44.0 1
  271.13159199999996 344.0 5
  271.15328999999997 252.0 4
  271.36834699999997 88.0 1
  271.448944 240.0 4
  271.53912399999996 160.0 2
  271.583008 136.0 2
  271.695862 224.0 3
  272.07397499999996 112.0 2
  272.18035899999995 44.0 1
  272.232758 168.0 3
  272.53732299999996 168.0 3
  272.62899799999997 104.0 2
  272.80474899999996 96.0 1
  272.964722 164.0 2
  273.101898 1928.0 29
  273.102631 48600.0 739
  273.105621 112.0 2
  273.153534 128.0 2
  273.280121 316.0 5
  273.735168 100.0 2
  273.843079 184.0 3
  273.88201899999996 112.0 2
  274.21279899999996 48.0 1
  274.765533 156.0 2
  275.180969 56.0 1
  275.187408 332.0 5
  275.231964 8.863907 0
  275.276825 36.0 1
  275.607849 124.0 2
  275.629028 128.0 2
  276.19872999999995 72.0 1
  276.243988 64.0 1
  276.38656599999996 160.0 2
  276.450226 108.0 2
  276.48040799999995 80.0 1
  276.74285899999995 116.0 2
  276.829926 252.0 4
  276.94647199999997 188.0 3
  277.040894 104.0 2
  277.115509 564.0 9
  277.124756 668.0 10
  277.380524 212.0 3
  277.51534999999996 772.0 12
  277.628937 144.0 2
  277.67514 128.0 2
  278.032532 56.0 1
  278.28884899999997 84.0 1
  278.523621 184.0 3
  278.60815399999996 248.0 4
  278.62884499999996 104.0 2
  278.655121 132.0 2
  278.894775 240.0 4
  279.055481 488.0 7
  279.402039 228.0 3
  280.06918299999995 144.0 2
  280.17391999999995 144.0 2
  280.271149 80.0 1
  280.37695299999996 40.0 1
  280.39324999999997 8.095109 0
  280.699951 248.0 4
  281.084991 168.0 3
  281.12851 408.0 6
  281.229645 52.0 1
  281.28793299999995 76.0 1
  281.635651 112.0 2
  282.14621 352.0 5
  282.54495199999997 104.0 2
  283.08844 76.0 1
  283.09399399999995 168.0 3
  283.10083 204.0 3
  283.139679 180.0 3
  283.193329 148.0 2
  283.20336899999995 124.0 2
  283.353821 148.0 2
  283.90228299999995 164.0 2
  283.94683799999996 52.0 1
  284.06787099999997 1432.0 22
  284.181519 136.0 2
  284.258514 76.0 1
  284.73098799999997 64.0 1
  284.819794 124.0 2
  285.07742299999995 152.0 2
  285.07784999999996 1540.0 23
  285.08761599999997 172.0 3
  285.181824 12.110807 0
  285.25622599999997 100.0 2
  285.460358 56.0 1
  285.72558599999996 76.0 1
  285.80957 52.0 1
  285.86663799999997 84.0 1
  285.874908 176.0 3
  285.96948199999997 144.0 2
  286.63665799999995 148.0 2
  287.071198 256.0 4
  287.107605 136.0 2
  287.175842 160.0 2
  287.263306 92.0 1
  287.63647499999996 56.0 1
  288.198273 48.0 1
  288.718445 80.0 1
  288.718567 56.0 1
  288.77529899999996 152.0 2
  289.09268199999997 184.0 3
  289.11615 268.0 4
  289.197845 44.0 1
  289.285919 76.0 1
  289.435181 49.58551 1
  289.466187 64.0 1
  289.676422 88.0 1
  289.678528 8.672222 0
  289.81005899999997 84.0 1
  290.12814299999997 176.0 3
  290.18661499999996 52.0 1
  290.21331799999996 60.0 1
  290.242371 136.0 2
  290.435944 44.0 1
  290.48974599999997 156.0 2
  290.604095 148.0 2
  290.835327 192.0 3
  290.90039099999996 100.0 2
  290.921539 92.0 1
  291.09722899999997 544.0 8
  291.25305199999997 188.0 3
  291.66473399999995 32.0 0
  291.74935899999997 136.0 2
  291.933746 120.0 2
  292.141754 224.0 3
  292.832672 144.0 2
  293.07428 284.0 4
  293.335419 72.0 1
  293.746552 196.0 3
  293.75119 124.0 2
  294.048096 148.0 2
  294.062164 64.0 1
  294.162598 160.0 2
  294.474152 28.0 0
  294.516479 76.0 1
  294.653015 132.0 2
  294.748749 172.0 3
  294.912018 164.0 2
  294.980554 144.0 2
  295.021118 256.0 4
  295.05389399999996 204.0 3
  295.102936 132.0 2
  295.242737 164.0 2
  295.50946 100.0 2
  295.63912999999997 9.8625 0
  295.712585 104.0 2
  295.82037399999996 128.0 2
  297.03537 72.0 1
  297.077881 116.0 2
  297.099457 2024.0 31
  297.375519 140.0 2
  297.467896 180.0 3
  297.47772199999997 84.0 1
  297.86956799999996 208.0 3
  298.080536 334.824707 5
  298.083221 768.0 12
  298.125977 5008.0 76
  298.1492 268.0 4
  298.170929 164.0 2
  298.554108 156.0 2
  298.745819 68.0 1
  298.97036699999995 160.0 2
  299.174561 100.0 2
  299.337585 164.0 2
  299.349335 164.0 2
  299.400513 48.0 1
  299.956146 88.0 1
  300.592194 8.367045 0
  300.644531 176.0 3
  300.73053 140.0 2
  301.108551 152.0 2
  301.21606399999996 148.0 2
  301.30087299999997 208.0 3
  301.557556 176.0 3
  301.667328 144.0 2
  301.71124299999997 272.0 4
  301.794556 216.0 3
  301.818176 0.0 0
  302.016174 216.0 3
  302.436737 96.0 1
  302.70694 6.673611 0
  303.100372 200.0 3
  303.20370499999996 60.0 1
  303.366852 172.0 3
  303.618042 144.0 2
  303.69253499999996 208.0 3
  303.784027 140.0 2
  304.090912 0.0 0
  304.367554 8.761905 0
  304.57836899999995 68.0 1
  305.09494 212.0 3
  305.191742 68.0 1
  306.223053 520.0 8
  306.283325 108.0 2
  306.351654 168.0 3
  306.383759 164.0 2
  306.591339 144.0 2
  306.90649399999995 84.0 1
  307.027252 160.0 2
  307.12609899999995 9.151515 0
  307.55972299999996 128.0 2
  307.824463 100.0 2
  307.85839799999997 176.0 3
  307.96502699999996 15.08908 0
  308.274323 140.0 2
  308.99078399999996 152.0 2
  309.43652299999997 184.0 3
  309.763824 36.0 1
  310.22936999999996 120.0 2
  310.384796 228.0 3
  310.63491799999997 40.0 1
  311.16156 152.0 2
  311.195679 56.0 1
  311.656097 96.0 1
  312.337311 192.0 3
  312.346619 232.0 4
  312.529877 72.0 1
  312.904266 132.0 2
  313.09716799999995 108.0 2
  313.11947599999996 264.0 4
  314.03851299999997 152.0 2
  314.51550299999997 64.0 1
  314.562683 104.0 2
  314.864899 144.0 2
  315.01937899999996 3.736111 0
  315.10110499999996 136.0 2
  315.13296499999996 164.0 2
  315.138306 176.0 3
  315.654297 104.0 2
  316.08926399999996 1372.0 21
  316.202606 64.0 1
  316.567047 156.0 2
  317.149658 204.0 3
  317.159943 18.736429 0
  317.18722499999996 120.0 2
  318.063538 156.0 2
  318.107391 88.0 1
  318.967468 208.0 3
  319.238312 96.0 1
  320.166809 108.0 2
  320.542084 208.0 3
  321.03891 52.0 1
  321.069305 23.75947 0
  321.86004599999995 88.0 1
  322.046539 164.0 2
  322.082672 4072.0 62
  322.31436199999996 40.0 1
  322.404297 92.0 1
  323.514343 136.0 2
  323.719543 112.0 2
  324.089996 272.0 4
  324.454071 128.0 2
  325.81192 56.0 1
  326.15389999999996 160.0 2
  326.450714 64.0 1
  327.059174 132.0 2
  327.660706 48.0 1
  327.743469 76.0 1
  327.81976299999997 84.0 1
  328.11852999999996 240.0 4
  329.002167 152.0 2
  329.024323 292.933899 4
  329.45428499999997 108.0 2
  329.56411699999995 108.0 2
  329.594513 88.0 1
  329.67279099999996 52.0 1
  330.298065 208.0 3
  330.591858 136.0 2
  331.079346 100.0 2
  331.217712 136.0 2
  332.675842 116.0 2
  332.908905 160.0 2
  332.97222899999997 148.0 2
  334.18566899999996 156.0 2
  334.712219 108.0 2
  335.37567099999995 120.0 2
  336.99429299999997 72.0 1
  336.998444 156.0 2
  337.419037 100.0 2
  337.58666999999997 148.0 2
  337.647675 204.0 3
  337.69125399999996 68.0 1
  337.939728 164.0 2
  338.04040499999996 5172.0 79
  338.175568 76.0 1
  338.31582599999996 52.0 1
  338.42312599999997 192.0 3
  339.118591 112.0 2
  339.191315 32.304409 0
  339.529144 96.0 1
  339.872253 68.0 1
  340.280518 88.0 1
  340.399231 132.0 2
  341.011078 17.19396 0
  341.047211 144.0 2
  341.092316 148.0 2
  341.383057 48.0 1
  341.42175299999997 32.0 0
  343.027588 108.0 2
  343.047516 336.0 5
  343.14504999999997 160.0 2
  343.180908 184.0 3
  343.22018399999996 132.0 2
  343.345215 96.0 1
  343.50030499999997 244.0 4
  343.847687 160.0 2
  344.13192699999996 32268.0 491
  344.519531 160.0 2
  345.128265 280.0 4
  345.313904 168.0 3
  345.401001 80.0 1
  346.08505199999996 176.0 3
  346.194794 176.0 3
  346.53543099999996 204.0 3
  346.788147 144.0 2
  347.11557 148.0 2
  347.546631 88.0 1
  348.125092 140.0 2
  348.12762499999997 176.0 3
  348.288147 172.0 3
  349.061768 284.0 4
  349.062531 84.0 1
  349.12051399999996 156.0 2
  350.248749 80.0 1
  350.354675 164.0 2
  350.72497599999997 60.0 1
  351.07757599999997 148.0 2
  351.11526499999997 100.0 2
  351.341644 56.0 1
  352.925598 120.0 2
  353.674194 80.0 1
  353.80526699999996 92.0 1
  354.42123399999997 112.0 2
  354.973938 56.0 1
  355.65686 120.0 2
  356.753204 56.0 1
  356.996582 140.0 2
  357.220551 376.0 6
  357.227417 52.0 1
  358.026733 852.0 13
  358.71630899999997 84.0 1
  358.767273 9280.0 141
  359.215271 372.0 6
  359.40506 248.0 4
  359.577698 140.0 2
  360.527222 68.0 1
  361.04623399999997 80.0 1
  362.18954499999995 40.939251 1
  363.145782 156.0 2
  363.97274799999997 56.0 1
  364.71014399999996 60.0 1
  367.168213 352.0 5
  367.23907499999996 156.0 2
  368.159882 252.0 4
  368.25991799999997 236.0 4
  368.468018 27.54669 0
  368.670715 240.0 4
  368.949799 232.0 4
  369.79254199999997 100.0 2
  369.847046 140.0 2
  371.082336 128.0 2
  371.142792 168.0 3
  371.753784 140.0 2
  372.630066 96.0 1
  373.91098 72.0 1
  374.059967 44.0 1
  374.13680999999997 124.0 2
  375.186768 144.0 2
  376.570221 48.0 1
  376.63622999999995 136.0 2
  376.990845 108.0 2
  377.48486299999996 124.0 2
  377.849609 56.0 1
  379.134644 120.0 2
  379.682465 136.0 2
  380.37454199999996 160.0 2
  380.92321799999996 120.0 2
  381.27340699999996 104.0 2
  383.80441299999995 84.0 1
  383.85247799999996 176.0 3
  384.153076 392.0 6
  384.68841599999996 152.0 2
  385.56512499999997 116.0 2
  389.09198 192.0 3
  389.47155799999996 84.0 1
  389.800079 132.0 2
  391.503296 96.0 1
  391.604431 112.0 2
  392.776459 204.0 3
  393.912872 88.0 1
  394.486603 140.0 2
  394.724884 104.0 2
  396.226776 240.0 4
  396.98394099999996 152.0 2
  401.17382799999996 168.0 3
  402.214661 68.0 1
  402.73278799999997 128.0 2
  405.52652 132.0 2
  406.24762 172.0 3
  406.75228899999996 64.0 1
  407.13760399999995 15268.0 232
  407.16000399999996 3216.0 49
  408.173065 180.0 3
  408.869415 116.0 2
  410.52279699999997 136.0 2
  411.213715 92.0 1
  412.118683 200.0 3
  413.145355 52.0 1
  413.546051 220.0 3
  414.145294 63.569721 1
  414.698242 124.0 2
  416.02847299999996 96.0 1
  416.93017599999996 200.0 3
  417.27273599999995 2.000928 0
  419.994171 104.0 2
  420.12985199999997 144.0 2
  421.472046 108.0 2
  421.71023599999995 68.0 1
  422.608856 284.0 4
  423.489349 68.0 1
  423.875702 108.0 2
  424.67932099999996 132.0 2
  425.62899799999997 156.0 2
  426.047821 60.0 1
  426.752496 160.0 2
  429.811035 156.0 2
  431.657807 156.0 2
  434.36038199999996 144.0 2
  434.565887 60.0 1
  434.849091 68.0 1
  435.269318 44.0 1
  436.113251 84.0 1
  436.133453 52.0 1
  436.140656 800.0 12
  438.54547099999996 1.848617 0
  438.973938 120.0 2
  440.754669 208.0 3
  442.925232 520.0 8
  443.114136 76.0 1
  447.404633 96.0 1
  447.457092 132.0 2
  449.591644 160.0 2
  450.18045 200.0 3
  451.43924 148.0 2
  451.940704 68.0 1
  452.145813 760.0 12
  452.90020799999996 160.0 2
  453.39910899999995 156.0 2
  457.13003499999996 72.0 1
  459.667145 84.0 1
  462.31265299999995 172.0 3
  463.535217 136.0 2
  464.90509 140.0 2
  465.35601199999996 144.0 2
  465.608246 56.0 1
  465.644433 164.0 2
  465.85702499999996 148.0 2
  466.306488 112.0 2
  468.27273599999995 6.395077 0
  468.795624 184.0 3
  469.1456 76.0 1
  471.11105399999997 188.0 3
  471.679901 292.0 4
  472.20932 264.0 4
  474.208954 136.0 2
  474.71313499999997 104.0 2
  475.934052 136.0 2
  483.270294 120.0 2
  485.84432999999996 108.0 2
  486.33938 404.0 6
  499.146393 160.0 2
//
