ACCESSION: CCMSLIB00000004420
RECORD_TITLE: decoy
DATE: 2015.11.20
AUTHORS: Administrator
LICENSE: CC BY-SA
CH$NAME: decoy
CH$COMPOUND_CLASS: Natural Product
CH$FORMULA: C17H27NO2
CH$EXACT_MASS: 277.204179104
CH$SMILES: N/A
CH$IUPAC: decoy
CH$LINK: N/A
AC$INSTRUMENT: decoy
AC$INSTRUMENT_TYPE: decoy
AC$MASS_SPECTROMETRY: MS_TYPE MS2
AC$MASS_SPECTROMETRY: ION_MODE POSITIVE
AC$MASS_SPECTROMETRY: COLLISION_ENERGY 10 V
MS$FOCUSED_ION: PRECURSOR_M/Z 278
MS$FOCUSED_ION: PRECURSOR_TYPE [M+H]+
PK$NUM_PEAK: 450
PK$PEAK: m/z int. rel.int.
  45.099598 132.0 6
  45.441833 140.0 6
  46.202202 180.0 8
  47.568516 80.0 3
  48.894001 128.0 6
  49.784111 144.0 6
  50.362213000000004 248.0 11
  50.598721000000005 156.0 7
  51.590168 124.0 5
  52.748093000000004 124.0 5
  53.128155 160.0 7
  53.405853 92.0 4
  53.685337000000004 160.0 7
  54.278725 184.0 8
  54.640930000000004 148.0 6
  55.055107 96.0 4
  55.100773000000004 208.0 9
  55.401737000000004 108.0 5
  55.489838 152.0 7
  55.528381 96.0 4
  55.754433 120.0 5
  56.487633 172.0 8
  56.502464 44.0 2
  58.418861 180.0 8
  58.784191 144.0 6
  58.843495000000004 208.0 9
  59.618656 112.0 5
  59.642448 152.0 7
  59.940601 160.0 7
  60.646103000000004 48.0 2
  60.812775 288.0 13
  61.76413 184.0 8
  62.285343000000005 260.0 11
  62.289177 240.0 10
  63.108200000000004 172.0 8
  63.27914 136.0 6
  63.419853 176.0 8
  64.271744 252.0 11
  64.593681 100.0 4
  66.105904 188.0 8
  66.202095 148.0 6
  66.931473 172.0 8
  67.176186 196.0 9
  67.449005 164.0 7
  67.592918 192.0 8
  68.18042799999999 128.0 6
  68.210258 188.0 8
  69.02349099999999 232.0 10
  69.46965 416.0 18
  70.22299199999999 200.0 9
  70.900436 180.0 8
  71.09668699999999 172.0 8
  71.67572799999999 92.0 4
  72.30392499999999 252.0 11
  72.738884 208.0 9
  73.402267 176.0 8
  73.940849 160.0 7
  74.850731 160.0 7
  75.90813399999999 176.0 8
  77.006958 164.0 7
  77.66169 152.0 7
  78.390198 212.0 9
  78.489998 164.0 7
  79.15246599999999 208.0 9
  79.256355 240.0 10
  79.69401599999999 180.0 8
  80.23992899999999 76.0 3
  80.273056 236.0 10
  83.09935 224.0 10
  83.118889 196.0 9
  83.43086199999999 200.0 9
  83.506569 208.0 9
  83.601379 128.0 6
  84.915199 228.0 10
  85.111115 156.0 7
  85.45043199999999 108.0 5
  86.71211199999999 212.0 9
  87.31732199999999 132.0 6
  87.533524 132.0 6
  88.01875299999999 180.0 8
  90.77870899999999 120.0 5
  91.066841 168.0 7
  91.22161899999999 44.0 2
  91.54446399999999 180.0 8
  93.083023 196.0 9
  93.446793 212.0 9
  94.327354 200.0 9
  95.343323 224.0 10
  95.68527999999999 80.0 3
  95.92637599999999 52.0 2
  96.12256599999999 60.0 3
  96.38512399999999 132.0 6
  96.773827 116.0 5
  96.959465 184.0 8
  97.768311 140.0 6
  98.65978199999999 36.0 2
  99.214767 304.0 13
  99.354889 140.0 6
  101.017265 148.0 6
  101.296555 172.0 8
  101.349869 168.0 7
  101.447311 188.0 8
  102.44286299999999 156.0 7
  102.82919299999999 184.0 8
  103.49305 124.0 5
  104.05635099999999 160.0 7
  104.314499 136.0 6
  105.04124499999999 156.0 7
  105.10503399999999 128.0 6
  105.212982 72.0 3
  105.529129 172.0 8
  105.88475799999999 156.0 7
  106.02821399999999 208.0 9
  106.033363 176.0 8
  106.062393 34.667591 2
  107.008507 6.504167 0
  107.11269399999999 1.205 0
  107.231911 284.0 12
  107.66394 184.0 8
  107.779327 200.0 9
  108.624191 164.0 7
  109.03366899999999 276.0 12
  109.20878599999999 112.0 5
  109.261009 132.0 6
  110.068489 256.0 11
  110.50649999999999 172.0 8
  111.410339 136.0 6
  112.389725 160.0 7
  112.80000299999999 60.0 3
  113.221931 92.0 4
  113.57659899999999 100.0 4
  113.782883 196.0 9
  114.021996 156.0 7
  114.294197 216.0 9
  115.498589 80.0 3
  116.170029 144.0 6
  116.24838299999999 108.0 5
  116.84054599999999 276.0 12
  117.12011 192.0 8
  117.20206499999999 228.0 10
  117.819374 208.0 9
  118.082382 180.0 8
  118.23718299999999 224.0 10
  119.314865 144.0 6
  119.530037 164.0 7
  119.672157 100.0 4
  119.86174799999999 232.0 10
  119.938828 216.0 9
  120.08187099999999 124.0 5
  120.206223 34.330791 1
  120.897346 48.0 2
  121.037331 188.0 8
  121.228172 124.0 5
  121.64104499999999 180.0 8
  122.06044 176.0 8
  122.762093 68.0 3
  122.927048 172.0 8
  123.802155 168.0 7
  124.323021 236.0 10
  125.25181599999999 112.0 5
  125.695404 136.0 6
  126.84770999999999 116.0 5
  127.10739099999999 176.0 8
  127.842812 216.0 9
  128.011749 5.684343 0
  128.047119 176.0 8
  128.27650500000001 92.0 4
  128.300827 96.0 4
  128.595749 164.0 7
  128.68945300000001 204.0 9
  129.057251 168.0 7
  129.365372 116.0 5
  129.568039 336.0 15
  129.966827 184.0 8
  130.23545800000002 132.0 6
  130.26379400000002 156.0 7
  130.43910200000002 188.0 8
  130.59826700000002 52.0 2
  130.90863000000002 248.0 11
  131.693466 176.0 8
  131.996643 104.0 5
  132.12591600000002 188.0 8
  132.16485600000001 160.0 7
  132.2509 272.0 12
  132.409714 160.0 7
  133.397522 184.0 8
  133.70520000000002 140.0 6
  133.741165 120.0 5
  133.890442 52.0 2
  134.046082 1396.0 61
  135.079926 828.0 36
  135.39871200000002 196.0 9
  135.95953400000002 116.0 5
  136.030029 184.0 8
  136.095383 120.0 5
  136.40387 144.0 6
  136.47988900000001 104.0 5
  137.50032000000002 208.0 9
  137.846588 196.0 9
  138.487793 148.0 6
  138.72129800000002 136.0 6
  139.228012 188.0 8
  139.7854 136.0 6
  140.997147 88.0 4
  141.179245 64.0 3
  141.913284 144.0 6
  142.334396 148.0 6
  142.96871900000002 58.199291 3
  142.975098 124.0 5
  143.03978 24.0 1
  143.06478900000002 112.0 5
  143.069748 288.0 13
  143.683456 96.0 4
  143.945953 184.0 8
  144.143494 112.0 5
  144.30538900000002 116.0 5
  144.636292 92.0 4
  144.985992 160.0 7
  145.029648 204.0 9
  145.03633100000002 160.0 7
  145.190628 27.459829 1
  145.393845 200.0 9
  145.60922200000002 64.0 3
  146.059967 960.0 42
  146.868439 80.0 3
  146.96254000000002 236.0 10
  147.08097800000002 9104.0 397
  147.169861 76.0 3
  147.37738000000002 92.0 4
  149.04556300000002 2640.0 115
  149.13266000000002 284.0 12
  149.211029 164.0 7
  149.445526 180.0 8
  150.089722 36.0 2
  150.31762700000002 72.0 3
  150.477707 152.0 7
  150.585556 128.0 6
  150.622345 32.0 1
  150.689941 36.0 2
  151.22335800000002 168.0 7
  151.92601000000002 44.0 2
  152.11956800000002 112.0 5
  152.773331 120.0 5
  153.61389200000002 136.0 6
  155.150009 116.0 5
  155.36393700000002 172.0 8
  155.59350600000002 80.0 3
  156.038193 22900.0 999
  156.899323 100.0 4
  156.92778 144.0 6
  156.946716 152.0 7
  157.08140600000002 332.0 14
  157.57028200000002 184.0 8
  158.07251000000002 964.0 42
  158.639511 60.0 3
  158.97699 44.0 2
  159.02520800000002 312.0 14
  159.734879 176.0 8
  160.72261 208.0 9
  160.84672500000002 172.0 8
  161.231506 60.0 3
  161.517502 184.0 8
  161.892563 144.0 6
  161.994888 188.0 8
  162.605682 136.0 6
  163.359467 216.0 9
  163.50882000000001 56.0 2
  163.697845 112.0 5
  164.613785 252.0 11
  165.332825 224.0 10
  166.314636 192.0 8
  166.593964 790.0 34
  167.035721 176.0 8
  167.247025 372.0 16
  168.00576800000002 184.0 8
  169.101334 1392.0 61
  169.522888 140.0 6
  169.842377 184.0 8
  169.90448 112.0 5
  169.974701 248.0 11
  170.32504300000002 216.0 9
  170.746811 136.0 6
  171.10870400000002 184.0 8
  171.33606 40.0 2
  171.82695 176.0 8
  172.307648 52.0 2
  172.458237 224.0 10
  173.074387 484.0 21
  173.409149 76.0 3
  173.72482300000001 120.0 5
  174.484146 176.0 8
  174.892853 136.0 6
  174.93420400000002 76.0 3
  176.0298 152.0 7
  176.551987 64.0 3
  177.132248 132.0 6
  177.326828 72.0 3
  177.37941 292.0 13
  178.024979 188.0 8
  178.062927 316.0 14
  178.14357 96.0 4
  178.52757300000002 168.0 7
  178.63252300000002 5.001667 0
  179.102158 6472.0 282
  179.10676600000002 240.0 10
  179.33663900000002 124.0 5
  179.748489 304.0 13
  180.57402000000002 88.0 4
  180.710037 192.0 8
  181.041718 252.0 11
  181.058044 260.0 11
  181.164627 132.0 6
  181.416 40.0 2
  181.624481 156.0 7
  183.09166000000002 156.0 7
  183.30307000000002 160.0 7
  183.55542 140.0 6
  184.181091 100.0 4
  184.20018000000002 380.0 17
  185.296051 152.0 7
  185.403671 128.0 6
  187.0755 576.0 25
  188.150269 120.0 5
  188.16713000000001 80.0 3
  188.61694300000002 300.0 13
  189.306107 124.0 5
  189.346786 104.0 5
  189.347443 112.0 5
  189.616241 180.0 8
  189.729431 140.0 6
  189.84350600000002 164.0 7
  190.404526 364.0 16
  190.714111 52.0 2
  191.22879 60.0 3
  191.258804 68.0 3
  191.318207 116.0 5
  191.343353 176.0 8
  191.78396600000002 120.0 5
  192.52825900000002 176.0 8
  192.95352200000002 18.39245 1
  192.994751 21.97917 1
  193.72279400000002 204.0 9
  194.332123 124.0 5
  195.33277900000002 40.0 2
  195.34066800000002 204.0 9
  195.537552 140.0 6
  195.89587400000002 132.0 6
  196.085449 196.0 9
  196.29968300000002 176.0 8
  196.318085 96.0 4
  197.754501 212.0 9
  198.270905 120.0 5
  199.00302100000002 140.0 6
  199.19574 148.0 6
  199.38591 148.0 6
  200.115646 312.0 14
  200.514343 192.0 8
  202.00624100000002 192.0 8
  202.620697 84.0 4
  203.351517 172.0 8
  203.418808 156.0 7
  204.21026600000002 152.0 7
  205.079025 220.0 10
  205.229645 132.0 6
  205.45198100000002 60.0 3
  205.615067 48.0 2
  205.66029400000002 132.0 6
  206.20927400000002 92.0 4
  206.924835 76.0 3
  207.348434 56.0 2
  207.53537 116.0 5
  208.124878 180.0 8
  208.632034 212.0 9
  210.86779800000002 196.0 9
  212.59750400000001 168.0 7
  212.78273000000002 216.0 9
  214.390823 200.0 9
  214.39956700000002 152.0 7
  214.49928300000002 340.0 15
  216.740341 116.0 5
  217.006119 48.0 2
  218.478287 180.0 8
  218.584732 100.0 4
  219.343262 84.0 4
  221.127945 155.022293 7
  221.264542 264.0 12
  221.341294 156.0 7
  222.016617 4.408333 0
  222.200577 148.0 6
  222.576675 136.0 6
  224.84333800000002 136.0 6
  225.965317 136.0 6
  226.449951 60.0 3
  226.60423300000002 168.0 7
  226.80349700000002 124.0 5
  227.539398 72.0 3
  230.15974400000002 152.0 7
  230.753983 140.0 6
  231.40536500000002 112.0 5
  231.91282700000002 4.531863 0
  231.956024 124.0 5
  232.187073 40.0 2
  232.293091 152.0 7
  233.541672 44.0 2
  234.250809 92.0 4
  235.10969500000002 10224.0 446
  235.781342 56.0 2
  236.215179 144.0 6
  236.248657 148.0 6
  236.341522 172.0 8
  237.017334 48.0 2
  237.416382 232.0 10
  238.41008000000002 112.0 5
  239.00096100000002 104.0 5
  240.298706 268.0 12
  241.802536 180.0 8
  241.866699 112.0 5
  242.868942 96.0 4
  243.28710900000002 132.0 6
  243.93647800000002 264.0 12
  244.816177 104.0 5
  245.315445 32.0 1
  245.428528 3.686404 0
  246.13758900000002 148.0 6
  246.18862900000002 72.0 3
  247.39892600000002 72.0 3
  248.35453800000002 96.0 4
  250.052994 476.0 21
  252.01680000000002 44.0 2
  253.00383000000002 144.0 6
  254.18425000000002 120.0 5
  255.030914 216.0 9
  255.18188500000002 164.0 7
  256.035339 6500.0 284
  256.58993499999997 180.0 8
  259.1203 464.0 20
  260.532379 80.0 3
  261.284332 112.0 5
  263.21734599999996 2.333333 0
  268.00820899999997 220.0 10
  268.03671299999996 164.0 7
  268.352844 156.0 7
  268.475098 144.0 6
  269.022705 208.0 9
  270.07885699999997 148.0 6
  271.759277 188.0 8
  272.452209 168.0 7
  276.47467 60.0 3
  277.310974 296.0 13
  278.212 1.0 0
//
