ACCESSION: CCMSLIB00000078281
RECORD_TITLE: decoy
DATE: 2015.11.20
AUTHORS: Administrator
LICENSE: CC BY-SA
CH$NAME: decoy
CH$COMPOUND_CLASS: Natural Product
CH$FORMULA: C25H28N6O7S3
CH$EXACT_MASS: 620.118160236
CH$SMILES: N/A
CH$IUPAC: decoy
CH$LINK: N/A
AC$INSTRUMENT: decoy
AC$INSTRUMENT_TYPE: decoy
AC$MASS_SPECTROMETRY: MS_TYPE MS2
AC$MASS_SPECTROMETRY: ION_MODE POSITIVE
AC$MASS_SPECTROMETRY: COLLISION_ENERGY 10 V
MS$FOCUSED_ION: PRECURSOR_M/Z 621
MS$FOCUSED_ION: PRECURSOR_TYPE [M+H]+
PK$NUM_PEAK: 278
PK$PEAK: m/z int. rel.int.
  45.610001000000004 148.0 5
  46.752041 228.0 8
  48.772644 156.0 6
  49.570045 164.0 6
  50.903488 132.0 5
  52.051365000000004 56.0 2
  52.328163 96.0 4
  52.982384 212.0 8
  53.180653 104.0 4
  53.600548 128.0 5
  54.680477 208.0 8
  56.889297 152.0 6
  56.948254 184.0 7
  60.123833000000005 68.0 3
  60.364933 144.0 5
  61.302189 172.0 6
  62.035042000000004 148.0 5
  62.077339 144.0 5
  62.263256 132.0 5
  64.39495099999999 124.0 5
  65.52523 308.0 11
  66.513741 216.0 8
  67.08011599999999 40.0 1
  67.080429 288.0 11
  70.711372 164.0 6
  70.805443 68.0 3
  72.595261 196.0 7
  73.14634699999999 48.0 2
  74.01256599999999 164.0 6
  74.48966999999999 76.0 3
  74.55856299999999 148.0 5
  75.01565599999999 144.0 5
  75.415916 56.0 2
  75.691002 148.0 5
  81.38433099999999 160.0 6
  83.04843899999999 244.0 9
  85.84391 164.0 6
  86.83509099999999 84.0 3
  86.90225199999999 140.0 5
  87.03128099999999 216.0 8
  87.555115 160.0 6
  88.85058599999999 212.0 8
  91.055008 26924.0 999
  91.54646299999999 52.0 2
  92.683578 132.0 5
  92.91349 140.0 5
  93.597023 216.0 8
  94.03808599999999 392.0 15
  95.19094799999999 124.0 5
  95.233223 176.0 7
  95.266312 72.0 3
  95.702034 188.0 7
  95.738838 176.0 7
  96.225388 152.0 6
  97.983345 40.0 1
  98.064568 204.0 8
  98.282562 164.0 6
  98.57045 308.0 11
  99.02178199999999 64.0 2
  99.697762 80.0 3
  99.799309 108.0 4
  99.934654 176.0 7
  100.341408 152.0 6
  101.486206 96.0 4
  101.867317 144.0 5
  101.996597 168.0 6
  102.577202 132.0 5
  102.780807 208.0 8
  104.712898 144.0 5
  105.28828399999999 276.0 10
  105.31562799999999 172.0 6
  105.43118299999999 144.0 5
  105.453384 156.0 6
  106.07843 92.0 3
  107.066414 64.0 2
  107.147697 184.0 7
  107.38825999999999 28.0 1
  108.045509 364.0 14
  108.416191 260.0 10
  108.62675499999999 196.0 7
  108.646881 220.0 8
  108.90999599999999 176.0 7
  112.579369 40.0 1
  112.85752099999999 176.0 7
  113.132858 112.0 4
  114.034904 184.0 7
  114.677956 76.0 3
  114.685631 160.0 6
  115.053772 212.0 8
  115.088539 184.0 7
  115.618393 124.0 5
  116.96419499999999 248.0 9
  117.06604 172.0 6
  117.092857 280.0 10
  117.44889099999999 192.0 7
  117.95155299999999 168.0 6
  118.04087799999999 3772.0 140
  119.398247 208.0 8
  119.524315 124.0 5
  119.710022 36.0 1
  119.84472699999999 108.0 4
  120.243546 124.0 5
  121.04766799999999 180.0 7
  122.651924 204.0 8
  122.68550099999999 124.0 5
  122.90310699999999 188.0 7
  124.61966699999999 200.0 7
  125.01521299999999 3768.0 140
  125.490608 264.0 10
  127.397179 72.0 3
  127.856911 212.0 8
  128.647583 160.0 6
  129.050461 176.0 7
  129.402924 212.0 8
  129.49722300000002 164.0 6
  130.313309 100.0 4
  131.00555400000002 908.0 34
  131.700806 136.0 5
  132.25267 144.0 5
  132.415085 156.0 6
  133.11496 228.0 8
  134.31689500000002 124.0 5
  135.743546 256.0 9
  136.35861200000002 144.0 5
  137.801346 220.0 8
  138.14395100000002 88.0 3
  138.326569 148.0 5
  140.742477 128.0 5
  142.396149 320.0 12
  145.991074 120.0 4
  146.637054 84.0 3
  146.81668100000002 112.0 4
  147.41651900000002 116.0 4
  149.12939500000002 176.0 7
  149.669067 88.0 3
  150.766876 192.0 7
  151.344635 180.0 7
  151.634399 48.0 2
  152.07032800000002 724.0 27
  152.17337 120.0 4
  153.697449 52.0 2
  154.038254 112.0 4
  155.40193200000002 116.0 4
  155.598434 64.0 2
  155.962357 180.0 7
  156.66609200000002 228.0 8
  156.701157 176.0 7
  156.843964 140.0 5
  156.965744 132.0 5
  157.275848 132.0 5
  158.228867 196.0 7
  158.384064 120.0 4
  158.855362 188.0 7
  159.100754 252.0 9
  159.742691 124.0 5
  160.96978800000002 212.0 8
  163.000809 148.0 5
  163.18364 148.0 5
  164.49928300000002 100.0 4
  164.79650900000001 148.0 5
  165.59672500000002 240.0 9
  165.9207 152.0 6
  166.11694300000002 452.0 17
  166.766098 236.0 9
  167.07186900000002 1396.0 52
  167.491653 160.0 6
  169.07295200000002 208.0 8
  171.944763 84.0 3
  172.095963 128.0 5
  174.137619 156.0 6
  174.33689900000002 96.0 4
  175.194534 76.0 3
  177.686844 100.0 4
  179.076416 216.0 8
  179.136017 172.0 6
  180.357086 104.0 4
  181.419937 172.0 6
  182.834244 84.0 3
  184.084549 1132.0 42
  184.380402 80.0 3
  184.823822 144.0 5
  185.648911 168.0 6
  187.441391 220.0 8
  190.02766400000002 128.0 5
  191.052307 172.0 6
  191.379059 52.0 2
  193.730896 148.0 5
  194.19082600000002 56.0 2
  196.15269500000002 204.0 8
  197.91227700000002 144.0 5
  198.06582600000002 128.0 5
  198.8992 40.0 1
  200.25946000000002 164.0 6
  200.273804 52.0 2
  202.592499 152.0 6
  202.81546 312.0 12
  202.985962 144.0 5
  205.254333 220.0 8
  205.850861 96.0 4
  209.23587 28.0 1
  209.27719100000002 168.0 6
  209.36552400000002 108.0 4
  209.445084 132.0 5
  209.96978800000002 176.0 7
  211.389282 148.0 5
  214.25657700000002 152.0 6
  216.299789 120.0 4
  217.049927 15168.0 563
  217.88110400000002 128.0 5
  218.845886 148.0 5
  219.159195 48.0 2
  219.674225 136.0 5
  220.81163 104.0 4
  221.792953 168.0 6
  222.09080500000002 332.0 12
  223.95425400000002 104.0 4
  224.631943 188.0 7
  224.643539 36.0 1
  225.080383 264.0 10
  227.216431 148.0 5
  230.386383 76.0 3
  231.066269 148.0 5
  231.97044400000001 104.0 4
  234.573654 188.0 7
  236.244553 64.0 2
  236.669952 96.0 4
  237.093369 568.0 21
  237.285797 260.0 10
  239.38621500000002 52.0 2
  240.73085 132.0 5
  241.31625400000001 176.0 7
  241.44545000000002 60.0 2
  241.60685700000002 64.0 2
  242.157501 244.0 9
  242.19068900000002 152.0 6
  242.764023 88.0 3
  249.729523 172.0 6
  250.37146 96.0 4
  252.76225300000002 176.0 7
  253.22911100000002 156.0 6
  256.38858 112.0 4
  257.988098 88.0 3
  260.116364 56.0 2
  264.21875 160.0 6
  264.89324999999997 196.0 7
  270.746246 208.0 8
  275.05719 280.0 10
  278.07354699999996 17316.779297 643
  279.862457 116.0 4
  280.9328 76.0 3
  283.552551 72.0 3
  290.185028 152.0 6
  294.26412999999997 140.0 5
  306.004761 88.0 3
  311.075653 144.0 5
  317.07003799999995 6484.0 241
  318.24841299999997 452.0 17
  319.70541399999996 116.0 4
  321.332367 96.0 4
  329.16909799999996 144.0 5
  333.22283899999996 96.0 4
  336.28756699999997 48.0 2
  340.15829499999995 64.0 2
  340.19915799999995 2952.0 110
  364.56298799999996 108.0 4
  376.042145 80.0 3
  377.276306 132.0 5
  380.145966 536.0 20
  389.08844 152.0 6
  455.21435499999995 476.0 18
  505.323853 6899.0 256
  510.90567 88.0 3
  527.0385130000001 200.0 7
  527.3446660000001 148.0 5
  554.365173 204.0 8
  566.220093 344.0 13
  604.671021 84.0 3
  621.124933 10716.0 398
//
