ACCESSION: CCMSLIB00000085568
RECORD_TITLE: decoy
DATE: 2015.11.20
AUTHORS: Administrator
LICENSE: CC BY-SA
CH$NAME: decoy
CH$COMPOUND_CLASS: Natural Product
CH$FORMULA: C21H27NO
CH$EXACT_MASS: 309.209264484
CH$SMILES: N/A
CH$IUPAC: decoy
CH$LINK: N/A
AC$INSTRUMENT: decoy
AC$INSTRUMENT_TYPE: decoy
AC$MASS_SPECTROMETRY: MS_TYPE MS2
AC$MASS_SPECTROMETRY: ION_MODE POSITIVE
AC$MASS_SPECTROMETRY: COLLISION_ENERGY 10 V
MS$FOCUSED_ION: PRECURSOR_M/Z 310
MS$FOCUSED_ION: PRECURSOR_TYPE [M+H]+
PK$NUM_PEAK: 3504
PK$PEAK: m/z int. rel.int.
  40.191659 224.0 1
  45.001961 188.0 1
  45.013199 168.0 1
  45.209488 136.0 1
  45.272907000000004 28.0 0
  45.366009 136.0 1
  45.384735 152.0 1
  45.398628 204.0 1
  45.414346 164.0 1
  45.466934 108.0 1
  45.490532 140.0 1
  45.548527 144.0 1
  45.562447 176.0 1
  45.686832 132.0 1
  45.720005 160.0 1
  45.804176 132.0 1
  45.928082 60.0 0
  45.953823 176.0 1
  46.034039 120.0 1
  46.202801 168.0 1
  46.263996 184.0 1
  46.309456000000004 164.0 1
  46.361015 172.0 1
  46.385136 184.0 1
  46.556202 172.0 1
  46.933266 152.0 1
  46.938389 148.0 1
  46.972713 148.0 1
  47.05098 172.0 1
  47.158012 116.0 1
  47.162991 188.0 1
  47.187241 112.0 1
  47.359093 180.0 1
  47.432728000000004 188.0 1
  47.498497 144.0 1
  47.572906 132.0 1
  47.601105000000004 56.0 0
  47.61882 220.0 1
  47.694595 116.0 1
  47.699337 140.0 1
  47.749203 236.0 1
  47.754013 156.0 1
  47.968056000000004 176.0 1
  47.988861 188.0 1
  48.236008 40.0 0
  48.35429 128.0 1
  48.358959 104.0 1
  48.456577 180.0 1
  48.495090000000005 168.0 1
  48.7108 128.0 1
  48.845306 176.0 1
  48.878288000000005 184.0 1
  48.882725 176.0 1
  48.889816 132.0 1
  48.92984 128.0 1
  49.07399 132.0 1
  49.251617 156.0 1
  49.335838 168.0 1
  49.37138 192.0 1
  49.44482 192.0 1
  49.508469 108.0 1
  49.583027 276.0 2
  49.75631 144.0 1
  49.867889 192.0 1
  49.998901000000004 192.0 1
  50.173092000000004 212.0 1
  50.200256 180.0 1
  50.233616000000005 120.0 1
  50.289371 176.0 1
  50.35392 128.0 1
  50.552025 204.0 1
  50.699444 156.0 1
  50.747074000000005 296.0 2
  50.748981 108.0 1
  50.809868 148.0 1
  50.815174 120.0 1
  50.874138 192.0 1
  50.946117 172.0 1
  50.992626 108.0 1
  51.097912 200.0 1
  51.175369 144.0 1
  51.273869000000005 260.0 2
  51.362606 104.0 1
  51.932873 188.0 1
  51.947678 64.0 0
  51.996861 172.0 1
  52.140491000000004 116.0 1
  52.147228 148.0 1
  52.262875 224.0 1
  52.294704 272.0 2
  52.355026 176.0 1
  52.362564 188.0 1
  52.463581000000005 168.0 1
  52.490997 140.0 1
  52.492462 112.0 1
  52.519161000000004 136.0 1
  52.57732 184.0 1
  52.620850000000004 304.0 2
  52.623772 168.0 1
  52.652275 132.0 1
  52.70573 148.0 1
  52.810226 152.0 1
  52.897369000000005 204.0 1
  52.982044 100.0 1
  52.991272 152.0 1
  53.197697 112.0 1
  53.299046000000004 172.0 1
  53.445248 164.0 1
  53.471954000000004 212.0 1
  53.515793 160.0 1
  53.554802 148.0 1
  53.565643 140.0 1
  53.659794 112.0 1
  53.738487 116.0 1
  53.747925 224.0 1
  53.774399 172.0 1
  53.835857000000004 228.0 1
  53.892807000000005 168.0 1
  53.928043 40.0 0
  53.989101 212.0 1
  54.103764 168.0 1
  54.124088 184.0 1
  54.188976000000004 208.0 1
  54.354115 216.0 1
  54.396111000000005 160.0 1
  54.41386 172.0 1
  54.434643 180.0 1
  54.462528 196.0 1
  54.511036000000004 176.0 1
  54.524769 220.0 1
  54.556553 112.0 1
  54.857254000000005 124.0 1
  54.876762 128.0 1
  54.923256 84.0 1
  54.94088 152.0 1
  54.963207000000004 128.0 1
  55.01627 216.0 1
  55.054367 244.0 1
  55.057625 32.0 0
  55.149338 156.0 1
  55.231354 88.0 1
  55.405148000000004 168.0 1
  55.544033 168.0 1
  55.548233 40.0 0
  55.605129 176.0 1
  55.677841 164.0 1
  55.68486 144.0 1
  55.695724 148.0 1
  55.88501 48.0 0
  55.917267 156.0 1
  56.080952 128.0 1
  56.127899 80.0 0
  56.1381 196.0 1
  56.149498 172.0 1
  56.237614 148.0 1
  56.428288 136.0 1
  56.523586 208.0 1
  56.533390000000004 148.0 1
  56.548946 168.0 1
  56.572826 188.0 1
  56.613823000000004 172.0 1
  56.623028000000005 112.0 1
  56.715759 132.0 1
  56.722198 124.0 1
  56.919289 184.0 1
  56.935551000000004 136.0 1
  56.975765 160.0 1
  57.157543000000004 128.0 1
  57.187916 160.0 1
  57.350891000000004 152.0 1
  57.438381 216.0 1
  57.63472 152.0 1
  57.763035 212.0 1
  57.812893 140.0 1
  57.813919 156.0 1
  58.00412 176.0 1
  58.044109 128.0 1
  58.23814 68.0 0
  58.318348 84.0 1
  58.517109000000005 376.0 2
  58.599541 228.0 1
  58.685455000000005 144.0 1
  58.731495 180.0 1
  58.761597 140.0 1
  58.775951 168.0 1
  58.797382 132.0 1
  58.825336 116.0 1
  59.088509 164.0 1
  59.134396 152.0 1
  59.24297 204.0 1
  59.319687 136.0 1
  59.379097 100.0 1
  59.493908000000005 104.0 1
  59.798126 152.0 1
  59.834438 100.0 1
  60.052444 300.0 2
  60.111629 160.0 1
  60.211521000000005 204.0 1
  60.298798000000005 132.0 1
  60.312462000000004 152.0 1
  60.4133 240.0 1
  60.574944 216.0 1
  60.623516 172.0 1
  60.661514000000004 156.0 1
  60.738811 184.0 1
  60.800537 152.0 1
  60.915085000000005 104.0 1
  60.932590000000005 220.0 1
  60.969887 152.0 1
  61.028614000000005 156.0 1
  61.045742000000004 188.0 1
  61.228104 160.0 1
  61.303555 196.0 1
  61.332642 156.0 1
  61.357697 124.0 1
  61.367516 184.0 1
  61.435299 200.0 1
  61.447212 148.0 1
  61.454163 200.0 1
  61.475555 144.0 1
  61.528198 268.0 2
  61.564644 148.0 1
  61.583027 176.0 1
  61.662594 296.0 2
  61.777504 156.0 1
  62.098354 172.0 1
  62.187229 232.0 1
  62.256187000000004 140.0 1
  62.363438 168.0 1
  62.458187 188.0 1
  62.572655000000005 172.0 1
  62.612705 140.0 1
  62.714539 224.0 1
  62.740990000000004 180.0 1
  62.760227 136.0 1
  62.794567 136.0 1
  62.829155 104.0 1
  62.852207 164.0 1
  62.856281 128.0 1
  62.886623 96.0 1
  62.932003 184.0 1
  62.961941 140.0 1
  63.04287 108.0 1
  63.067924000000005 148.0 1
  63.200222000000004 104.0 1
  63.336376 136.0 1
  63.382584 160.0 1
  63.394783000000004 84.0 1
  63.395172 176.0 1
  63.478001 164.0 1
  63.573647 196.0 1
  63.643974 112.0 1
  63.664642 200.0 1
  63.688004 156.0 1
  63.73695 192.0 1
  63.795906 232.0 1
  63.870354 164.0 1
  63.903332 220.0 1
  63.948456 180.0 1
  64.09535199999999 216.0 1
  64.172619 156.0 1
  64.46043399999999 232.0 1
  64.497086 160.0 1
  64.601692 140.0 1
  64.618942 164.0 1
  64.727272 0.0 0
  64.915466 132.0 1
  64.967484 204.0 1
  65.04156499999999 196.0 1
  65.16229999999999 152.0 1
  65.16517599999999 220.0 1
  65.173317 188.0 1
  65.204079 32.0 0
  65.489807 236.0 1
  65.52379599999999 144.0 1
  65.540527 76.0 0
  65.569778 124.0 1
  65.58564 128.0 1
  65.658363 188.0 1
  65.674545 140.0 1
  65.78965 164.0 1
  65.90454899999999 128.0 1
  65.912758 164.0 1
  66.20213299999999 196.0 1
  66.20835899999999 120.0 1
  66.30393199999999 144.0 1
  66.41116299999999 120.0 1
  66.44139899999999 144.0 1
  66.532944 124.0 1
  66.572937 360.0 2
  66.596527 180.0 1
  66.62585399999999 184.0 1
  66.739319 264.0 2
  66.740364 196.0 1
  66.826805 120.0 1
  66.875946 164.0 1
  66.945847 156.0 1
  66.989159 160.0 1
  67.047653 172.0 1
  67.10723899999999 140.0 1
  67.211349 132.0 1
  67.311478 68.0 0
  67.340019 252.0 2
  67.34741199999999 144.0 1
  67.378525 60.0 0
  67.40993499999999 168.0 1
  67.475426 200.0 1
  67.48037699999999 156.0 1
  67.595062 68.0 0
  67.61183199999999 224.0 1
  68.045616 72.0 0
  68.129837 160.0 1
  68.32648499999999 176.0 1
  68.424522 144.0 1
  68.47082499999999 136.0 1
  68.60228699999999 80.0 0
  68.803207 60.0 0
  68.882156 176.0 1
  69.02220899999999 212.0 1
  69.133186 188.0 1
  69.237381 148.0 1
  69.241463 184.0 1
  69.29673 176.0 1
  69.409317 152.0 1
  69.478027 160.0 1
  69.768456 212.0 1
  69.786453 168.0 1
  69.794006 180.0 1
  69.829926 168.0 1
  69.858063 168.0 1
  70.052956 148.0 1
  70.084808 152.0 1
  70.136055 156.0 1
  70.139702 188.0 1
  70.17996199999999 192.0 1
  70.29055 132.0 1
  70.446388 240.0 1
  70.542389 144.0 1
  70.681542 152.0 1
  70.831543 164.0 1
  70.971047 124.0 1
  71.003227 180.0 1
  71.051514 160.0 1
  71.079933 148.0 1
  71.12748699999999 180.0 1
  71.17793999999999 128.0 1
  71.197159 192.0 1
  71.22947699999999 216.0 1
  71.24016599999999 180.0 1
  71.43379999999999 180.0 1
  71.53250899999999 168.0 1
  71.70459699999999 116.0 1
  71.76605199999999 140.0 1
  72.01545 220.0 1
  72.078964 124.0 1
  72.23028599999999 212.0 1
  72.325676 76.0 0
  72.340469 212.0 1
  72.342064 48.0 0
  72.436668 160.0 1
  72.50913999999999 156.0 1
  72.51638799999999 172.0 1
  72.56438399999999 140.0 1
  72.759109 176.0 1
  72.777107 192.0 1
  72.81682599999999 116.0 1
  72.86947599999999 112.0 1
  72.997833 156.0 1
  73.06292699999999 160.0 1
  73.135078 248.0 1
  73.28568299999999 172.0 1
  73.31359099999999 124.0 1
  73.36366299999999 148.0 1
  73.415077 80.0 0
  73.41755699999999 176.0 1
  73.426186 136.0 1
  73.44588499999999 180.0 1
  73.49639099999999 260.0 2
  73.518509 164.0 1
  73.597275 128.0 1
  73.70315599999999 204.0 1
  73.74217999999999 196.0 1
  73.85086799999999 208.0 1
  73.897537 156.0 1
  74.011589 316.0 2
  74.10381299999999 196.0 1
  74.17270699999999 204.0 1
  74.217613 56.0 0
  74.237488 408.0 2
  74.34339899999999 204.0 1
  74.483322 124.0 1
  74.51257299999999 160.0 1
  74.560486 156.0 1
  74.645287 124.0 1
  74.697937 124.0 1
  74.71504999999999 192.0 1
  74.859749 176.0 1
  74.974052 136.0 1
  75.02061499999999 184.0 1
  75.044266 212.0 1
  75.089317 168.0 1
  75.21002999999999 184.0 1
  75.32708699999999 188.0 1
  75.415993 180.0 1
  75.43884299999999 384.0 2
  75.457634 152.0 1
  75.67008999999999 220.0 1
  75.759644 172.0 1
  75.828575 200.0 1
  75.952164 172.0 1
  76.053795 212.0 1
  76.15344999999999 48.0 0
  76.342293 188.0 1
  76.366219 176.0 1
  76.39782 128.0 1
  76.653595 140.0 1
  76.69161199999999 148.0 1
  76.753761 192.0 1
  76.87915 172.0 1
  76.885284 116.0 1
  76.924515 224.0 1
  77.04937 184.0 1
  77.057632 132.0 1
  77.12625899999999 184.0 1
  77.15540299999999 228.0 1
  77.18422699999999 184.0 1
  77.233803 200.0 1
  77.24827599999999 120.0 1
  77.249916 56.0 0
  77.508629 160.0 1
  77.53100599999999 168.0 1
  77.621033 112.0 1
  77.65536499999999 76.0 0
  77.884903 160.0 1
  78.02267499999999 220.0 1
  78.111031 204.0 1
  78.230629 156.0 1
  78.350456 68.0 0
  78.359314 152.0 1
  78.370781 156.0 1
  78.51615899999999 152.0 1
  78.59788499999999 144.0 1
  78.674194 128.0 1
  78.857841 188.0 1
  78.960625 164.0 1
  79.11985 176.0 1
  79.120255 156.0 1
  79.131897 136.0 1
  79.241585 88.0 1
  79.277954 188.0 1
  79.355774 188.0 1
  79.39598799999999 184.0 1
  79.581474 152.0 1
  79.582596 128.0 1
  79.728989 208.0 1
  79.745628 88.0 1
  79.798645 124.0 1
  79.85405 148.0 1
  79.908333 224.0 1
  79.94616699999999 120.0 1
  80.07320399999999 140.0 1
  80.20240799999999 176.0 1
  80.38911399999999 92.0 1
  80.438812 152.0 1
  80.54656999999999 152.0 1
  80.62866199999999 160.0 1
  80.703323 132.0 1
  80.81290399999999 76.0 0
  80.85108199999999 144.0 1
  80.85295099999999 184.0 1
  80.88325499999999 160.0 1
  81.015785 112.0 1
  81.024452 88.0 1
  81.050247 212.0 1
  81.11421999999999 164.0 1
  81.315918 144.0 1
  81.428299 228.0 1
  81.431702 196.0 1
  81.435265 124.0 1
  81.513168 172.0 1
  81.589821 156.0 1
  81.65291599999999 208.0 1
  81.67002099999999 148.0 1
  82.061691 56.0 0
  82.21837599999999 140.0 1
  82.263695 232.0 1
  82.415672 228.0 1
  82.41693099999999 124.0 1
  82.560257 144.0 1
  82.660294 204.0 1
  82.849976 224.0 1
  82.87389399999999 332.0 2
  83.207893 160.0 1
  83.316437 224.0 1
  83.36232799999999 204.0 1
  83.39733899999999 128.0 1
  83.540939 216.0 1
  83.61926299999999 84.0 1
  83.629128 136.0 1
  83.873131 200.0 1
  83.980705 108.0 1
  84.077782 184.0 1
  84.22212999999999 176.0 1
  84.397728 144.0 1
  84.399315 144.0 1
  84.494743 176.0 1
  84.63166 112.0 1
  84.642502 160.0 1
  84.71987899999999 176.0 1
  84.83975199999999 232.0 1
  84.95127099999999 48.0 0
  85.26379399999999 212.0 1
  85.302223 80.0 0
  85.31502499999999 176.0 1
  85.42495699999999 76.0 0
  85.511963 52.0 0
  85.516342 148.0 1
  85.62027699999999 192.0 1
  85.634766 208.0 1
  85.67976399999999 76.0 0
  85.749832 120.0 1
  85.9058 116.0 1
  85.943901 52.0 0
  85.952995 164.0 1
  85.958771 140.0 1
  85.97314499999999 124.0 1
  86.060333 216.0 1
  86.227295 220.0 1
  86.26411399999999 184.0 1
  86.39308199999999 220.0 1
  86.561455 116.0 1
  86.597656 180.0 1
  86.61634099999999 224.0 1
  86.626381 200.0 1
  86.70914499999999 148.0 1
  87.071953 168.0 1
  87.09303299999999 96.0 1
  87.140907 144.0 1
  87.148338 164.0 1
  87.151619 212.0 1
  87.27443699999999 164.0 1
  87.385284 32.0 0
  87.39609499999999 164.0 1
  87.529945 148.0 1
  87.737099 88.0 1
  87.778404 208.0 1
  87.794502 80.0 0
  88.000496 180.0 1
  88.014648 136.0 1
  88.02053799999999 156.0 1
  88.04937 144.0 1
  88.07165499999999 140.0 1
  88.08131399999999 136.0 1
  88.152283 112.0 1
  88.171982 56.0 0
  88.29968299999999 152.0 1
  88.340958 188.0 1
  88.364296 176.0 1
  88.469521 144.0 1
  88.51767699999999 164.0 1
  88.523338 156.0 1
  88.690674 164.0 1
  88.908974 144.0 1
  89.12005599999999 208.0 1
  89.265541 204.0 1
  89.28974199999999 144.0 1
  89.299408 180.0 1
  89.337364 168.0 1
  89.432243 252.0 2
  89.503265 164.0 1
  89.610069 152.0 1
  89.635094 212.0 1
  89.67514 88.0 1
  89.73072099999999 40.0 0
  89.831932 172.0 1
  89.832588 148.0 1
  89.851051 204.0 1
  89.85819199999999 192.0 1
  90.074799 136.0 1
  90.261803 128.0 1
  90.279556 204.0 1
  90.36080199999999 196.0 1
  90.370781 164.0 1
  90.414734 212.0 1
  90.454376 188.0 1
  90.468719 144.0 1
  90.51675399999999 144.0 1
  90.57659899999999 188.0 1
  90.60269199999999 176.0 1
  90.63407099999999 128.0 1
  90.669579 168.0 1
  90.70760299999999 160.0 1
  90.802605 160.0 1
  90.805168 164.0 1
  90.953316 192.0 1
  90.983177 236.0 1
  91.006851 168.0 1
  91.035049 168.0 1
  91.043015 148.0 1
  91.05085799999999 156.0 1
  91.141121 240.0 1
  91.184563 192.0 1
  91.232384 192.0 1
  91.291496 196.0 1
  91.357788 172.0 1
  91.40065 232.0 1
  91.54648599999999 72.0 0
  91.983757 124.0 1
  92.301262 68.0 0
  92.32225 164.0 1
  92.803619 184.0 1
  92.86492899999999 172.0 1
  92.891747 208.0 1
  92.91525299999999 112.0 1
  92.923363 216.0 1
  92.981163 80.0 0
  93.008354 148.0 1
  93.05731999999999 1140.0 7
  93.068832 124.0 1
  93.09047699999999 108.0 1
  93.36247999999999 128.0 1
  93.367508 192.0 1
  93.37894399999999 52.0 0
  93.41618299999999 140.0 1
  93.44921099999999 128.0 1
  93.45311699999999 160.0 1
  93.458733 196.0 1
  93.51844 136.0 1
  93.85013599999999 192.0 1
  93.869675 120.0 1
  93.929031 192.0 1
  94.02482599999999 116.0 1
  94.062607 180.0 1
  94.30092599999999 176.0 1
  94.376205 204.0 1
  94.45395699999999 188.0 1
  94.476593 104.0 1
  94.492897 168.0 1
  94.57086899999999 168.0 1
  94.712357 220.0 1
  94.729439 176.0 1
  94.790161 144.0 1
  94.810982 136.0 1
  95.04995 148.0 1
  95.062294 212.0 1
  95.077255 152.0 1
  95.102531 200.0 1
  95.12422199999999 72.0 0
  95.13688699999999 268.0 2
  95.168465 216.0 1
  95.172737 180.0 1
  95.196609 264.0 2
  95.26843299999999 196.0 1
  95.28016699999999 204.0 1
  95.298622 220.0 1
  95.398804 200.0 1
  95.493912 212.0 1
  95.528641 116.0 1
  95.559601 80.0 0
  95.564156 192.0 1
  95.64784999999999 140.0 1
  95.72260999999999 124.0 1
  95.742615 144.0 1
  95.81098899999999 152.0 1
  95.812477 192.0 1
  96.008797 164.0 1
  96.00978099999999 148.0 1
  96.0131 192.0 1
  96.01654099999999 100.0 1
  96.03888699999999 176.0 1
  96.128395 212.0 1
  96.138206 220.0 1
  96.164818 156.0 1
  96.16935699999999 148.0 1
  96.22167999999999 120.0 1
  96.22608199999999 168.0 1
  96.350128 164.0 1
  96.35990899999999 108.0 1
  96.480026 104.0 1
  96.51946299999999 200.0 1
  96.536942 164.0 1
  96.584564 92.0 1
  96.65744 176.0 1
  96.754936 108.0 1
  96.838326 56.0 0
  96.897758 124.0 1
  96.937614 168.0 1
  96.94137599999999 104.0 1
  96.969681 168.0 1
  96.97155799999999 176.0 1
  97.11599 176.0 1
  97.140152 132.0 1
  97.237175 164.0 1
  97.240082 180.0 1
  97.35417899999999 148.0 1
  97.365578 192.0 1
  97.43263999999999 156.0 1
  97.439163 80.0 0
  97.439194 164.0 1
  97.451225 116.0 1
  97.474052 144.0 1
  97.502625 164.0 1
  97.58352699999999 184.0 1
  97.658806 128.0 1
  97.71868099999999 180.0 1
  97.73326899999999 100.0 1
  97.76456499999999 144.0 1
  97.83094799999999 184.0 1
  97.91474199999999 192.0 1
  97.945267 148.0 1
  97.94792199999999 124.0 1
  98.113861 56.0 0
  98.152969 224.0 1
  98.155968 176.0 1
  98.162415 100.0 1
  98.16403199999999 188.0 1
  98.16439799999999 152.0 1
  98.2687 164.0 1
  98.28474399999999 188.0 1
  98.295425 168.0 1
  98.35870399999999 180.0 1
  98.375343 156.0 1
  98.393867 128.0 1
  98.435699 172.0 1
  98.473473 172.0 1
  98.48101 156.0 1
  98.64617899999999 360.0 2
  98.65798199999999 124.0 1
  98.680267 112.0 1
  98.82038899999999 72.0 0
  98.834167 128.0 1
  98.866844 60.0 0
  98.869316 172.0 1
  98.880653 164.0 1
  98.896233 176.0 1
  98.923615 140.0 1
  98.92848199999999 68.0 0
  98.931587 132.0 1
  98.938576 196.0 1
  98.955536 100.0 1
  98.99396499999999 164.0 1
  98.995537 116.0 1
  99.02005799999999 164.0 1
  99.10414899999999 148.0 1
  99.16594699999999 136.0 1
  99.17472099999999 40.0 0
  99.17849 56.0 0
  99.18158 204.0 1
  99.18674499999999 180.0 1
  99.20361299999999 184.0 1
  99.326881 96.0 1
  99.40460999999999 152.0 1
  99.40561699999999 132.0 1
  99.427635 156.0 1
  99.476807 124.0 1
  99.56038699999999 252.0 2
  99.583107 84.0 1
  99.770546 152.0 1
  99.818466 196.0 1
  99.857773 224.0 1
  99.89008299999999 148.0 1
  99.991936 176.0 1
  100.00016 184.0 1
  100.02830499999999 100.0 1
  100.048683 140.0 1
  100.07354699999999 124.0 1
  100.13118 136.0 1
  100.160851 128.0 1
  100.19227599999999 160.0 1
  100.193314 104.0 1
  100.219437 152.0 1
  100.249969 176.0 1
  100.30027799999999 144.0 1
  100.32373 92.0 1
  100.342422 168.0 1
  100.343239 17.597219 0
  100.39003799999999 104.0 1
  100.393394 184.0 1
  100.404297 80.0 0
  100.430717 164.0 1
  100.443253 112.0 1
  100.47773699999999 124.0 1
  100.501328 144.0 1
  100.53694899999999 160.0 1
  100.57790399999999 240.0 1
  100.582535 128.0 1
  100.621933 136.0 1
  100.66918899999999 76.0 0
  100.675179 36.0 0
  100.751877 52.0 0
  100.766678 264.0 2
  100.804565 80.0 0
  100.82101399999999 2.669643 0
  100.824677 132.0 1
  100.90361 212.0 1
  100.988495 132.0 1
  101.01939399999999 880.0 5
  101.03656 320.0 2
  101.04032099999999 240.0 1
  101.11767599999999 148.0 1
  101.13512399999999 156.0 1
  101.23140699999999 40.0 0
  101.244118 252.0 2
  101.31661199999999 244.0 1
  101.32547799999999 136.0 1
  101.422394 148.0 1
  101.428894 136.0 1
  101.45815999999999 176.0 1
  101.47745499999999 156.0 1
  101.55186499999999 80.0 0
  101.586868 168.0 1
  101.59887699999999 152.0 1
  101.632004 152.0 1
  101.68307499999999 128.0 1
  101.746628 100.0 1
  101.84110299999999 144.0 1
  102.08910399999999 160.0 1
  102.16366599999999 188.0 1
  102.351288 140.0 1
  102.390846 164.0 1
  102.40774499999999 148.0 1
  102.42230199999999 156.0 1
  102.42729899999999 104.0 1
  102.441711 76.0 0
  102.462502 236.0 1
  102.464745 188.0 1
  102.474876 132.0 1
  102.51488499999999 152.0 1
  102.54547099999999 188.0 1
  102.668869 148.0 1
  102.67216499999999 196.0 1
  102.704239 128.0 1
  102.810318 124.0 1
  102.81916799999999 184.0 1
  102.885025 112.0 1
  103.011398 140.0 1
  103.019661 76.0 0
  103.054901 14488.0 87
  103.05493899999999 236.0 1
  103.05702199999999 180.0 1
  103.17259999999999 188.0 1
  103.196777 148.0 1
  103.20133999999999 168.0 1
  103.25014499999999 64.0 0
  103.25106799999999 36.0 0
  103.30678599999999 180.0 1
  103.31998399999999 164.0 1
  103.32339499999999 200.0 1
  103.39314999999999 124.0 1
  103.40686 152.0 1
  103.49282799999999 192.0 1
  103.57955899999999 144.0 1
  103.58210799999999 280.0 2
  103.65638 176.0 1
  103.70822899999999 108.0 1
  103.765648 144.0 1
  103.796387 192.0 1
  103.79944599999999 184.0 1
  103.81172199999999 192.0 1
  103.84434499999999 172.0 1
  103.859467 128.0 1
  103.878654 160.0 1
  103.94603 140.0 1
  103.953209 136.0 1
  103.980789 148.0 1
  104.21560699999999 120.0 1
  104.30429799999999 108.0 1
  104.32412699999999 156.0 1
  104.33531199999999 224.0 1
  104.39137299999999 148.0 1
  104.396553 96.0 1
  104.421104 144.0 1
  104.50812499999999 236.0 1
  104.55601499999999 124.0 1
  104.59421499999999 172.0 1
  104.608452 168.0 1
  104.646896 148.0 1
  104.677177 160.0 1
  104.707588 196.0 1
  104.780327 236.0 1
  104.821396 212.0 1
  104.85582 140.0 1
  104.891685 192.0 1
  104.937485 160.0 1
  105.011461 88.0 1
  105.028244 196.0 1
  105.06397199999999 216.0 1
  105.067505 184.0 1
  105.069527 184.0 1
  105.070488 488.0 3
  105.293015 212.0 1
  105.353859 88.0 1
  105.37682299999999 352.0 2
  105.380814 60.0 0
  105.38646 144.0 1
  105.40361 168.0 1
  105.69766999999999 132.0 1
  105.753242 92.0 1
  105.771744 128.0 1
  105.77970099999999 92.0 1
  105.804222 92.0 1
  105.80934099999999 136.0 1
  105.814201 160.0 1
  105.900612 168.0 1
  105.931114 80.0 0
  105.96601899999999 200.0 1
  105.98211699999999 200.0 1
  106.06373599999999 216.0 1
  106.06496399999999 3504.0 21
  106.06678799999999 116.0 1
  106.10099799999999 188.0 1
  106.156807 124.0 1
  106.17617 80.0 0
  106.18190799999999 48.0 0
  106.21601899999999 80.0 0
  106.318817 176.0 1
  106.39070099999999 76.0 0
  106.42654399999999 76.0 0
  106.51235199999999 80.0 0
  106.53540799999999 196.0 1
  106.647301 228.0 1
  106.754662 216.0 1
  106.763649 156.0 1
  106.785271 172.0 1
  106.797806 164.0 1
  106.885483 104.0 1
  106.90003999999999 252.0 2
  106.90128299999999 308.0 2
  106.95273599999999 56.0 0
  107.027031 168.0 1
  107.11348699999999 64.0 0
  107.12587699999999 172.0 1
  107.18974299999999 11.59866 0
  107.20878599999999 144.0 1
  107.36548599999999 76.0 0
  107.380493 176.0 1
  107.43955199999999 124.0 1
  107.465256 148.0 1
  107.474823 232.0 1
  107.51280999999999 9.028935 0
  107.52946499999999 168.0 1
  107.59336099999999 168.0 1
  107.61550899999999 240.0 1
  107.621056 212.0 1
  107.637405 120.0 1
  107.695999 112.0 1
  107.730621 136.0 1
  107.779854 176.0 1
  107.78718599999999 128.0 1
  107.96539299999999 164.0 1
  107.986008 260.0 2
  108.07305099999999 176.0 1
  108.167587 108.0 1
  108.207748 156.0 1
  108.23149099999999 140.0 1
  108.256523 180.0 1
  108.26364099999999 72.0 0
  108.27767899999999 140.0 1
  108.607277 104.0 1
  108.66928899999999 156.0 1
  108.709007 216.0 1
  108.734566 100.0 1
  108.810921 140.0 1
  108.89208199999999 160.0 1
  108.905075 120.0 1
  108.916618 184.0 1
  108.976776 184.0 1
  108.978882 104.0 1
  109.017899 140.0 1
  109.064095 208.0 1
  109.08822599999999 176.0 1
  109.099274 544.0 3
  109.099594 628.0 4
  109.165382 204.0 1
  109.196075 52.0 0
  109.21717799999999 168.0 1
  109.35664399999999 52.0 0
  109.484077 96.0 1
  109.540016 136.0 1
  109.66545099999999 104.0 1
  109.703705 40.0 0
  109.712334 256.0 2
  109.71992499999999 152.0 1
  109.78712499999999 176.0 1
  109.85115099999999 120.0 1
  109.874229 52.0 0
  109.88636 108.0 1
  109.89495099999999 180.0 1
  109.940208 56.0 0
  110.01323699999999 36.0 0
  110.04826399999999 80.0 0
  110.06914499999999 120.0 1
  110.070084 52.0 0
  110.097702 252.0 2
  110.100197 224.0 1
  110.12487 56.0 0
  110.136299 108.0 1
  110.14145699999999 176.0 1
  110.232529 192.0 1
  110.259621 144.0 1
  110.343666 64.0 0
  110.346886 168.0 1
  110.36567699999999 44.0 0
  110.40549499999999 52.0 0
  110.452553 184.0 1
  110.54733999999999 60.0 0
  110.666039 216.0 1
  110.69492299999999 224.0 1
  110.764206 128.0 1
  110.820099 104.0 1
  110.838242 144.0 1
  110.85093699999999 132.0 1
  110.861847 160.0 1
  110.92922999999999 156.0 1
  110.975861 104.0 1
  111.040268 104.0 1
  111.055832 132.0 1
  111.07867399999999 224.0 1
  111.13613099999999 120.0 1
  111.13881699999999 7.009499 0
  111.148567 108.0 1
  111.293343 312.0 2
  111.301125 184.0 1
  111.34264399999999 136.0 1
  111.465492 184.0 1
  111.503227 96.0 1
  111.55721299999999 176.0 1
  111.600449 128.0 1
  111.611137 244.0 1
  111.726822 204.0 1
  111.75428799999999 72.0 0
  111.79585999999999 164.0 1
  111.83554099999999 124.0 1
  111.88862599999999 152.0 1
  111.889091 124.0 1
  111.969765 216.0 1
  111.9739 208.0 1
  112.00373099999999 148.0 1
  112.073624 240.0 1
  112.078339 140.0 1
  112.131958 116.0 1
  112.139793 184.0 1
  112.141876 52.0 0
  112.241005 108.0 1
  112.28156299999999 124.0 1
  112.31469 200.0 1
  112.31695599999999 156.0 1
  112.411423 156.0 1
  112.419327 108.0 1
  112.459206 124.0 1
  112.476311 76.0 0
  112.49865 160.0 1
  112.57029 180.0 1
  112.62145199999999 108.0 1
  112.683617 196.0 1
  112.704247 132.0 1
  112.92748999999999 132.0 1
  112.97110699999999 236.0 1
  113.01881399999999 180.0 1
  113.02349099999999 220.0 1
  113.06045499999999 196.0 1
  113.10649099999999 56.0 0
  113.347961 148.0 1
  113.44506799999999 192.0 1
  113.51256599999999 92.0 1
  113.53269999999999 184.0 1
  113.537971 152.0 1
  113.599335 152.0 1
  113.61052699999999 120.0 1
  113.689461 132.0 1
  113.75182299999999 176.0 1
  113.777458 52.0 0
  113.78875699999999 108.0 1
  113.87153599999999 128.0 1
  113.877968 220.0 1
  113.97499099999999 216.0 1
  113.97878999999999 228.0 1
  113.98853299999999 204.0 1
  114.033119 52.0 0
  114.068298 40.0 0
  114.083733 180.0 1
  114.09183499999999 2164.0 13
  114.131294 208.0 1
  114.21227999999999 196.0 1
  114.236122 152.0 1
  114.23962399999999 180.0 1
  114.273468 92.0 1
  114.327637 144.0 1
  114.36868299999999 100.0 1
  114.58824899999999 232.0 1
  114.610886 128.0 1
  114.614761 192.0 1
  114.686348 120.0 1
  114.758308 164.0 1
  114.776688 188.0 1
  114.813454 52.0 0
  114.819954 228.0 1
  114.87623599999999 144.0 1
  114.902046 152.0 1
  114.915115 120.0 1
  114.92015099999999 152.0 1
  115.05399299999999 592.0 4
  115.054306 212.0 1
  115.05519899999999 1136.0 7
  115.083107 372.0 2
  115.108459 228.0 1
  115.13297999999999 188.0 1
  115.271187 168.0 1
  115.324379 160.0 1
  115.343971 236.0 1
  115.351357 124.0 1
  115.375824 36.0 0
  115.38645199999999 144.0 1
  115.43972799999999 148.0 1
  115.501106 124.0 1
  115.68852199999999 40.0 0
  115.690361 112.0 1
  115.69184899999999 132.0 1
  115.743973 5.619709 0
  115.74973299999999 88.0 1
  115.801025 56.0 0
  115.86579099999999 152.0 1
  115.876335 164.0 1
  115.95800799999999 124.0 1
  116.054527 248.0 1
  116.168274 128.0 1
  116.222404 13.34368 0
  116.30796799999999 172.0 1
  116.366524 208.0 1
  116.386871 22.922501 0
  116.400818 52.0 0
  116.45693999999999 180.0 1
  116.571945 216.0 1
  116.573776 212.0 1
  116.607323 128.0 1
  116.61392199999999 184.0 1
  116.662582 72.0 0
  116.771721 120.0 1
  116.772255 176.0 1
  116.79251099999999 128.0 1
  116.837639 7.833965 0
  116.90308399999999 128.0 1
  116.91579399999999 188.0 1
  116.942307 44.0 0
  117.00544 140.0 1
  117.0289 164.0 1
  117.111069 152.0 1
  117.140923 152.0 1
  117.14536299999999 192.0 1
  117.168442 236.0 1
  117.182289 168.0 1
  117.203491 224.0 1
  117.228714 164.0 1
  117.426491 128.0 1
  117.434174 48.0 0
  117.46148699999999 104.0 1
  117.551521 152.0 1
  117.59957899999999 124.0 1
  117.61286199999999 144.0 1
  117.620628 256.0 2
  117.64317299999999 192.0 1
  117.648094 140.0 1
  117.71790299999999 204.0 1
  117.71949799999999 9.5 0
  117.787697 176.0 1
  117.797348 60.0 0
  117.872658 112.0 1
  117.966248 192.0 1
  118.055481 204.0 1
  118.264664 132.0 1
  118.287247 172.0 1
  118.53334799999999 144.0 1
  118.55161299999999 176.0 1
  118.68914799999999 140.0 1
  118.709183 3.727941 0
  118.75295999999999 228.0 1
  118.79126699999999 228.0 1
  118.809799 80.0 0
  118.84666399999999 168.0 1
  118.91461899999999 172.0 1
  118.928062 44.0 0
  118.947701 136.0 1
  118.97569299999999 128.0 1
  119.068367 192.0 1
  119.09484099999999 160.0 1
  119.130653 28.0 0
  119.22230499999999 52.0 0
  119.224403 220.0 1
  119.229866 244.0 1
  119.235672 128.0 1
  119.24249999999999 164.0 1
  119.257263 60.0 0
  119.296776 116.0 1
  119.29811099999999 152.0 1
  119.52072899999999 176.0 1
  119.55749499999999 136.0 1
  119.57508899999999 172.0 1
  119.62384 108.0 1
  119.629082 196.0 1
  119.708794 124.0 1
  119.73700699999999 192.0 1
  119.81520099999999 184.0 1
  119.831223 132.0 1
  119.88649 196.0 1
  119.89061699999999 132.0 1
  120.02494 160.0 1
  120.04860699999999 168.0 1
  120.08567 56.0 0
  120.123375 7.361111 0
  120.170113 40.0 0
  120.19944 112.0 1
  120.20799299999999 96.0 1
  120.227989 128.0 1
  120.25917799999999 140.0 1
  120.267876 316.0 2
  120.44574 140.0 1
  120.574478 140.0 1
  120.59389499999999 172.0 1
  120.64053299999999 112.0 1
  120.692894 45.139519 0
  120.72032899999999 128.0 1
  120.78886399999999 216.0 1
  120.8256 160.0 1
  120.997276 148.0 1
  121.00443299999999 176.0 1
  121.013634 256.0 2
  121.02301 156.0 1
  121.04238099999999 168.0 1
  121.08281699999999 1864.0 11
  121.100876 680.0 4
  121.11161 116.0 1
  121.147522 46.762218 0
  121.18009199999999 164.0 1
  121.20558899999999 132.0 1
  121.296005 72.0 0
  121.344437 156.0 1
  121.455551 188.0 1
  121.513916 252.0 2
  121.53370699999999 172.0 1
  121.642044 196.0 1
  121.656303 116.0 1
  121.67690999999999 124.0 1
  121.72109999999999 116.0 1
  121.72263299999999 144.0 1
  121.744576 120.0 1
  121.779106 84.0 1
  121.86348699999999 200.0 1
  121.92263 148.0 1
  121.96851299999999 168.0 1
  122.087418 732.0 4
  122.309563 192.0 1
  122.345306 120.0 1
  122.41332999999999 176.0 1
  122.583275 156.0 1
  122.594635 156.0 1
  122.60269199999999 40.0 0
  122.60646799999999 140.0 1
  122.82614099999999 100.0 1
  122.89388299999999 124.0 1
  122.907303 144.0 1
  123.067993 164.0 1
  123.111565 160.0 1
  123.18952999999999 72.0 0
  123.26774599999999 140.0 1
  123.33264199999999 200.0 1
  123.479828 32.0 0
  123.55504599999999 148.0 1
  123.556839 196.0 1
  123.615341 92.0 1
  123.647346 148.0 1
  123.75515 144.0 1
  123.766617 188.0 1
  123.827271 60.0 0
  123.838318 60.0 0
  123.89604899999999 156.0 1
  123.91507 192.0 1
  123.94648699999999 52.0 0
  123.995049 156.0 1
  124.16094199999999 128.0 1
  124.20037099999999 148.0 1
  124.26503799999999 236.0 1
  124.312401 180.0 1
  124.360985 180.0 1
  124.40297699999999 128.0 1
  124.481186 288.0 2
  124.53830699999999 120.0 1
  124.55454999999999 52.0 0
  124.566963 156.0 1
  124.567909 232.0 1
  124.573174 372.0 2
  124.60076099999999 176.0 1
  124.724266 112.0 1
  124.751617 132.0 1
  125.026398 220.0 1
  125.07624799999999 232.0 1
  125.080894 144.0 1
  125.29712699999999 144.0 1
  125.447182 172.0 1
  125.45815999999999 116.0 1
  125.48384899999999 164.0 1
  125.512024 104.0 1
  125.52605399999999 140.0 1
  125.68718 108.0 1
  125.80660999999999 172.0 1
  125.83724199999999 184.0 1
  125.843452 196.0 1
  125.87448099999999 212.0 1
  125.89701799999999 96.0 1
  125.980347 200.0 1
  125.98964699999999 188.0 1
  125.98986099999999 200.0 1
  126.046562 3276.0 20
  126.046928 260.0 2
  126.049973 192.0 1
  126.05890699999999 188.0 1
  126.537819 216.0 1
  126.54318199999999 132.0 1
  126.551003 144.0 1
  126.65126799999999 212.0 1
  126.764877 316.0 2
  126.973625 160.0 1
  127.00457 176.0 1
  127.05354299999999 603.338318 4
  127.053917 56.0 0
  127.090401 224.0 1
  127.135826 140.0 1
  127.16242199999999 204.0 1
  127.169197 84.0 1
  127.177116 120.0 1
  127.186028 132.0 1
  127.188683 208.0 1
  127.19722 152.0 1
  127.257065 188.0 1
  127.274368 224.0 1
  127.406555 4.001087 0
  127.45826 26.214279 0
  127.46644599999999 200.0 1
  127.513054 176.0 1
  127.53478199999999 84.0 1
  127.72493 128.0 1
  127.82695 188.0 1
  127.89949 120.0 1
  127.92643699999999 120.0 1
  127.92703999999999 172.0 1
  128.007523 456.0 3
  128.01619 184.0 1
  128.0504 1352.0 8
  128.090698 100.0 1
  128.150574 204.0 1
  128.229752 364.0 2
  128.273621 36.0 0
  128.328949 228.0 1
  128.348747 188.0 1
  128.394913 308.0 2
  128.470505 84.0 1
  128.481995 184.0 1
  128.48317 56.0 0
  128.590882 104.0 1
  128.591339 172.0 1
  128.69281 128.0 1
  128.713074 136.0 1
  128.744705 156.0 1
  128.781998 128.0 1
  128.821396 212.0 1
  129.013336 296.0 2
  129.06942700000002 56.0 0
  129.072113 180.0 1
  129.174362 204.0 1
  129.191086 116.0 1
  129.290207 180.0 1
  129.321335 68.0 0
  129.325623 276.0 2
  129.54521200000002 168.0 1
  129.630753 120.0 1
  129.658554 152.0 1
  129.721863 144.0 1
  129.72477700000002 136.0 1
  129.728607 48.0 0
  129.75061 84.0 1
  129.820572 208.0 1
  129.909836 176.0 1
  129.916977 132.0 1
  129.926468 52.0 0
  129.94918800000002 168.0 1
  130.000504 168.0 1
  130.00621 184.0 1
  130.006851 188.0 1
  130.008667 196.0 1
  130.01606800000002 68.0 0
  130.06448400000002 172.0 1
  130.065506 1820.595947 11
  130.066605 540.0 3
  130.07359300000002 652.0 4
  130.13266000000002 176.0 1
  130.195489 156.0 1
  130.244339 140.0 1
  130.27603100000002 15.07639 0
  130.289948 164.0 1
  130.38102700000002 204.0 1
  130.42541500000002 40.0 0
  130.454834 52.0 0
  130.471146 228.0 1
  130.53770400000002 132.0 1
  130.57229600000002 76.0 0
  130.607742 68.0 0
  130.615692 88.0 1
  130.668396 180.0 1
  130.72996500000002 160.0 1
  130.73490900000002 144.0 1
  130.759735 120.0 1
  130.773987 148.0 1
  130.86142 132.0 1
  130.86377000000002 164.0 1
  130.87698400000002 84.0 1
  130.928101 196.0 1
  131.003937 168.0 1
  131.00555400000002 908.0 5
  131.046875 104.0 1
  131.048965 216.0 1
  131.052094 288.0 2
  131.071426 9168.0 55
  131.084045 264.0 2
  131.08663900000002 156.0 1
  131.147217 140.0 1
  131.20163 116.0 1
  131.229309 128.0 1
  131.29452500000002 160.0 1
  131.330215 120.0 1
  131.33393900000002 176.0 1
  131.34655800000002 172.0 1
  131.380875 124.0 1
  131.445999 136.0 1
  131.461227 128.0 1
  131.72503700000001 84.0 1
  131.744156 196.0 1
  131.758408 148.0 1
  131.795273 220.0 1
  131.96481300000002 156.0 1
  131.992554 308.0 2
  132.054092 544.0 3
  132.072632 148.0 1
  132.07818600000002 144.0 1
  132.12501500000002 196.0 1
  132.154358 164.0 1
  132.184525 88.0 1
  132.20820600000002 204.0 1
  132.231369 136.0 1
  132.25482200000002 256.0 2
  132.29808 208.0 1
  132.30117800000002 220.0 1
  132.419861 168.0 1
  132.42124900000002 144.0 1
  132.50087000000002 180.0 1
  132.52851900000002 112.0 1
  132.57756 144.0 1
  132.578384 268.0 2
  132.637283 196.0 1
  132.658524 6.907738 0
  132.693619 340.0 2
  132.812454 108.0 1
  133.076645 18300.0 110
  133.116638 212.0 1
  133.12210100000001 316.0 2
  133.14418 180.0 1
  133.18240400000002 148.0 1
  133.21313500000002 148.0 1
  133.29087800000002 188.0 1
  133.360321 132.0 1
  133.362671 180.0 1
  133.405762 152.0 1
  133.58557100000002 132.0 1
  133.616119 60.0 0
  133.62025500000001 52.0 0
  133.63420100000002 156.0 1
  133.666962 292.0 2
  133.78207400000002 116.0 1
  133.813965 184.0 1
  133.934219 160.0 1
  134.059799 944.0 6
  134.09428400000002 164.0 1
  134.11488300000002 308.0 2
  134.117142 76.516579 0
  134.191132 208.0 1
  134.219009 168.0 1
  134.268036 156.0 1
  134.32843 160.0 1
  134.359787 204.0 1
  134.41433700000002 168.0 1
  134.426498 104.0 1
  134.459854 248.0 1
  134.489563 160.0 1
  134.498535 188.0 1
  134.565628 160.0 1
  134.636017 152.0 1
  134.661987 368.0 2
  134.716431 48.0 0
  134.726074 7.338542 0
  134.757156 148.0 1
  134.815842 236.0 1
  134.952423 232.0 1
  134.992477 168.0 1
  134.996094 176.0 1
  135.01100200000002 144.0 1
  135.02740500000002 380.0 2
  135.06694000000002 3404.0 20
  135.06781 116.0 1
  135.068237 220.0 1
  135.118866 1348.0 8
  135.124771 136.0 1
  135.142258 240.0 1
  135.20846600000002 180.0 1
  135.228928 176.0 1
  135.30661 16.073931 0
  135.320908 44.0 0
  135.545792 168.0 1
  135.549667 156.0 1
  135.71339400000002 232.0 1
  135.890305 252.0 2
  136.10188300000002 168.0 1
  136.12144500000002 32.0 0
  136.366867 200.0 1
  136.378723 436.0 3
  136.388809 92.0 1
  136.54251100000002 176.0 1
  136.575928 56.0 0
  136.592239 92.0 1
  136.612671 152.0 1
  136.61625700000002 176.0 1
  136.705826 132.0 1
  136.716354 128.0 1
  136.74632300000002 168.0 1
  136.80496200000002 152.0 1
  136.824768 88.0 1
  136.87188700000002 140.0 1
  137.019531 60.0 0
  137.02861000000001 276.0 2
  137.057816 1272.0 8
  137.07916300000002 180.0 1
  137.085083 180.0 1
  137.09175100000002 164.0 1
  137.16304 100.0 1
  137.173187 128.0 1
  137.260681 188.0 1
  137.303619 220.0 1
  137.326111 104.0 1
  137.33989 156.0 1
  137.401398 152.0 1
  137.675858 268.0 2
  137.73793 180.0 1
  137.73820500000002 76.0 0
  137.79023700000002 108.0 1
  137.88784800000002 220.0 1
  137.943344 100.0 1
  137.953064 184.0 1
  137.963715 168.0 1
  137.967499 96.0 1
  138.110474 136.0 1
  138.149841 112.0 1
  138.253418 96.0 1
  138.273727 104.0 1
  138.34201000000002 304.0 2
  138.462784 144.0 1
  138.482864 164.0 1
  138.504288 172.0 1
  138.540741 52.0 0
  138.65849300000002 196.0 1
  138.674286 172.0 1
  138.712677 128.0 1
  138.72795100000002 132.0 1
  138.730759 152.0 1
  138.761963 148.0 1
  138.84930400000002 20.0 0
  138.907883 144.0 1
  138.91076700000002 164.0 1
  138.915421 140.0 1
  138.941437 168.0 1
  138.99855 352.0 2
  139.00276200000002 284.0 2
  139.01232900000002 188.0 1
  139.07402000000002 108.0 1
  139.40210000000002 144.0 1
  139.435638 116.0 1
  139.452896 124.0 1
  139.490128 120.0 1
  139.507217 168.0 1
  139.535919 140.0 1
  139.573364 168.0 1
  139.624741 160.0 1
  139.73645000000002 272.0 2
  139.886871 128.0 1
  139.896622 176.0 1
  140.02397200000001 200.0 1
  140.05067400000001 632.0 4
  140.28199800000002 292.0 2
  140.310684 128.0 1
  140.32023600000002 176.0 1
  140.354309 96.0 1
  140.440445 92.0 1
  140.476257 44.0 0
  140.48730500000002 152.0 1
  140.521072 172.0 1
  140.66507000000001 64.0 0
  140.69075 184.0 1
  140.713882 196.0 1
  140.728485 108.0 1
  140.841522 48.0 0
  140.998398 184.0 1
  141.056961 156.0 1
  141.076218 148.0 1
  141.12449600000002 184.0 1
  141.13102700000002 216.0 1
  141.157623 140.0 1
  141.16355900000002 120.0 1
  141.211914 84.0 1
  141.318024 88.0 1
  141.34599300000002 80.0 0
  141.364868 172.0 1
  141.396576 176.0 1
  141.460983 260.0 2
  141.51203900000002 108.0 1
  141.512451 260.0 2
  141.58277900000002 128.0 1
  141.714279 96.0 1
  141.756088 144.0 1
  141.810349 224.0 1
  141.88114900000002 128.0 1
  141.940109 136.0 1
  142.004211 192.0 1
  142.01915 100.0 1
  142.04435700000002 184.0 1
  142.062546 120.0 1
  142.06521600000002 208.0 1
  142.07470700000002 396.0 2
  142.098648 49.549641 0
  142.163284 28.0 0
  142.241409 56.0 0
  142.44610600000001 88.0 1
  142.48526 164.0 1
  142.59750400000001 120.0 1
  142.64840700000002 156.0 1
  142.680984 104.0 1
  142.70283500000002 48.0 0
  142.724411 136.0 1
  142.785736 192.0 1
  142.80806 108.0 1
  142.996185 224.0 1
  143.01268000000002 168.0 1
  143.03121900000002 160.0 1
  143.053192 152.0 1
  143.082123 364.0 2
  143.10846800000002 200.0 1
  143.150864 268.0 2
  143.184586 128.0 1
  143.213364 172.0 1
  143.242752 156.0 1
  143.28242500000002 92.0 1
  143.28869600000002 264.0 2
  143.323685 116.0 1
  143.35565200000002 100.0 1
  143.384003 188.0 1
  143.4505 176.0 1
  143.765747 140.0 1
  143.83050500000002 156.0 1
  143.939331 228.0 1
  143.986038 176.0 1
  144.041809 144.0 1
  144.042145 924.0 6
  144.060547 148.0 1
  144.080185 4672.0 28
  144.11019900000002 76.0 0
  144.141129 212.0 1
  144.224457 132.0 1
  144.235489 148.0 1
  144.23950200000002 76.0 0
  144.28370700000002 68.0 0
  144.380615 192.0 1
  144.38360600000001 220.0 1
  144.53779600000001 76.0 0
  144.790161 160.0 1
  144.790436 148.0 1
  144.79499800000002 220.0 1
  144.858292 168.0 1
  145.06289700000002 316.0 2
  145.064468 1388.0 8
  145.22485400000002 192.0 1
  145.243423 68.0 0
  145.43820200000002 184.0 1
  145.444305 208.0 1
  145.44838000000001 160.0 1
  145.56114200000002 108.0 1
  145.62825 144.0 1
  145.89253200000002 168.0 1
  145.893066 328.0 2
  146.19252 140.0 1
  146.217163 160.0 1
  146.266739 184.0 1
  146.62110900000002 108.0 1
  146.63067600000002 100.0 1
  146.756866 64.0 0
  146.887955 188.0 1
  146.99108900000002 168.0 1
  147.000031 48.0 0
  147.07681300000002 164.0 1
  147.08667 176.0 1
  147.14854400000002 60.0 0
  147.335083 324.0 2
  147.37930300000002 104.0 1
  147.471115 164.0 1
  147.482193 92.0 1
  147.524506 128.0 1
  147.684647 236.0 1
  147.75325 128.0 1
  147.76950100000002 128.0 1
  147.770569 132.0 1
  147.864609 232.0 1
  147.923676 236.0 1
  148.018188 140.0 1
  148.06852700000002 180.0 1
  148.112885 152.0 1
  148.144958 136.0 1
  148.19743300000002 368.0 2
  148.22721900000002 180.0 1
  148.236633 60.0 0
  148.31424 148.0 1
  148.36114500000002 52.0 0
  148.471176 152.0 1
  148.58247400000002 28.0 0
  148.599548 240.0 1
  148.733215 360.0 2
  148.76178000000002 148.0 1
  148.88836700000002 68.0 0
  148.956284 84.0 1
  148.97773700000002 148.0 1
  148.98928800000002 84.0 1
  149.01168800000002 144.0 1
  149.01860000000002 160.0 1
  149.036102 104.0 1
  149.04994200000002 168.0 1
  149.078079 164.0 1
  149.092682 168.0 1
  149.10990900000002 164.0 1
  149.11497500000002 52.0 0
  149.124603 84.0 1
  149.133499 172.0 1
  149.19000200000002 264.0 2
  149.282364 176.0 1
  149.31509400000002 100.0 1
  149.34127800000002 196.0 1
  149.38642900000002 6.399193 0
  149.448685 160.0 1
  149.476379 112.0 1
  149.50276200000002 196.0 1
  149.504684 164.0 1
  149.52705400000002 184.0 1
  149.535141 148.0 1
  149.557205 148.0 1
  149.765884 136.0 1
  149.773331 100.0 1
  149.81762700000002 188.0 1
  149.81987 108.0 1
  149.914444 220.0 1
  149.940842 224.0 1
  150.027863 348.0 2
  150.10354600000002 236.0 1
  150.1465 68.0 0
  150.15548700000002 204.0 1
  150.17308 184.0 1
  150.18034400000002 76.0 0
  150.20498700000002 136.0 1
  150.240112 112.0 1
  150.26554900000002 112.0 1
  150.27130100000002 396.0 2
  150.27383400000002 56.0 0
  150.29921000000002 28.0 0
  150.395676 15.00862 0
  150.420288 212.0 1
  150.437546 68.0 0
  150.505524 184.0 1
  150.619537 244.0 1
  150.683533 56.0 0
  150.79686 124.0 1
  150.826691 96.0 1
  150.830429 128.0 1
  150.948441 152.0 1
  151.06213400000001 13665.0 82
  151.06907700000002 48.0 0
  151.089951 156.0 1
  151.14514200000002 112.0 1
  151.461914 188.0 1
  151.473129 48.0 0
  151.582718 152.0 1
  151.613434 120.0 1
  151.631012 64.0 0
  151.65235900000002 140.0 1
  151.723373 104.0 1
  151.761642 192.0 1
  151.857101 132.0 1
  151.97340400000002 180.0 1
  151.992706 76.0 0
  151.996826 136.0 1
  152.068802 140.0 1
  152.160034 104.0 1
  152.36840800000002 100.0 1
  152.38076800000002 160.0 1
  152.547653 276.0 2
  152.571823 132.0 1
  152.57934600000002 156.0 1
  152.61441000000002 68.0 0
  152.695358 64.0 0
  152.71945200000002 116.0 1
  152.804574 160.0 1
  152.851349 148.0 1
  152.855347 148.0 1
  152.886017 172.0 1
  153.02757300000002 212.0 1
  153.059799 156.0 1
  153.091934 1904.0 11
  153.199265 224.0 1
  153.22035200000002 128.0 1
  153.24932900000002 144.0 1
  153.306396 100.0 1
  153.314438 164.0 1
  153.324463 252.0 2
  153.47219800000002 104.0 1
  153.477661 160.0 1
  153.70015 76.0 0
  153.71373 132.0 1
  153.839828 156.0 1
  154.03758200000001 112.0 1
  154.04379300000002 172.0 1
  154.04834 192.0 1
  154.05946400000002 272.0 2
  154.09492500000002 152.0 1
  154.09887700000002 152.0 1
  154.12059000000002 216.0 1
  154.130157 60.0 0
  154.222397 140.0 1
  154.344955 200.0 1
  154.36050400000002 10.47738 0
  154.42601000000002 116.0 1
  154.662003 136.0 1
  154.725769 180.0 1
  154.76989700000001 152.0 1
  154.823517 180.0 1
  154.938568 244.0 1
  154.938995 160.0 1
  154.973511 84.0 1
  154.99679600000002 200.0 1
  155.01808200000002 224.0 1
  155.04878200000002 140.0 1
  155.05186500000002 208.0 1
  155.05564900000002 280.0 2
  155.06298800000002 120.0 1
  155.066833 55.922482 0
  155.07089200000001 716.0 4
  155.08453400000002 152.0 1
  155.08526600000002 308.0 2
  155.15574600000002 312.0 2
  155.18869 76.0 0
  155.227188 132.0 1
  155.231964 160.0 1
  155.29740900000002 200.0 1
  155.349319 156.0 1
  155.396057 272.0 2
  155.40008500000002 180.0 1
  155.416367 176.0 1
  155.485062 212.0 1
  155.51585400000002 220.0 1
  155.53801 1.501389 0
  155.576691 48.0 0
  155.662125 128.0 1
  155.924881 64.0 0
  156.028412 188.0 1
  156.201996 116.0 1
  156.218445 108.0 1
  156.25769 104.0 1
  156.271194 196.0 1
  156.273804 100.0 1
  156.287888 160.0 1
  156.53083800000002 168.0 1
  156.593262 80.0 0
  156.94812000000002 132.0 1
  157.06921400000002 144.0 1
  157.077866 140.0 1
  157.113953 196.0 1
  157.16592400000002 124.0 1
  157.185608 176.0 1
  157.217194 148.0 1
  157.295456 168.0 1
  157.386551 184.0 1
  157.404312 88.0 1
  157.427826 56.0 0
  157.52349900000002 76.0 0
  157.55418400000002 144.0 1
  157.901352 220.0 1
  158.014618 156.0 1
  158.075592 216.0 1
  158.103485 228.0 1
  158.133179 192.0 1
  158.155899 76.0 0
  158.192825 92.0 1
  158.19575500000002 140.0 1
  158.20626800000002 120.0 1
  158.20898400000002 3.176471 0
  158.240433 112.0 1
  158.26538100000002 168.0 1
  158.28839100000002 136.0 1
  158.33017 92.0 1
  158.404556 132.0 1
  158.48327600000002 216.0 1
  158.493927 136.0 1
  158.52139300000002 184.0 1
  158.59608500000002 44.0 0
  158.663681 152.0 1
  158.726517 180.0 1
  158.78384400000002 96.0 1
  158.856064 160.0 1
  158.955917 288.0 2
  158.99646 168.0 1
  158.99890100000002 132.0 1
  159.043427 148.0 1
  159.065399 220.0 1
  159.067398 204.0 1
  159.092026 13.63004 0
  159.127197 3.373775 0
  159.164948 44.0 0
  159.16635100000002 240.0 1
  159.193802 112.0 1
  159.284927 124.0 1
  159.28595 132.0 1
  159.304245 96.0 1
  159.315247 204.0 1
  159.354996 160.0 1
  159.369629 60.0 0
  159.399078 176.0 1
  159.616226 156.0 1
  159.616364 64.0 0
  159.636017 156.0 1
  159.66803000000002 160.0 1
  159.695099 120.0 1
  159.788956 252.0 2
  159.849915 96.0 1
  159.932648 204.0 1
  160.01855500000002 124.0 1
  160.058121 152.0 1
  160.085449 684.0 4
  160.095932 164.0 1
  160.110107 144.0 1
  160.111374 1916.0 11
  160.116623 164.0 1
  160.136597 112.0 1
  160.15986600000002 92.0 1
  160.16713000000001 80.0 0
  160.209946 112.0 1
  160.259003 36.0 0
  160.31440700000002 68.0 0
  160.397949 148.0 1
  160.471283 124.0 1
  160.492081 132.0 1
  160.51289400000002 168.0 1
  160.571503 164.0 1
  160.69300800000002 124.0 1
  160.900833 140.0 1
  161.04826400000002 144.0 1
  161.058365 148.0 1
  161.06012 148.0 1
  161.097305 324.0 2
  161.24040200000002 136.0 1
  161.369583 76.0 0
  161.42257700000002 152.0 1
  161.45134000000002 220.0 1
  161.55946400000002 432.0 3
  161.56485 136.0 1
  161.57804900000002 144.0 1
  161.61888100000002 88.0 1
  161.633575 88.0 1
  161.68064900000002 336.0 2
  161.895477 96.0 1
  161.982254 172.0 1
  162.067444 164.0 1
  162.078302 168.0 1
  162.136749 164.0 1
  162.227188 136.0 1
  162.366409 176.0 1
  162.38945 164.0 1
  162.389664 120.0 1
  162.446854 100.0 1
  162.560226 216.0 1
  162.71189900000002 120.0 1
  162.73259000000002 164.0 1
  162.82380700000002 96.0 1
  162.82740800000002 148.0 1
  162.979523 120.0 1
  163.02375800000002 236.0 1
  163.03997800000002 180.0 1
  163.045502 772.0 5
  163.05212400000002 156.0 1
  163.176514 184.0 1
  163.23722800000002 100.0 1
  163.241119 188.0 1
  163.24606300000002 152.0 1
  163.249664 76.0 0
  163.26443500000002 208.0 1
  163.385651 212.0 1
  163.451904 124.0 1
  163.481613 28.0 0
  163.57118200000002 144.0 1
  163.584335 124.0 1
  163.72728 40.0 0
  163.81118800000002 208.0 1
  163.95365900000002 208.0 1
  164.084427 124.0 1
  164.24292 232.0 1
  164.26207000000002 52.0 0
  164.337646 212.0 1
  164.43746900000002 184.0 1
  164.440384 100.0 1
  164.50645400000002 156.0 1
  164.53311200000002 60.379028 0
  164.54425 148.0 1
  164.56727600000002 116.0 1
  164.591675 64.0 0
  164.648087 76.0 0
  164.648132 144.0 1
  164.660538 112.0 1
  164.725754 128.0 1
  164.920425 100.0 1
  164.92773400000002 192.0 1
  165.008545 168.0 1
  165.04324300000002 140.0 1
  165.069504 808.0 5
  165.088821 180.0 1
  165.08981300000002 9100.0 55
  165.124695 1580.0 9
  165.16857900000002 144.0 1
  165.176193 68.0 0
  165.191101 136.0 1
  165.203766 96.0 1
  165.32608000000002 148.0 1
  165.362427 120.0 1
  165.40853900000002 192.0 1
  165.470062 168.0 1
  165.531799 72.0 0
  165.565613 48.0 0
  165.612488 136.0 1
  165.620575 108.0 1
  165.722946 140.0 1
  165.984543 220.0 1
  166.009766 140.0 1
  166.24989300000001 60.0 0
  166.278061 6.001984 0
  166.388733 44.0 0
  166.458832 144.0 1
  166.571289 164.0 1
  166.657196 156.0 1
  166.69412200000002 56.0 0
  166.876526 108.0 1
  166.88806200000002 3.047619 0
  166.909286 108.0 1
  166.985703 228.0 1
  167.02825900000002 280.0 2
  167.058731 148.0 1
  167.089844 372.0 2
  167.13346900000002 140.0 1
  167.18064900000002 144.0 1
  167.18292200000002 148.0 1
  167.226913 148.0 1
  167.254898 160.0 1
  167.297256 52.0 0
  167.35153200000002 220.0 1
  167.360016 288.0 2
  167.56311 11.84626 0
  167.571899 216.0 1
  167.589874 128.0 1
  167.623367 192.0 1
  167.779099 160.0 1
  167.83642600000002 108.0 1
  168.041168 188.0 1
  168.21395900000002 136.0 1
  168.298767 312.0 2
  168.34814500000002 264.0 2
  168.381805 96.0 1
  168.382217 184.0 1
  168.383453 108.0 1
  168.390747 188.0 1
  168.51812700000002 124.0 1
  168.862213 140.0 1
  169.02375800000002 232.0 1
  169.050781 212.0 1
  169.060059 132.0 1
  169.060806 424.0 3
  169.074585 796.0 5
  169.09024000000002 696.0 4
  169.144531 160.0 1
  169.163971 32.0 0
  169.218582 64.0 0
  169.21971100000002 100.0 1
  169.220627 96.0 1
  169.231506 128.0 1
  169.254593 132.0 1
  169.372711 148.0 1
  169.376068 172.0 1
  169.381165 80.0 0
  169.50202900000002 112.0 1
  169.554108 88.0 1
  169.555206 172.0 1
  169.56736800000002 280.0 2
  169.67579700000002 88.0 1
  169.814774 156.0 1
  170.060791 12392.0 74
  170.114914 180.0 1
  170.124512 16.534519 0
  170.225861 100.0 1
  170.350861 204.0 1
  170.43045 144.0 1
  170.444275 180.0 1
  170.577698 192.0 1
  170.60505700000002 188.0 1
  170.644653 112.0 1
  170.724976 152.0 1
  170.942612 204.0 1
  170.968323 56.0 0
  171.051849 40.0 0
  171.070602 100.0 1
  171.08642600000002 168.0 1
  171.212418 36.0 0
  171.26658600000002 68.0 0
  171.291687 160.0 1
  171.34079 184.0 1
  171.371597 10.51961 0
  171.37226900000002 116.0 1
  171.465607 116.0 1
  171.477676 36.0 0
  171.534988 23.722219 0
  171.615005 96.0 1
  171.644989 64.0 0
  171.677109 40.0 0
  171.75633200000001 168.0 1
  171.959656 144.0 1
  171.997513 100.0 1
  172.060852 100.0 1
  172.08493 176.0 1
  172.107422 88.0 1
  172.131058 92.0 1
  172.138168 140.0 1
  172.233154 184.0 1
  172.395554 152.0 1
  172.46987900000002 160.0 1
  172.500641 72.0 0
  172.51619 64.0 0
  172.654831 188.0 1
  172.868484 120.0 1
  172.908737 128.0 1
  172.964249 224.0 1
  173.03152500000002 16.274052 0
  173.059692 96.0 1
  173.129456 580.0 3
  173.133743 408.0 2
  173.204849 152.0 1
  173.268158 28.0625 0
  173.38736 76.0 0
  173.408249 4.511082 0
  173.441574 260.0 2
  173.45022600000001 216.0 1
  173.472443 8.667636 0
  173.53363000000002 120.0 1
  173.568085 208.0 1
  173.604401 156.0 1
  173.605972 64.0 0
  173.78743 240.0 1
  173.85813900000002 152.0 1
  173.94589200000001 160.0 1
  174.10704 196.0 1
  174.197052 80.0 0
  174.22525000000002 152.0 1
  174.319031 96.0 1
  174.349716 60.0 0
  174.43438700000002 100.0 1
  174.540573 180.0 1
  174.59518400000002 196.0 1
  174.658295 112.0 1
  174.66670200000002 96.0 1
  174.717758 112.0 1
  174.94876100000002 240.0 1
  175.011017 104.0 1
  175.066605 132.0 1
  175.136185 180.0 1
  175.150162 52.0 0
  175.211273 192.0 1
  175.25993300000002 44.0 0
  175.27882400000001 88.0 1
  175.341553 60.0 0
  175.356277 132.0 1
  175.451614 60.0 0
  175.49705500000002 48.0 0
  175.548889 88.0 1
  175.567978 176.0 1
  175.586609 8.284091 0
  175.701202 164.0 1
  175.775543 132.0 1
  176.077515 188.0 1
  176.127701 192.0 1
  176.195129 188.0 1
  176.216354 180.0 1
  176.298706 132.0 1
  176.383484 76.0 0
  176.50396700000002 256.0 2
  176.596161 200.0 1
  176.62506100000002 236.0 1
  176.67926 72.0 0
  176.742752 48.0 0
  176.773895 124.0 1
  176.79882800000001 184.0 1
  176.821075 128.0 1
  176.83689900000002 116.0 1
  176.843704 172.0 1
  176.929855 128.0 1
  176.93048100000001 236.0 1
  177.07342500000001 152.0 1
  177.100281 116.0 1
  177.10252400000002 7.366072 0
  177.13806200000002 32.0 0
  177.142303 128.0 1
  177.1483 180.0 1
  177.160065 168.0 1
  177.166107 128.0 1
  177.17279100000002 260.0 2
  177.186157 184.0 1
  177.24563600000002 112.0 1
  177.266083 44.0 0
  177.40605200000002 144.0 1
  177.45155300000002 156.0 1
  177.473709 204.0 1
  177.607361 72.0 0
  177.683456 80.0 0
  177.86642500000002 132.0 1
  177.904739 204.0 1
  177.911957 240.0 1
  178.027069 356.0 2
  178.031403 92.0 1
  178.115723 144.0 1
  178.42082200000002 64.0 0
  178.541473 76.0 0
  178.544281 200.0 1
  178.59462000000002 168.0 1
  178.73027000000002 48.0 0
  178.733368 80.0 0
  178.75598100000002 76.0 0
  178.760544 7.537094 0
  178.788879 192.0 1
  178.792404 120.0 1
  178.869461 176.0 1
  178.906082 128.0 1
  178.944702 52.0 0
  178.964508 296.0 2
  179.019745 3.7675 0
  179.064697 172.0 1
  179.17416400000002 216.0 1
  179.22619600000002 200.0 1
  179.25697300000002 72.0 0
  179.29367100000002 88.0 1
  179.44056700000002 152.0 1
  179.44368 92.0 1
  179.49151600000002 112.0 1
  179.55275 136.0 1
  179.749222 168.0 1
  179.773346 20.988091 0
  179.904663 72.579849 0
  179.90621900000002 132.0 1
  179.91386400000002 140.0 1
  180.07638500000002 168.0 1
  180.090317 140.0 1
  180.09243800000002 652.0 4
  180.10148600000002 295.904907 2
  180.10188300000002 124.0 1
  180.236694 76.0 0
  180.274811 40.0 0
  180.39021300000002 100.0 1
  180.398727 64.0 0
  180.4608 132.0 1
  180.556961 132.0 1
  180.57132000000001 56.0 0
  180.61998 124.0 1
  180.658142 112.0 1
  180.664322 180.0 1
  180.686432 260.0 2
  180.698898 188.0 1
  180.727158 60.0 0
  180.729599 192.0 1
  180.783432 164.0 1
  180.82103 116.0 1
  180.862854 184.0 1
  181.01675400000002 188.0 1
  181.07539400000002 208.0 1
  181.235687 148.0 1
  181.363907 52.0 0
  181.41651900000002 140.0 1
  181.44191 92.0 1
  181.445663 48.0 0
  181.478912 132.0 1
  181.48159800000002 184.0 1
  181.568634 64.0 0
  181.584305 196.0 1
  181.713852 248.0 1
  181.724274 176.0 1
  181.858765 148.0 1
  182.002213 172.0 1
  182.006775 180.0 1
  182.009781 112.0 1
  182.029144 108.0 1
  182.030853 188.0 1
  182.053696 120.0 1
  182.072495 1064.0 6
  182.194305 100.0 1
  182.200623 96.0 1
  182.25482200000002 128.0 1
  182.300262 17.218019 0
  182.30139200000002 228.0 1
  182.35835300000002 136.0 1
  182.42009000000002 160.0 1
  182.521255 244.0 1
  182.60675 164.0 1
  182.628204 144.0 1
  182.646881 204.0 1
  182.752014 160.0 1
  183.037643 64.0 0
  183.04113800000002 100.0 1
  183.055542 104.0 1
  183.08358800000002 168.0 1
  183.188278 476.0 3
  183.200119 140.0 1
  183.205963 204.0 1
  183.275024 216.0 1
  183.30143700000002 132.0 1
  183.34256000000002 116.0 1
  183.343872 188.0 1
  183.457123 160.0 1
  183.565613 168.0 1
  183.700943 180.0 1
  183.81813 64.0 0
  183.912949 136.0 1
  183.96701000000002 160.0 1
  184.048203 508.0 3
  184.072632 908.0 5
  184.152908 244.0 1
  184.239594 144.0 1
  184.262268 30.53013 0
  184.26319900000001 256.0 2
  184.27034 144.0 1
  184.31826800000002 144.0 1
  184.417053 164.0 1
  184.542404 88.0 1
  184.662933 140.0 1
  184.708069 204.0 1
  184.735626 144.0 1
  184.790787 152.0 1
  184.830399 164.0 1
  184.920197 116.0 1
  184.934235 192.0 1
  184.978867 144.0 1
  184.98091100000002 36.0 0
  184.990509 48.0 0
  185.042313 128.0 1
  185.057007 128.0 1
  185.060577 316.0 2
  185.08256500000002 700.0 4
  185.10626200000002 136.0 1
  185.132019 1448.0 9
  185.14909400000002 72.0 0
  185.160568 100.0 1
  185.29039 56.0 0
  185.445511 100.0 1
  185.480545 4.333333 0
  185.54461700000002 168.0 1
  185.565811 7.911364 0
  185.59835800000002 32.0 0
  185.606567 172.0 1
  185.644226 120.0 1
  185.73623700000002 280.0 2
  185.84639 184.0 1
  185.87416100000002 136.0 1
  185.908554 148.0 1
  185.967575 200.0 1
  186.038803 120.0 1
  186.04821800000002 196.0 1
  186.13888500000002 136.0 1
  186.245483 176.0 1
  186.331848 80.0 0
  186.52562 160.0 1
  186.59754900000001 96.0 1
  186.785416 140.0 1
  186.936981 180.0 1
  187.015564 208.0 1
  187.056702 120.0 1
  187.15162700000002 104.0 1
  187.18412800000002 52.0 0
  187.20378100000002 172.0 1
  187.314331 100.0 1
  187.34298700000002 168.0 1
  187.400925 56.0 0
  187.512314 192.0 1
  187.52049300000002 140.0 1
  187.789902 112.0 1
  187.808365 240.0 1
  187.876077 144.0 1
  187.958664 152.0 1
  188.01315300000002 124.0 1
  188.019562 144.0 1
  188.080093 1500.0 9
  188.093842 136.0 1
  188.141464 200.0 1
  188.15119900000002 164.0 1
  188.16485600000001 124.0 1
  188.179581 116.0 1
  188.560654 164.0 1
  188.67511000000002 144.0 1
  188.74147000000002 128.0 1
  188.940613 7.521397 0
  189.013351 77.48365 0
  189.01507600000002 132.0 1
  189.02345300000002 152.0 1
  189.056198 192.0 1
  189.108932 412.0 2
  189.25285300000002 84.0 1
  189.38909900000002 100.0 1
  189.517151 292.0 2
  189.591553 96.0 1
  189.59234600000002 36.0 0
  189.61467000000002 72.0 0
  189.709 148.0 1
  189.732101 200.0 1
  189.78504900000001 76.0 0
  189.800598 180.0 1
  189.88282800000002 48.0 0
  190.026352 176.0 1
  190.041885 40.0 0
  190.05986000000001 540.0 3
  190.12402300000002 396.0 2
  190.144485 140.0 1
  190.14473 52.0 0
  190.16004900000001 176.0 1
  190.228088 180.0 1
  190.32792700000002 108.0 1
  190.37574800000002 144.0 1
  190.37655600000002 108.0 1
  190.37785300000002 44.0 0
  190.44923400000002 72.0 0
  190.495087 44.0 0
  190.673416 76.0 0
  190.728012 216.0 1
  190.86879000000002 512.0 3
  190.939255 120.0 1
  190.975952 76.0 0
  191.046005 80.0 0
  191.061752 4116.0 25
  191.079056 1780.0 11
  191.083557 364.0 2
  191.201065 148.0 1
  191.26959200000002 84.0 1
  191.486938 100.0 1
  191.532913 88.0 1
  191.537766 80.0 0
  191.582626 80.0 0
  191.720795 156.0 1
  191.801239 148.0 1
  191.85217300000002 156.0 1
  192.09075900000002 1068.0 6
  192.15321400000002 80.0 0
  192.173035 124.0 1
  192.220764 96.0 1
  192.271744 72.0 0
  192.308243 176.0 1
  192.32222000000002 112.0 1
  192.342667 204.0 1
  192.36085500000002 152.0 1
  192.444458 100.0 1
  192.548965 120.0 1
  192.713211 176.0 1
  192.83445700000001 15.84633 0
  192.861374 168.0 1
  192.902847 64.0 0
  193.051086 688.0 4
  193.06147800000002 208.0 1
  193.068665 300.0 2
  193.070694 132.0 1
  193.09788500000002 117.635101 1
  193.10247800000002 548.0 3
  193.193848 164.0 1
  193.197052 48.0 0
  193.223114 164.0 1
  193.234146 164.0 1
  193.263504 188.0 1
  193.42219500000002 304.0 2
  193.44627400000002 184.0 1
  193.450333 224.0 1
  193.511063 212.0 1
  193.820175 128.0 1
  193.885864 144.0 1
  194.02375800000002 140.0 1
  194.087982 12876.0 77
  194.09475700000002 284.489807 2
  194.103287 3368.0 20
  194.13441500000002 48.0 0
  194.194794 152.0 1
  194.20700100000002 256.0 2
  194.319397 188.0 1
  194.360229 52.0 0
  194.473083 124.0 1
  194.53749100000002 148.0 1
  194.673553 144.0 1
  194.689087 156.0 1
  194.714752 72.0 0
  194.72593700000002 224.0 1
  194.74035600000002 72.0 0
  194.751587 188.0 1
  194.899811 160.0 1
  194.978012 48.0 0
  195.06414800000002 224.0 1
  195.064423 3.055556 0
  195.091339 216.0 1
  195.10148600000002 164.0 1
  195.19606000000002 52.0 0
  195.236694 56.0 0
  195.246826 26.603479 0
  195.30899000000002 160.0 1
  195.325058 364.0 2
  195.350952 168.0 1
  195.489212 100.0 1
  195.52198800000002 48.0 0
  195.626617 144.0 1
  195.62716700000001 216.0 1
  195.62927200000001 96.0 1
  195.679123 68.0 0
  195.709305 68.0 0
  195.95489500000002 36.0 0
  195.982086 144.0 1
  196.106888 68.0 0
  196.17738300000002 144.0 1
  196.20529200000001 44.0 0
  196.241364 296.0 2
  196.289825 10.40292 0
  196.306198 204.0 1
  196.475098 192.0 1
  196.532745 176.0 1
  196.56727600000002 144.0 1
  196.79834 140.0 1
  196.84457400000002 100.0 1
  196.90982100000002 160.0 1
  196.91931200000002 128.0 1
  196.92506400000002 296.0 2
  197.01959200000002 84.0 1
  197.050461 124.0 1
  197.454147 196.0 1
  197.467621 88.0 1
  197.810425 128.0 1
  197.824951 52.0 0
  197.864349 124.0 1
  197.898209 276.0 2
  197.913803 188.0 1
  197.96553 156.0 1
  198.066269 140.0 1
  198.087143 156.0 1
  198.100754 512.0 3
  198.161469 112.0 1
  198.176254 124.0 1
  198.357056 172.0 1
  198.40657000000002 148.0 1
  198.439697 200.0 1
  198.52825900000002 120.0 1
  198.63789400000002 104.0 1
  198.695648 220.0 1
  198.702637 120.0 1
  198.706345 132.0 1
  198.965256 136.0 1
  198.978561 160.0 1
  199.027435 344.0 2
  199.034668 144.0 1
  199.047943 212.0 1
  199.07457000000002 288.0 2
  199.09019500000002 432.0 3
  199.09492500000002 144.0 1
  199.299957 148.0 1
  199.309113 108.0 1
  199.36088600000002 120.0 1
  199.56083700000002 172.0 1
  199.833389 64.0 0
  199.976379 172.0 1
  200.00877400000002 148.0 1
  200.027802 228.0 1
  200.07122800000002 764.0 5
  200.085541 144.0 1
  200.097305 304.0 2
  200.281448 140.0 1
  200.283508 68.0 0
  200.293808 5.002976 0
  200.294022 68.0 0
  200.324554 48.0 0
  200.44085700000002 104.0 1
  200.56251500000002 144.0 1
  200.738144 248.0 1
  200.96533200000002 140.0 1
  201.008545 268.0 2
  201.254028 136.0 1
  201.79740900000002 152.0 1
  201.900284 44.0 0
  201.908997 216.0 1
  201.963715 44.0 0
  202.061462 700.0 4
  202.078415 47400.0 284
  202.311111 108.0 1
  202.330276 76.0 0
  202.37323 76.0 0
  202.40574600000002 220.0 1
  202.533905 144.0 1
  202.635025 104.0 1
  202.70202600000002 180.0 1
  202.77487200000002 48.0 0
  202.837463 140.0 1
  202.85115100000002 132.0 1
  202.855728 92.0 1
  203.042496 124.0 1
  203.09471100000002 140.0 1
  203.104523 512.0 3
  203.178482 6264.0 38
  203.351822 116.0 1
  203.37411500000002 200.0 1
  203.478653 164.0 1
  203.6707 52.0 0
  203.7742 272.0 2
  203.81007400000001 156.0 1
  203.901611 148.0 1
  204.141052 40.0 0
  204.153198 2704.0 16
  204.390579 132.0 1
  204.408661 216.0 1
  204.42337 120.0 1
  204.440659 164.0 1
  204.463821 188.0 1
  204.512497 180.0 1
  204.517715 48.0 0
  204.620621 68.0 0
  204.656616 212.0 1
  204.67979400000002 72.0 0
  205.037567 27.84586 0
  205.09028600000002 192.0 1
  205.11972 152.0 1
  205.123962 144.0 1
  205.12918100000002 180.0 1
  205.14553800000002 96.0 1
  205.189301 244.0 1
  205.191269 76.0 0
  205.296524 180.0 1
  205.33779900000002 144.0 1
  205.547302 180.0 1
  205.591629 40.0 0
  205.62413 80.0 0
  205.72018400000002 92.0 1
  205.77124 316.0 2
  205.825363 144.0 1
  206.000366 184.0 1
  206.073883 156.0 1
  206.19618200000002 76.0 0
  206.379074 128.0 1
  206.431824 96.0 1
  206.445221 124.0 1
  206.51232900000002 48.0 0
  206.593521 180.0 1
  206.66626000000002 136.0 1
  206.690063 176.0 1
  206.72610500000002 132.0 1
  206.72709700000001 160.0 1
  206.838638 80.0 0
  207.01310700000002 164.0 1
  207.01722700000002 160.0 1
  207.079788 1528.0 9
  207.080551 156.0 1
  207.08075 2240.0 13
  207.0867 608.0 4
  207.118073 20.26042 0
  207.13209500000002 120.0 1
  207.25830100000002 184.0 1
  207.35939000000002 200.0 1
  207.36213700000002 272.0 2
  207.437286 64.0 0
  207.461227 180.0 1
  207.67468300000002 6.044271 0
  207.80091900000002 92.0 1
  208.107452 1168.0 7
  208.119934 84.0 1
  208.23606900000001 92.0 1
  208.304153 56.0 0
  208.65699800000002 92.0 1
  208.760818 144.0 1
  208.786682 64.0 0
  208.842194 200.0 1
  208.875381 188.0 1
  209.046494 88.0 1
  209.114395 168.0 1
  209.15103100000002 164.0 1
  209.196289 60.0 0
  209.428223 120.0 1
  209.5401 132.0 1
  209.568802 32.0 0
  209.583176 112.0 1
  209.593658 120.0 1
  209.604874 548.0 3
  209.617661 84.0 1
  209.61882 52.0 0
  209.66630600000002 208.0 1
  209.674713 52.0 0
  209.722961 116.0 1
  209.755829 88.0 1
  209.875641 72.0 0
  209.91166700000002 136.0 1
  210.22279400000002 60.0 0
  210.36203 96.0 1
  210.372284 176.0 1
  210.380844 148.0 1
  210.432251 120.0 1
  210.43898000000002 72.0 0
  210.451324 64.0 0
  210.465744 108.0 1
  210.521881 116.0 1
  210.576416 52.0 0
  210.608551 140.0 1
  210.834946 156.0 1
  210.96069300000002 136.0 1
  211.0729 196.0 1
  211.12608300000002 88.0 1
  211.134064 176.0 1
  211.144562 6.003788 0
  211.400391 28.0 0
  211.645172 124.0 1
  211.815506 176.0 1
  211.830521 136.0 1
  211.924774 200.0 1
  212.083527 104.0 1
  212.09732100000002 132.0 1
  212.10701 180.0 1
  212.208496 160.0 1
  212.249191 48.0 0
  212.352539 48.0 0
  212.528748 148.0 1
  212.59745800000002 140.0 1
  212.76284800000002 144.0 1
  212.950195 160.0 1
  213.075851 3204.0 19
  213.246902 68.0 0
  213.417191 88.0 1
  213.56601 108.0 1
  213.580688 144.0 1
  213.657349 168.0 1
  213.748703 68.0 0
  213.850784 80.0 0
  214.133118 152.0 1
  214.15377800000002 164.0 1
  214.20408600000002 168.0 1
  214.232193 72.0 0
  214.318146 184.0 1
  214.414581 76.0 0
  214.428787 148.0 1
  214.430756 148.0 1
  214.438782 164.0 1
  214.439682 88.0 1
  214.519135 212.0 1
  214.542786 144.0 1
  214.88964800000002 240.0 1
  214.891083 40.0 0
  215.023392 208.0 1
  215.06868 1560.0 9
  215.073349 280.0 2
  215.319321 156.0 1
  215.38028 9.666667 0
  215.499954 76.0 0
  215.64909400000002 23.15432 0
  215.795029 172.0 1
  215.87965400000002 160.0 1
  215.894012 164.0 1
  216.043808 532.0 3
  216.151337 144.0 1
  216.49250800000002 172.0 1
  216.534515 108.0 1
  216.63995400000002 180.0 1
  216.686295 72.0 0
  216.711273 32.0 0
  216.75456200000002 152.0 1
  217.02375800000002 168.0 1
  217.068237 340.0 2
  217.340424 224.0 1
  217.468307 31.82436 0
  217.76374800000002 120.0 1
  217.817307 124.0 1
  217.907837 84.0 1
  218.041153 208.0 1
  218.16275000000002 476.0 3
  218.169632 180.0 1
  218.195679 144.0 1
  218.368668 80.0 0
  218.425858 264.0 2
  218.484726 160.0 1
  218.53422500000002 180.0 1
  218.58119200000002 116.0 1
  218.824005 124.0 1
  218.87558 124.0 1
  218.896667 160.0 1
  218.966736 464.0 3
  219.041382 140.0 1
  219.05777 140.0 1
  219.07229600000002 204.0 1
  219.132889 260.0 2
  219.152298 136.0 1
  219.237976 156.0 1
  219.30444300000002 152.0 1
  219.31805400000002 148.0 1
  219.33290100000002 212.0 1
  219.44232200000002 164.0 1
  219.51059 116.0 1
  219.69317600000002 8.558712 0
  219.700958 116.0 1
  219.863495 96.0 1
  219.899689 172.0 1
  219.941696 188.0 1
  220.053574 60.0 0
  220.081909 18.13776 0
  220.33857700000002 196.0 1
  220.471497 124.0 1
  220.619125 124.0 1
  220.63841200000002 136.0 1
  220.669983 300.0 2
  220.709442 208.0 1
  220.729737 128.0 1
  221.002579 9.413462 0
  221.12915 35.093121 0
  221.197098 100.0 1
  221.255234 160.0 1
  221.29118300000002 278.622864 2
  221.374725 148.0 1
  221.39004500000001 212.0 1
  221.408401 68.0 0
  221.441452 196.0 1
  221.515351 44.0 0
  221.63545200000002 240.0 1
  221.731567 72.0 0
  221.85907 192.0 1
  221.988068 212.0 1
  222.075974 136.0 1
  222.078232 108.0 1
  222.091293 637.100525 4
  222.10969500000002 164.0 1
  222.134537 320.0 2
  222.166626 176.0 1
  222.262573 180.0 1
  222.373993 216.0 1
  222.535889 36.0 0
  222.63957200000002 212.0 1
  222.729172 148.0 1
  222.77925100000002 128.0 1
  222.874191 52.0 0
  222.91626000000002 228.0 1
  223.07070900000002 28.867229 0
  223.077271 64.0 0
  223.119232 128.0 1
  223.125137 88.0 1
  223.269608 140.0 1
  223.41102600000002 156.0 1
  223.504623 204.0 1
  223.553513 116.0 1
  223.56791700000002 148.0 1
  223.638123 96.0 1
  224.08779900000002 148.0 1
  224.308762 148.0 1
  224.347519 84.0 1
  224.564926 108.0 1
  224.63403300000002 96.0 1
  224.821808 48.0 0
  224.897644 100.0 1
  225.075806 184.0 1
  225.36381500000002 76.0 0
  225.375717 156.0 1
  225.496552 80.0 0
  225.516006 144.0 1
  225.55856300000002 104.0 1
  225.61947600000002 64.0 0
  225.797852 32.0 0
  226.094055 608.0 4
  226.097519 200.0 1
  226.13029500000002 124.0 1
  226.288971 244.0 1
  226.364685 72.0 0
  226.369492 252.0 2
  226.41192600000002 84.0 1
  226.441757 184.0 1
  226.540421 68.0 0
  226.582077 88.0 1
  226.591827 168.0 1
  226.622452 76.0 0
  226.929474 104.0 1
  226.984924 128.0 1
  227.108643 152.0 1
  227.14935300000002 132.0 1
  227.28233300000002 240.0 1
  227.300613 76.0 0
  227.325287 164.0 1
  227.41597000000002 204.0 1
  227.787003 100.0 1
  227.86990400000002 288.0 2
  227.905045 240.0 1
  227.99868800000002 148.0 1
  228.063385 144.0 1
  228.065491 144.0 1
  228.113739 68.165703 0
  228.15390000000002 172.0 1
  228.188354 100.0 1
  228.440323 128.0 1
  228.565292 56.0 0
  228.650238 68.0 0
  228.72279400000002 168.0 1
  228.87616 204.0 1
  228.902634 172.0 1
  229.0439 64.0 0
  229.092499 28.19375 0
  229.09797700000001 132.0 1
  229.163452 168.0 1
  229.175003 56.0 0
  229.175766 172.0 1
  229.18528700000002 148.0 1
  229.189331 6.506953 0
  229.566147 72.0 0
  229.661957 132.0 1
  229.80586200000002 68.0 0
  229.814377 56.0 0
  230.086411 60.0 0
  230.144302 148.0 1
  230.168594 152.0 1
  230.284302 156.0 1
  230.38630700000002 204.0 1
  230.540436 116.0 1
  230.649414 184.0 1
  230.791855 72.0 0
  230.847488 188.0 1
  230.867386 104.0 1
  230.963882 140.0 1
  231.149628 156.0 1
  231.167786 64.0 0
  231.201645 52.0 0
  231.268753 64.0 0
  231.29217500000001 216.0 1
  231.327988 224.0 1
  231.86080900000002 104.0 1
  231.97868300000002 132.0 1
  232.094849 172.0 1
  232.097 10416.0 62
  232.176636 120.0 1
  232.342209 4.106692 0
  232.438965 76.0 0
  232.440552 100.0 1
  232.618286 148.0 1
  232.830215 52.0 0
  232.841629 60.0 0
  232.85072300000002 132.0 1
  233.00560000000002 148.0 1
  233.07295200000002 132.0 1
  233.104095 820.0 5
  233.110687 164.0 1
  233.118851 152.0 1
  233.172897 72.0 0
  233.242828 124.0 1
  233.363358 52.0 0
  233.39691200000001 56.0 0
  233.523376 104.0 1
  233.580963 104.0 1
  233.637878 7.3875 0
  233.739105 20.0 0
  233.758011 64.0 0
  233.79126000000002 68.0 0
  233.82783500000002 132.0 1
  233.83860800000002 72.0 0
  233.97648600000002 156.0 1
  234.13188200000002 140.0 1
  234.284561 172.0 1
  234.576965 192.0 1
  234.628784 152.0 1
  235.041626 132.0 1
  235.063019 2976.0 18
  235.110687 4140.0 25
  235.31732200000002 76.0 0
  235.472229 384.0 2
  235.533127 188.0 1
  235.577332 172.0 1
  235.591003 136.0 1
  235.73017900000002 65.947029 0
  235.950684 168.0 1
  235.968262 144.0 1
  236.20387300000002 388.0 2
  236.216949 49.552078 0
  236.363739 164.0 1
  236.421402 124.0 1
  236.484329 40.0 0
  236.575363 128.0 1
  236.769577 208.0 1
  236.77314800000002 80.0 0
  236.957596 200.0 1
  237.05418400000002 1220.0 7
  237.134949 260.0 2
  237.288422 136.0 1
  237.322571 148.0 1
  237.334167 112.0 1
  237.37896700000002 136.0 1
  237.51057400000002 80.0 0
  237.628113 104.0 1
  237.675552 132.0 1
  237.679718 148.0 1
  237.680542 192.0 1
  237.720551 136.0 1
  237.763824 220.0 1
  237.887009 3.125 0
  237.95103500000002 172.0 1
  237.983261 92.0 1
  238.00148000000002 228.0 1
  238.281372 220.0 1
  238.426086 76.0 0
  238.62912 40.0 0
  238.630707 216.0 1
  238.98649600000002 156.0 1
  239.041809 156.0 1
  239.07354700000002 340.0 2
  239.192764 64.0 0
  239.35965000000002 5.720972 0
  239.53019700000002 180.0 1
  239.64823900000002 9.556818 0
  239.70468100000002 88.0 1
  239.72967500000001 172.0 1
  239.78576700000002 200.0 1
  240.061981 156.0 1
  240.11535600000002 240.0 1
  240.38621500000002 88.0 1
  240.386246 80.0 0
  240.396072 168.0 1
  240.44458 148.0 1
  240.54904200000001 140.0 1
  240.85470600000002 44.0 0
  240.92802400000002 380.0 2
  241.001968 144.0 1
  241.049362 6592.0 40
  241.10707100000002 188.0 1
  241.15837100000002 176.0 1
  241.19191 176.0 1
  241.193558 364.0 2
  241.317932 76.0 0
  241.432861 40.0 0
  241.45996100000002 69.029533 0
  241.47520400000002 44.0 0
  241.56393400000002 192.0 1
  241.669754 280.655914 2
  241.89260900000002 56.0 0
  242.014328 316.0 2
  242.09053 76.0 0
  242.15509 144.0 1
  242.24473600000002 140.0 1
  242.47911100000002 304.0 2
  242.5513 208.0 1
  242.660934 144.0 1
  242.850662 148.0 1
  243.062805 1108.0 7
  243.06572 1352.0 8
  243.17549100000002 116.0 1
  243.21107500000002 1388.0 8
  243.43060300000002 80.0 0
  243.522491 132.0 1
  243.58313 96.0 1
  243.605554 252.0 2
  243.673492 182.893494 1
  243.696564 184.0 1
  244.01293900000002 316.0 2
  244.02858 128.0 1
  244.114594 108.0 1
  244.123398 528.0 3
  244.33290100000002 140.0 1
  244.352676 220.0 1
  244.618393 60.0 0
  244.652451 76.0 0
  244.753174 112.0 1
  244.78929100000002 268.0 2
  244.853134 224.0 1
  244.899063 112.0 1
  244.99220300000002 92.0 1
  244.993942 288.0 2
  245.02513100000002 192.0 1
  245.03143300000002 100.0 1
  245.077423 412.0 2
  245.128296 192.0 1
  245.159714 96.0 1
  245.23580900000002 100.0 1
  245.35922200000002 112.0 1
  245.540894 112.0 1
  245.57501200000002 224.0 1
  245.72065700000002 136.0 1
  245.846497 120.0 1
  245.86166400000002 164.0 1
  246.010941 180.0 1
  246.087601 140.0 1
  246.101852 2328.0 14
  246.158859 156.0 1
  246.31195100000002 76.0 0
  246.420868 136.0 1
  246.427246 60.0 0
  246.50512700000002 116.0 1
  246.553696 60.0 0
  246.999313 76.0 0
  247.07397500000002 212.0 1
  247.12695300000001 172.0 1
  247.32634000000002 132.0 1
  247.63690200000002 132.0 1
  247.89502000000002 136.0 1
  247.91673300000002 3.255208 0
  248.02507 208.0 1
  248.124435 55.67004 0
  248.174698 116.0 1
  248.233948 160.0 1
  248.289886 52.0 0
  248.29689000000002 7.407609 0
  248.359207 124.0 1
  248.36203 132.0 1
  248.382278 164.0 1
  248.410538 148.0 1
  248.42996200000002 52.0 0
  248.61998 120.0 1
  248.751999 148.0 1
  248.93858300000002 264.0 2
  249.06654400000002 124.0 1
  249.267426 212.0 1
  249.67146300000002 108.0 1
  250.078766 148.0 1
  250.18377700000002 172.0 1
  250.210297 52.0 0
  250.463547 148.0 1
  250.602676 96.0 1
  250.684021 208.0 1
  250.706589 9.613347 0
  250.7444 180.0 1
  250.93159500000002 168.0 1
  251.076431 264.0 2
  251.11592100000001 148.0 1
  251.15879800000002 76.0 0
  251.40759300000002 40.0 0
  251.499359 164.0 1
  251.57843 148.0 1
  251.654053 172.0 1
  251.746857 108.0 1
  251.786621 168.0 1
  252.070297 156.0 1
  252.10702500000002 156.0 1
  252.14624 80.0 0
  252.179855 32.260529 0
  252.20430000000002 8.666924 0
  252.25169400000001 160.0 1
  252.554108 164.0 1
  252.69751000000002 7.367857 0
  252.886444 140.0 1
  253.048401 9292.0 56
  253.12835700000002 196.0 1
  253.462204 188.0 1
  253.51680000000002 108.0 1
  253.68069500000001 172.0 1
  253.697021 152.0 1
  253.84196500000002 148.0 1
  254.00804100000002 180.0 1
  254.055145 18152.0 109
  254.109543 352.0 2
  254.268677 152.0 1
  254.310181 160.0 1
  254.483688 88.0 1
  254.719559 112.0 1
  254.76457200000002 72.0 0
  254.776215 124.0 1
  255.078293 220.0 1
  255.179306 48.0 0
  255.304214 28.0 0
  255.34513900000002 108.0 1
  255.38299600000002 132.0 1
  255.505219 264.0 2
  255.54199200000002 116.0 1
  255.645294 104.0 1
  256.039093 140.0 1
  256.132996 164.0 1
  256.38736 56.0 0
  256.48169 100.0 1
  256.551697 608.0 4
  256.593384 212.0 1
  256.868988 116.0 1
  256.921082 80.0 0
  256.927582 252.0 2
  257.55389399999996 116.0 1
  257.63147 168.0 1
  257.879761 76.0 0
  258.17639199999996 172.0 1
  258.27475 104.0 1
  258.518585 108.0 1
  258.676422 168.0 1
  258.940796 420.0 3
  258.999084 132.0 1
  259.016602 116.0 1
  259.071625 148.0 1
  259.339752 256.0 2
  259.565002 160.0 1
  259.634369 132.0 1
  259.744781 112.0 1
  259.76971399999996 6.277902 0
  259.77743499999997 144.0 1
  259.79589799999997 104.0 1
  260.103027 148.0 1
  260.12625099999997 140.0 1
  260.17865 84.0 1
  260.216339 88.0 1
  260.302399 204.0 1
  260.308502 156.0 1
  260.339813 232.0 1
  260.49017299999997 156.0 1
  260.686218 124.0 1
  261.015991 32.0 0
  261.117279 109.869698 1
  261.439819 256.0 2
  261.557373 104.0 1
  261.60394299999996 160.0 1
  261.609161 80.0 0
  261.67926 72.0 0
  261.695312 116.0 1
  261.78500399999996 92.0 1
  261.813629 152.0 1
  262.226074 144.0 1
  262.313141 56.0 0
  262.41790799999995 128.0 1
  262.51889 132.0 1
  262.542236 148.0 1
  262.55679299999997 32.0 0
  262.712738 76.0 0
  262.956909 180.0 1
  262.985016 56.0 0
  262.99118 140.0 1
  262.992096 12.2838 0
  262.99404899999996 8651.842773 52
  263.081299 140.0 1
  263.111511 132.0 1
  263.524719 284.0 2
  263.570068 284.0 2
  263.726837 124.0 1
  263.837585 124.0 1
  263.90191699999997 68.0 0
  264.044647 224.0 1
  264.103546 188.0 1
  264.138214 576.0 3
  264.27487199999996 32.0 0
  264.386963 140.0 1
  264.595306 44.0 0
  264.93875099999997 299.395599 2
  265.049377 700.0 4
  265.08306899999997 118984.0 713
  265.090332 172.0 1
  265.152039 140.0 1
  265.17837499999996 284.0 2
  265.233978 84.0 1
  265.28891 52.0 0
  265.36767599999996 104.0 1
  265.379913 204.0 1
  265.399414 112.0 1
  265.421051 152.0 1
  265.66848799999997 64.0 0
  266.06307999999996 52.0 0
  266.449982 52.0 0
  266.59442099999995 136.0 1
  266.59817499999997 56.0 0
  266.813812 140.0 1
  267.135345 1056.0 6
  267.18591299999997 80.0 0
  267.227173 60.0 0
  267.45361299999996 104.0 1
  267.58041399999996 88.0 1
  267.59494 124.0 1
  267.644592 112.0 1
  267.836792 40.0 0
  267.87255899999997 100.0 1
  268.14840699999996 172.0 1
  268.19409199999996 124.0 1
  268.34732099999997 188.0 1
  268.387146 88.0 1
  268.39944499999996 272.0 2
  268.657623 140.0 1
  269.07131999999996 124.0 1
  269.10333299999996 168.0 1
  269.11465499999997 212.0 1
  269.361084 144.0 1
  269.394073 124.0 1
  269.403503 116.0 1
  269.48467999999997 100.0 1
  269.496155 152.0 1
  269.545441 148.0 1
  269.714386 164.0 1
  269.79254199999997 184.0 1
  269.80474899999996 76.0 0
  269.871155 76.0 0
  270.08572399999997 404.0 2
  270.109497 172.0 1
  270.129883 156.0 1
  270.255432 48.0 0
  270.309143 172.0 1
  270.341644 132.0 1
  270.380676 120.0 1
  270.795319 40.0 0
  271.195648 76.0 0
  271.364441 120.0 1
  271.54074099999997 148.0 1
  271.594208 92.0 1
  272.05062899999996 88.0 1
  272.170715 112.0 1
  272.25854499999997 68.0 0
  272.56591799999995 76.0 0
  272.607941 500.0 3
  272.71875 420.0 3
  272.78414899999996 200.0 1
  272.85733 224.0 1
  272.99267599999996 40.0 0
  273.05172699999997 76.0 0
  273.170837 60.0 0
  273.296112 140.0 1
  273.412903 56.0 0
  273.66265899999996 28.0 0
  273.69656399999997 112.0 1
  274.018127 112.0 1
  274.032562 148.0 1
  274.081085 192.0 1
  274.290192 116.0 1
  274.30020099999996 48.0 0
  274.35754399999996 148.0 1
  274.482605 104.0 1
  274.64187599999997 112.0 1
  274.941376 148.0 1
  275.030121 52.0 0
  275.139526 208.0 1
  275.150757 148.0 1
  275.33358799999996 172.0 1
  275.388824 7.667793 0
  275.514496 80.0 0
  275.630524 164.0 1
  275.95077499999996 96.0 1
  276.16119399999997 166636.0 999
  276.237976 232.0 1
  276.389465 7.852564 0
  276.43557699999997 40.0 0
  277.244965 72.0 0
  277.36791999999997 52.0 0
  277.38897699999995 72.0 0
  277.485565 188.0 1
  277.73495499999996 104.0 1
  277.953247 290.525085 2
  278.149506 200.0 1
  278.16603999999995 22828.0 137
  278.230103 76.0 0
  278.300385 164.0 1
  278.453125 120.0 1
  278.471436 128.0 1
  278.546448 92.0 1
  278.565674 19.59926 0
  278.758148 196.0 1
  278.80139199999996 44.0 0
  279.17776499999997 432.0 3
  279.545715 220.0 1
  279.772522 148.0 1
  279.828674 6.00119 0
  279.852966 48.0 0
  279.99115 132.0 1
  280.37634299999996 120.0 1
  280.45465099999996 40.0 0
  280.555115 192.0 1
  280.650452 192.0 1
  280.87753299999997 80.0 0
  281.269592 68.0 0
  281.492188 120.0 1
  281.54934699999995 52.0 0
  281.953674 156.0 1
  282.02941899999996 68.0 0
  282.543884 52.0 0
  282.60214199999996 148.0 1
  282.69830299999995 112.0 1
  282.878021 40.0 0
  283.04229699999996 184.0 1
  283.213287 80.0 0
  283.30758699999996 116.0 1
  283.36914099999996 96.0 1
  283.410492 176.0 1
  283.47348 76.0 0
  283.484924 84.0 1
  283.936829 140.0 1
  284.054077 132.0 1
  284.100128 292.0 2
  284.341553 280.0 2
  284.421051 220.0 1
  284.639526 60.0 0
  284.82363899999996 108.0 1
  284.911835 124.0 1
  285.11731 556.0 3
  285.261688 128.0 1
  285.29483 208.0 1
  285.34671 184.0 1
  285.98742699999997 116.0 1
  286.09457399999997 176.0 1
  286.174744 148.0 1
  286.254456 48.0 0
  286.332184 108.0 1
  286.370453 72.0 0
  286.642029 88.0 1
  286.99386599999997 372.0 2
  287.128204 104.0 1
  287.15167199999996 1196.0 7
  287.153961 320.0 2
  287.76687599999997 48.0 0
  288.030334 112.0 1
  288.06735199999997 32.0 0
  288.08898899999997 128.0 1
  288.320435 5.507242 0
  288.509979 140.0 1
  288.62789899999996 140.0 1
  288.66317699999996 124.0 1
  288.74328599999996 60.0 0
  289.081757 424.0 3
  289.388245 11.73485 0
  290.052643 168.0 1
  290.14083899999997 196.0 1
  290.17279099999996 120.0 1
  290.519531 172.0 1
  290.53466799999995 140.0 1
  291.131287 132.0 1
  291.193634 148.0 1
  291.415344 104.0 1
  291.441101 44.0 0
  291.520294 148.0 1
  291.640747 112.0 1
  291.905579 35.85144 0
  292.13543699999997 64.0 0
  292.441467 21.736469 0
  293.001312 140.0 1
  293.733124 108.0 1
  294.092377 328.0 2
  294.415375 52.0 0
  294.663879 44.0 0
  294.856049 84.0 1
  295.031708 184.0 1
  295.10702499999996 136.0 1
  295.13793899999996 164.0 1
  295.379547 28.0 0
  295.450928 156.0 1
  295.54357899999997 44.0 0
  295.740326 64.0 0
  295.75280799999996 152.0 1
  295.93969699999997 164.0 1
  296.038666 132.0 1
  296.503021 140.0 1
  297.019012 80.0 0
  297.69949299999996 72.0 0
  297.764252 140.0 1
  298.043793 76.0 0
  298.05834999999996 180.0 1
  298.241791 104.0 1
  298.498627 144.0 1
  298.95944199999997 120.0 1
  299.028351 104.0 1
  299.53955099999996 152.0 1
  300.06881699999997 6036.0 36
  300.11084 64.0 0
  300.451324 164.0 1
  300.95138499999996 40.0 0
  301.346832 172.0 1
  301.631439 200.0 1
  301.808563 40.0 0
  302.082428 328.0 2
  302.189728 144.0 1
  302.525757 112.0 1
  302.908569 164.0 1
  303.03774999999996 156.0 1
  303.13739 147.351807 1
  303.15408299999996 156.0 1
  303.598297 21.717831 0
  303.80679299999997 88.0 1
  304.054352 468.0 3
  305.031708 148.0 1
  305.29779099999996 28.0 0
  305.852081 220.0 1
  306.034637 255.2854 2
  306.177277 160.0 1
  306.502869 60.0 0
  307.213715 68.0 0
  307.263733 128.0 1
  307.264008 60.0 0
  307.306274 144.0 1
  307.389526 120.0 1
  308.17648299999996 76.0 0
  308.457367 192.0 1
  308.848083 92.0 1
  309.032471 32.0 0
  309.037781 76.0 0
  309.115082 32.0 0
  309.591278 116.0 1
  309.75891099999996 52.0 0
  310.19366499999995 92.0 1
  310.216034 6884.0 41
//
