ACCESSION: CCMSLIB00000006295
RECORD_TITLE: decoy
DATE: 2015.11.20
AUTHORS: Administrator
LICENSE: CC BY-SA
CH$NAME: decoy
CH$COMPOUND_CLASS: Natural Product
CH$FORMULA: C19H20N2O2
CH$EXACT_MASS: 308.15247788
CH$SMILES: N/A
CH$IUPAC: decoy
CH$LINK: N/A
AC$INSTRUMENT: decoy
AC$INSTRUMENT_TYPE: decoy
AC$MASS_SPECTROMETRY: MS_TYPE MS2
AC$MASS_SPECTROMETRY: ION_MODE POSITIVE
AC$MASS_SPECTROMETRY: COLLISION_ENERGY 10 V
MS$FOCUSED_ION: PRECURSOR_M/Z 309
MS$FOCUSED_ION: PRECURSOR_TYPE [M+H]+
PK$NUM_PEAK: 38
PK$PEAK: m/z int. rel.int.
  47.080486 176.0 268
  50.69289 192.0 292
  55.037529 48.0 73
  61.739204 188.0 286
  68.809761 100.0 152
  91.20194199999999 460.0 701
  94.007408 216.0 329
  97.07595099999999 208.0 317
  97.508636 44.0 67
  97.95382699999999 224.0 341
  106.419342 19.28125 29
  106.95754199999999 144.0 219
  115.842064 76.0 116
  116.168503 188.0 286
  121.464699 236.0 359
  122.682716 136.0 207
  125.05832699999999 19.70476 30
  143.072189 67.794868 103
  146.637009 148.0 225
  150.404861 68.0 104
  153.18602 156.0 238
  153.817932 180.0 274
  154.91952500000002 176.0 268
  170.123093 108.0 164
  195.227158 228.0 347
  200.558701 176.0 268
  212.953369 88.0 134
  224.146927 360.0 548
  226.15643300000002 656.0 999
  244.718628 44.0 67
  246.790131 160.0 244
  249.21022000000002 52.0 79
  249.944977 236.0 359
  259.47543299999995 84.0 128
  264.923157 84.0 128
  278.792664 48.0 73
  290.26412999999997 112.0 171
  309.15999999999997 1.0 2
//
