ACCESSION: CCMSLIB00000080488
RECORD_TITLE: decoy
DATE: 2015.11.20
AUTHORS: Administrator
LICENSE: CC BY-SA
CH$NAME: decoy
CH$COMPOUND_CLASS: Natural Product
CH$FORMULA: C24H23NO6
CH$EXACT_MASS: 421.152537456
CH$SMILES: N/A
CH$IUPAC: decoy
CH$LINK: N/A
AC$INSTRUMENT: decoy
AC$INSTRUMENT_TYPE: decoy
AC$MASS_SPECTROMETRY: MS_TYPE MS2
AC$MASS_SPECTROMETRY: ION_MODE POSITIVE
AC$MASS_SPECTROMETRY: COLLISION_ENERGY 10 V
MS$FOCUSED_ION: PRECURSOR_M/Z 422
MS$FOCUSED_ION: PRECURSOR_TYPE [M+H]+
PK$NUM_PEAK: 1665
PK$PEAK: m/z int. rel.int.
  45.081341 40.0 2
  45.531998 36.0 2
  45.566475000000004 148.0 8
  45.688442 164.0 9
  46.061577 116.0 6
  46.228878 176.0 10
  46.731911000000004 172.0 10
  46.775654 168.0 9
  46.78326 88.0 5
  47.073933000000004 104.0 6
  47.184139 240.0 13
  47.340034 120.0 7
  47.528294 384.0 21
  47.762901 212.0 12
  48.078083 148.0 8
  48.186333000000005 164.0 9
  48.324493000000004 196.0 11
  48.341366 144.0 8
  48.387909 124.0 7
  48.833694 156.0 9
  48.950954 180.0 10
  49.006008 212.0 12
  49.198856 148.0 8
  49.33345 60.0 3
  49.426395 164.0 9
  49.656082000000005 80.0 4
  49.901749 132.0 7
  50.292717 224.0 12
  50.512554 56.0 3
  50.582172 108.0 6
  50.610699000000004 168.0 9
  50.827579 272.0 15
  50.919971000000004 100.0 6
  51.068787 172.0 10
  51.172997 136.0 8
  51.369404 152.0 8
  51.41605 164.0 9
  51.500378000000005 180.0 10
  51.717094 172.0 10
  51.733543000000004 204.0 11
  51.753193 148.0 8
  51.829407 104.0 6
  52.082413 192.0 11
  52.164509 188.0 10
  52.662636 144.0 8
  52.887924 152.0 8
  53.163719 172.0 10
  53.271858 176.0 10
  53.303417 240.0 13
  53.879845 188.0 10
  53.951622 132.0 7
  53.988640000000004 160.0 9
  54.045555 164.0 9
  54.351383 176.0 10
  54.592194 124.0 7
  55.138836000000005 132.0 7
  55.599598 144.0 8
  55.630562000000005 172.0 10
  55.717625 160.0 9
  55.82119 176.0 10
  55.846081 116.0 6
  55.87051 260.0 14
  55.932789 148.0 8
  56.141449 196.0 11
  56.145176 176.0 10
  56.304462 172.0 10
  56.357269 120.0 7
  56.577312 192.0 11
  56.607002 40.0 2
  56.88002 156.0 9
  57.436466 160.0 9
  57.847973 176.0 10
  58.107575000000004 256.0 14
  58.134602 108.0 6
  58.289974 128.0 7
  58.323589 128.0 7
  58.35157 208.0 12
  58.510647 136.0 8
  58.663166000000004 176.0 10
  58.840736 132.0 7
  58.981552 324.0 18
  59.629944 184.0 10
  59.877666000000005 140.0 8
  60.154827000000004 188.0 10
  60.173824 172.0 10
  60.377449 164.0 9
  60.429806 184.0 10
  60.581093 396.0 22
  60.764755 204.0 11
  60.818222 164.0 9
  61.075169 184.0 10
  61.128456 152.0 8
  61.160351 184.0 10
  61.350307 164.0 9
  61.802704 204.0 11
  61.879532000000005 112.0 6
  61.984417 56.0 3
  62.531822 152.0 8
  62.669804 40.0 2
  62.852627 352.0 20
  63.528404 144.0 8
  63.54525 176.0 10
  63.767414 172.0 10
  63.91761 148.0 8
  64.031479 264.0 15
  64.137138 40.0 2
  64.22043599999999 72.0 4
  64.369446 188.0 10
  64.597191 104.0 6
  64.684395 224.0 12
  64.89083099999999 208.0 12
  64.927444 144.0 8
  65.098976 212.0 12
  65.12174999999999 168.0 9
  65.207245 188.0 10
  65.477646 164.0 9
  65.80075799999999 144.0 8
  65.866142 180.0 10
  65.94032299999999 164.0 9
  65.946838 288.0 16
  66.04399099999999 100.0 6
  66.127388 196.0 11
  66.26568599999999 40.0 2
  66.393295 168.0 9
  66.66358199999999 184.0 10
  66.947739 184.0 10
  67.29270199999999 152.0 8
  67.457184 176.0 10
  67.59539 144.0 8
  67.62198599999999 144.0 8
  67.78031899999999 160.0 9
  67.785927 180.0 10
  67.81498699999999 264.0 15
  68.188828 164.0 9
  68.528351 148.0 8
  68.61591299999999 200.0 11
  68.94236799999999 200.0 11
  69.027237 140.0 8
  69.08273299999999 80.0 4
  69.360565 28.0 2
  69.54564699999999 116.0 6
  69.976013 180.0 10
  70.048187 416.0 23
  70.38216399999999 320.0 18
  70.404449 56.0 3
  70.485794 40.0 2
  71.161537 236.0 13
  71.24318699999999 156.0 9
  71.278915 148.0 8
  71.300423 180.0 10
  71.835144 144.0 8
  72.005119 168.0 9
  72.11144999999999 148.0 8
  72.14671299999999 220.0 12
  72.633224 104.0 6
  72.912476 168.0 9
  73.49639099999999 164.0 9
  73.61170999999999 208.0 12
  73.697723 104.0 6
  73.731461 172.0 10
  73.848198 108.0 6
  73.949112 184.0 10
  74.033234 172.0 10
  74.471283 196.0 11
  74.99576599999999 140.0 8
  75.311844 244.0 14
  75.725304 196.0 11
  75.91199499999999 220.0 12
  76.063904 60.0 3
  76.16210199999999 220.0 12
  76.338585 160.0 9
  76.35318 156.0 9
  76.38244599999999 180.0 10
  76.41094199999999 180.0 10
  76.522148 192.0 11
  76.778137 40.0 2
  76.84506999999999 344.0 19
  77.022202 168.0 9
  77.242882 100.0 6
  77.401787 84.0 5
  77.417732 88.0 5
  77.58290099999999 184.0 10
  77.727081 180.0 10
  77.96498899999999 104.0 6
  77.98683199999999 152.0 8
  78.62728899999999 88.0 5
  78.71565199999999 140.0 8
  79.42661299999999 188.0 10
  79.79319 188.0 10
  80.003822 168.0 9
  80.679283 96.0 5
  80.80856299999999 388.0 22
  80.935226 144.0 8
  80.996483 184.0 10
  81.07589 212.0 12
  81.270439 180.0 10
  81.59697 164.0 9
  81.915741 148.0 8
  82.168938 144.0 8
  82.63990799999999 136.0 8
  83.076889 188.0 10
  83.08727999999999 336.0 19
  83.12831899999999 156.0 9
  83.684074 484.0 27
  83.70711499999999 128.0 7
  84.024788 192.0 11
  84.41240699999999 264.0 15
  84.429115 156.0 9
  84.522903 148.0 8
  84.54213 148.0 8
  84.922264 168.0 9
  84.971848 128.0 7
  85.028915 200.0 11
  85.20993 124.0 7
  85.44753299999999 64.0 4
  85.623154 188.0 10
  85.66014899999999 120.0 7
  85.707512 132.0 7
  85.757393 84.0 5
  85.879936 356.0 20
  86.129532 128.0 7
  86.255562 120.0 7
  86.48769399999999 116.0 6
  86.50988 128.0 7
  86.57638499999999 248.0 14
  86.665146 160.0 9
  86.717529 128.0 7
  86.780334 140.0 8
  86.833496 180.0 10
  86.94551799999999 168.0 9
  87.109978 164.0 9
  87.150673 128.0 7
  87.415016 160.0 9
  87.90258 116.0 6
  88.079025 188.0 10
  88.21846 256.0 14
  88.625931 284.0 16
  88.91931899999999 144.0 8
  88.97779799999999 216.0 12
  89.770905 172.0 10
  90.25087699999999 160.0 9
  90.381485 116.0 6
  90.52888499999999 140.0 8
  90.54811099999999 168.0 9
  90.935593 172.0 10
  91.79221299999999 164.0 9
  91.943176 204.0 11
  91.984467 148.0 8
  92.049202 2932.0 163
  92.09557299999999 216.0 12
  92.107033 156.0 9
  92.13321699999999 164.0 9
  92.516167 132.0 7
  92.742775 68.0 4
  92.83286299999999 204.0 11
  92.927025 160.0 9
  93.285393 116.0 6
  93.637283 168.0 9
  94.05399299999999 156.0 9
  94.343437 160.0 9
  94.477341 260.0 14
  94.76295499999999 84.0 5
  95.08539599999999 172.0 10
  95.134338 160.0 9
  95.162285 164.0 9
  95.257759 48.0 3
  95.44847899999999 160.0 9
  95.52143099999999 136.0 8
  95.647476 136.0 8
  95.76531999999999 140.0 8
  95.76664699999999 188.0 10
  95.804634 80.0 4
  95.822701 156.0 9
  95.899368 128.0 7
  96.032776 352.0 20
  96.20863299999999 128.0 7
  96.24735299999999 156.0 9
  96.255501 204.0 11
  96.396294 164.0 9
  96.43577599999999 204.0 11
  96.533279 100.0 6
  96.603065 168.0 9
  96.68524199999999 136.0 8
  96.936737 204.0 11
  97.042732 212.0 12
  97.16025499999999 192.0 11
  97.40354199999999 132.0 7
  97.652588 252.0 14
  97.883499 124.0 7
  97.942955 132.0 7
  97.943939 144.0 8
  97.969223 216.0 12
  98.01535799999999 140.0 8
  98.058594 372.0 21
  98.079697 176.0 10
  98.09223899999999 208.0 12
  98.094315 176.0 10
  98.501556 64.0 4
  98.52173599999999 200.0 11
  98.70631399999999 128.0 7
  98.798279 108.0 6
  98.851357 180.0 10
  99.085495 144.0 8
  99.32792699999999 100.0 6
  99.562798 172.0 10
  99.86018399999999 176.0 10
  100.070206 204.0 11
  100.198112 188.0 10
  100.35389699999999 160.0 9
  100.572289 160.0 9
  100.71421099999999 176.0 10
  100.725731 152.0 8
  100.736786 264.0 15
  101.001205 92.0 5
  101.09603899999999 175.550003 10
  101.193169 192.0 11
  101.347855 152.0 8
  101.373291 148.0 8
  101.395851 152.0 8
  101.56738299999999 56.0 3
  101.692566 6.170656 0
  101.77256 208.0 12
  101.77373499999999 180.0 10
  101.792778 56.0 3
  101.798599 216.0 12
  101.902901 192.0 11
  102.265671 152.0 8
  102.362518 200.0 11
  102.381508 184.0 10
  102.511108 148.0 8
  102.57496599999999 11.67876 1
  102.99204999999999 76.0 4
  103.055656 172.0 10
  103.14381399999999 52.0 3
  103.30257399999999 140.0 8
  103.45371999999999 40.0 2
  103.504196 256.0 14
  103.816803 176.0 10
  103.868507 176.0 10
  104.00672899999999 188.0 10
  104.06178999999999 376.0 21
  104.123589 128.0 7
  104.193619 72.0 4
  104.59175099999999 144.0 8
  104.59413099999999 236.0 13
  104.72185499999999 164.0 9
  104.84981499999999 292.0 16
  105.02980799999999 156.0 9
  105.071732 1044.0 58
  105.075409 148.0 8
  105.358627 12.01828 1
  105.511803 60.0 3
  105.58197 192.0 11
  105.78429399999999 128.0 7
  106.09775499999999 156.0 9
  106.23683899999999 188.0 10
  106.48728899999999 120.0 7
  106.50443299999999 96.0 5
  106.551689 152.0 8
  106.73153699999999 104.0 6
  106.89697299999999 200.0 11
  106.954247 168.0 9
  106.95712999999999 72.0 4
  107.041626 140.0 8
  107.048279 972.0 54
  107.061447 208.0 12
  107.248283 160.0 9
  107.25241899999999 156.0 9
  107.390671 260.0 14
  107.690773 108.0 6
  107.96160099999999 308.0 17
  107.98630499999999 112.0 6
  108.044456 18020.0 999
  108.055008 1844.0 102
  108.076927 192.0 11
  108.106422 184.0 10
  108.594742 56.0 3
  108.70107999999999 176.0 10
  108.78214299999999 228.0 13
  108.980553 168.0 9
  109.007561 136.0 8
  109.604355 44.0 2
  109.611397 132.0 7
  109.76181 188.0 10
  109.90593 188.0 10
  109.962189 144.0 8
  110.12986 26.839741 1
  110.27287299999999 168.0 9
  110.305634 104.0 6
  110.47572299999999 236.0 13
  110.552307 212.0 12
  110.625603 216.0 12
  110.946625 292.0 16
  110.995537 340.0 19
  111.021332 128.0 7
  111.04894999999999 232.0 13
  111.07983399999999 172.0 10
  111.361961 168.0 9
  111.449776 116.0 6
  111.493912 92.0 5
  111.81328599999999 148.0 8
  111.878075 128.0 7
  112.075188 2996.0 166
  112.091179 188.0 10
  112.434418 140.0 8
  112.47260299999999 108.0 6
  112.53028099999999 128.0 7
  112.53112 60.0 3
  112.59524499999999 104.0 6
  112.952827 64.0 4
  113.098962 208.0 12
  113.10282099999999 156.0 9
  113.439713 10.70374 1
  113.51463299999999 80.0 4
  113.529564 192.0 11
  113.73145299999999 44.0 2
  113.746101 184.0 10
  113.77925099999999 216.0 12
  113.80150599999999 212.0 12
  113.8312 68.0 4
  114.019981 92.0 5
  114.057037 112.0 6
  114.397629 244.0 14
  114.41014899999999 180.0 10
  114.50454699999999 224.0 12
  114.647911 144.0 8
  114.915306 116.0 6
  115.03388199999999 140.0 8
  115.240128 120.0 7
  115.42712399999999 88.0 5
  115.58646399999999 136.0 8
  115.68079399999999 164.0 9
  115.68854499999999 7.670834 0
  115.69661699999999 56.0 3
  115.840851 108.0 6
  115.89113599999999 156.0 9
  115.95702399999999 484.0 27
  116.21086899999999 60.0 3
  116.237831 164.0 9
  116.35507199999999 80.0 4
  116.79627199999999 120.0 7
  116.84788499999999 144.0 8
  116.97056599999999 212.0 12
  117.03849 104.0 6
  117.06893199999999 1796.0 100
  117.094521 140.0 8
  117.09571799999999 216.0 12
  117.277588 228.0 13
  117.348473 136.0 8
  117.380112 132.0 7
  117.380478 236.0 13
  117.51480099999999 148.0 8
  117.63965599999999 29.75551 2
  117.64542399999999 196.0 11
  117.75836199999999 188.0 10
  117.76424399999999 156.0 9
  117.90512799999999 152.0 8
  117.91513099999999 140.0 8
  117.99087499999999 208.0 12
  118.067123 312.0 17
  118.07515 116.0 6
  118.310486 148.0 8
  118.32086899999999 172.0 10
  118.783234 12.41422 1
  118.85559099999999 324.0 18
  118.880569 152.0 8
  118.894173 60.0 3
  118.96768999999999 144.0 8
  118.978584 172.0 10
  119.523506 240.0 13
  119.66339099999999 164.0 9
  120.080147 176.0 10
  120.093575 144.0 8
  120.51304599999999 160.0 9
  120.53353899999999 80.0 4
  120.609573 152.0 8
  121.18768299999999 192.0 11
  121.227936 168.0 9
  121.27493299999999 160.0 9
  121.465385 60.0 3
  121.59169 44.0 2
  121.706436 80.0 4
  121.734871 160.0 9
  121.751419 3.791667 0
  121.76754 124.0 7
  121.889 416.0 23
  121.92137899999999 116.0 6
  122.001053 112.0 6
  122.02167499999999 168.0 9
  122.37501499999999 124.0 7
  122.454308 128.0 7
  122.77314799999999 212.0 12
  122.84919 312.0 17
  122.856674 152.0 8
  122.86631799999999 160.0 9
  122.964226 152.0 8
  123.044327 1036.0 57
  123.09278099999999 100.0 6
  123.194733 68.0 4
  123.24389599999999 11.53846 1
  123.26341199999999 212.0 12
  123.26473999999999 148.0 8
  123.282303 76.0 4
  123.34342199999999 124.0 7
  123.663719 152.0 8
  123.73329899999999 220.0 12
  123.866783 212.0 12
  123.959221 204.0 11
  124.023575 220.0 12
  124.045357 440.0 24
  124.194565 160.0 9
  124.21406599999999 208.0 12
  124.421669 152.0 8
  124.546585 76.0 4
  124.55657199999999 248.0 14
  124.617859 120.0 7
  124.78292099999999 208.0 12
  125.01171099999999 140.0 8
  125.100128 140.0 8
  125.194008 48.0 3
  125.233719 128.0 7
  125.292717 160.0 9
  125.400261 144.0 8
  125.431038 252.0 14
  125.468544 184.0 10
  125.481506 92.0 5
  125.909302 112.0 6
  125.94144399999999 160.0 9
  126.03744499999999 144.0 8
  126.44007099999999 188.0 10
  126.45929 128.0 7
  126.49140899999999 172.0 10
  126.498825 144.0 8
  126.661186 120.0 7
  126.72934699999999 144.0 8
  127.110886 2.00463 0
  127.17792499999999 52.0 3
  127.21766699999999 120.0 7
  127.222054 192.0 11
  127.223869 196.0 11
  127.30122399999999 164.0 9
  127.364891 104.0 6
  127.38221 348.0 19
  127.40135199999999 148.0 8
  127.6912 200.0 11
  127.752777 196.0 11
  128.044998 296.0 16
  128.059143 162.0 9
  128.68335 140.0 8
  128.850815 108.0 6
  128.902328 180.0 10
  129.015671 204.0 11
  129.32475300000002 168.0 9
  129.374481 92.0 5
  130.009125 132.0 7
  130.08696 196.0 11
  130.174133 156.0 9
  130.299561 164.0 9
  130.389877 96.0 5
  130.474335 276.0 15
  130.619873 132.0 7
  130.672607 68.0 4
  131.083328 144.0 8
  131.132629 280.0 16
  131.327728 124.0 7
  131.478836 160.0 9
  131.537369 120.0 7
  131.546494 200.0 11
  131.817261 168.0 9
  132.068512 34.472569 2
  132.45207200000002 156.0 9
  132.475006 164.0 9
  132.481323 64.0 4
  132.52624500000002 200.0 11
  132.59788500000002 136.0 8
  132.774368 76.0 4
  132.835403 52.0 3
  133.027374 336.0 19
  133.050217 1284.0 71
  133.11731 200.0 11
  133.271103 60.0 3
  133.33126800000002 120.0 7
  133.60119600000002 72.0 4
  133.704697 92.0 5
  133.713837 120.0 7
  133.775452 40.0 2
  133.808411 108.0 6
  133.910873 152.0 8
  133.972687 208.0 12
  133.998917 40.0 2
  134.119278 204.0 11
  134.381058 116.0 6
  134.4366 140.0 8
  134.510132 128.0 7
  135.041077 42.310951 2
  135.089417 228.0 13
  135.120926 452.0 25
  135.138992 284.0 16
  135.15387 140.0 8
  135.268326 188.0 10
  135.302231 136.0 8
  135.356964 48.0 3
  135.443665 176.0 10
  135.491547 160.0 9
  135.731308 112.0 6
  136.243484 152.0 8
  136.27139300000002 136.0 8
  136.352875 88.0 5
  136.493851 184.0 10
  136.500336 200.0 11
  136.542526 96.0 5
  136.71601900000002 128.0 7
  136.898987 144.0 8
  137.060776 496.0 27
  137.09259 132.0 7
  137.16398600000002 31.858049 2
  137.242523 5.045455 0
  137.349243 152.0 8
  137.576675 20.0 1
  137.579575 128.0 7
  137.58822600000002 176.0 10
  137.62423700000002 176.0 10
  137.658691 120.0 7
  137.696121 76.0 4
  137.747543 92.0 5
  137.794952 64.0 4
  137.86213700000002 304.0 17
  138.24968 160.0 9
  138.399765 196.0 11
  138.588242 168.0 9
  138.61244200000002 168.0 9
  138.66687000000002 176.0 10
  138.757294 144.0 8
  138.760132 140.0 8
  138.761673 144.0 8
  139.030289 972.0 54
  139.07170100000002 140.0 8
  139.163162 264.0 15
  139.185059 120.0 7
  139.76547200000002 228.0 13
  139.827698 212.0 12
  140.023865 52.0 3
  140.0625 200.0 11
  140.252045 148.0 8
  140.308716 148.0 8
  140.402802 184.0 10
  140.52340700000002 64.0 4
  140.54727200000002 188.0 10
  140.757629 152.0 8
  140.87468 212.0 12
  141.001205 140.0 8
  141.069092 152.0 8
  141.260162 308.0 17
  141.32101400000002 96.0 5
  141.323151 132.0 7
  141.369247 36.0 2
  141.536743 40.0 2
  141.549881 200.0 11
  141.793335 240.0 13
  141.835938 132.0 7
  141.888351 136.0 8
  142.37200900000002 48.0 3
  142.43832400000002 156.0 9
  142.658859 152.0 8
  142.760391 144.0 8
  142.794556 104.0 6
  142.83194 168.0 9
  143.07579 392.0 22
  143.5298 5.840278 0
  143.620361 144.0 8
  143.756393 164.0 9
  143.830307 56.0 3
  143.985794 164.0 9
  144.05513000000002 644.0 36
  144.330383 140.0 8
  144.61067200000002 64.0 4
  144.63446000000002 112.0 6
  144.66772500000002 168.0 9
  144.79856900000001 212.0 12
  145.013123 136.0 8
  145.022308 220.0 12
  146.070404 252.0 14
  146.24298100000001 156.0 9
  146.258316 21.75 1
  146.336563 11.55556 1
  146.528503 216.0 12
  146.766251 220.0 12
  146.858994 152.0 8
  146.918015 92.0 5
  146.937637 180.0 10
  146.95515400000002 228.0 13
  147.330048 5.84741 0
  147.341431 216.0 12
  147.49678 180.0 10
  147.503265 132.0 7
  147.56398000000002 68.0 4
  147.636032 172.0 10
  147.698059 176.0 10
  147.89651500000002 140.0 8
  147.942978 156.0 9
  147.95726000000002 132.0 7
  148.0616 2760.0 153
  148.762192 160.0 9
  148.782227 256.0 14
  148.88703900000002 92.0 5
  148.98378 168.0 9
  149.008118 140.0 8
  149.01918 120.0 7
  149.022995 320.0 18
  149.08194 228.0 13
  149.08483900000002 132.0 7
  149.368713 160.0 9
  149.575592 164.0 9
  149.608002 144.0 8
  149.644409 128.0 7
  149.65686 204.0 11
  149.70488 180.0 10
  149.914429 176.0 10
  150.102966 88.0 5
  150.24757400000001 144.0 8
  150.425522 128.0 7
  150.50607300000001 164.0 9
  150.534683 56.0 3
  151.248413 144.0 8
  151.43519600000002 52.0 3
  151.53254700000002 104.0 6
  151.54925500000002 128.0 7
  151.633835 168.0 9
  151.64085400000002 116.0 6
  151.680496 196.0 11
  152.017303 168.0 9
  152.169724 164.0 9
  152.833328 184.0 10
  152.937164 124.0 7
  152.96107500000002 192.0 11
  153.084473 213.199203 12
  153.174561 148.0 8
  153.44162 168.0 9
  153.53912400000002 144.0 8
  153.57106000000002 180.0 10
  153.64213600000002 136.0 8
  154.230042 140.0 8
  154.265533 160.0 9
  154.28294400000001 200.0 11
  154.521072 160.0 9
  154.70056200000002 100.0 6
  154.719345 124.0 7
  154.840393 100.0 6
  155.122467 156.0 9
  155.134537 40.0 2
  155.228271 88.0 5
  155.276169 152.0 8
  155.441269 9.679598 1
  155.47674600000002 188.0 10
  155.54788200000002 244.0 14
  155.71077 100.0 6
  156.181198 76.0 4
  156.190613 64.0 4
  156.34324700000002 44.0 2
  156.481491 168.0 9
  156.538147 196.0 11
  156.653061 132.0 7
  156.681183 200.0 11
  156.81367500000002 124.0 7
  156.91635100000002 32.0 2
  156.920227 200.0 11
  156.99954200000002 124.0 7
  157.042023 156.0 9
  157.053772 1024.0 57
  157.066238 232.0 13
  157.328384 88.0 5
  157.51443500000002 128.0 7
  157.67797900000002 160.0 9
  157.706818 136.0 8
  158.070831 348.0 19
  158.071884 36.0 2
  158.091293 140.0 8
  158.37664800000002 200.0 11
  158.387283 224.0 12
  158.42747500000002 160.0 9
  158.464478 348.0 19
  158.61746200000002 124.0 7
  158.821716 176.0 10
  158.870865 160.0 9
  158.94310000000002 68.0 4
  158.950531 104.0 6
  158.97747800000002 44.0 2
  159.07959 1024.0 57
  159.337769 128.0 7
  159.354523 104.0 6
  159.39759800000002 128.0 7
  159.447708 128.0 7
  159.622238 84.0 5
  159.734589 648.0 36
  159.968689 108.0 6
  160.216644 120.0 7
  160.33204700000002 40.0 2
  160.367188 164.0 9
  160.48112500000002 172.0 10
  160.508835 68.0 4
  160.543335 216.0 12
  160.835129 72.0 4
  160.94653300000002 120.0 7
  161.057724 936.0 52
  161.062149 172.0 10
  161.14390600000002 48.0 3
  161.248871 200.0 11
  161.495987 208.0 12
  161.540985 112.0 6
  161.640762 156.0 9
  161.747116 164.0 9
  161.868668 248.0 14
  161.93367 144.0 8
  162.009872 140.0 8
  162.138977 108.0 6
  162.527542 180.0 10
  162.52769500000002 156.0 9
  162.83848600000002 164.0 9
  162.969437 148.0 8
  163.034378 136.0 8
  163.03521700000002 200.0 11
  163.163498 168.0 9
  163.173599 132.0 7
  163.496094 88.0 5
  163.498627 56.0 3
  163.52478000000002 164.0 9
  163.54376200000002 128.0 7
  163.84092700000002 144.0 8
  163.866882 160.0 9
  164.00332600000002 176.0 10
  164.044495 236.0 13
  164.229385 172.0 10
  164.69412200000002 236.0 13
  164.991623 184.0 10
  165.084824 80.0 4
  165.119766 220.0 12
  165.20957900000002 168.0 9
  165.526428 96.0 5
  165.58062700000002 168.0 9
  165.58822600000002 172.0 10
  165.684799 52.0 3
  165.92047100000002 192.0 11
  166.02568100000002 144.0 8
  166.137604 140.0 8
  166.38209500000002 276.0 15
  166.391953 276.0 15
  166.44043000000002 80.0 4
  166.976715 312.0 17
  166.99176 460.0 26
  167.024734 260.0 14
  167.07489 14400.0 798
  167.087357 264.0 15
  167.105896 181.563004 10
  167.22184800000002 9.407552 1
  167.230545 136.0 8
  167.373459 224.0 12
  167.554581 148.0 8
  167.57302900000002 96.0 5
  167.880447 116.0 6
  167.88583400000002 164.0 9
  167.990433 360.0 20
  167.997818 120.0 7
  168.001526 96.0 5
  168.102325 48.0 3
  168.12088 64.0 4
  168.203079 176.0 10
  168.237625 76.0 4
  168.42892500000002 168.0 9
  168.481232 156.0 9
  168.560699 176.0 10
  168.7099 32.0 2
  168.836197 180.0 10
  168.862427 176.0 10
  169.06668100000002 1992.0 110
  169.327011 104.0 6
  169.386246 144.0 8
  169.40458700000002 27.55884 2
  169.526794 68.0 4
  169.551804 144.0 8
  170.076645 2256.0 125
  170.10553000000002 536.0 30
  170.11436500000002 208.0 12
  170.19206200000002 68.0 4
  170.39248700000002 108.0 6
  170.412857 220.0 12
  170.442932 116.0 6
  170.76426700000002 88.0 5
  170.771362 184.0 10
  171.072571 144.0 8
  171.310471 192.0 11
  171.370712 3.189312 0
  171.623367 68.0 4
  171.749725 44.0 2
  171.75683600000002 168.0 9
  171.823318 120.0 7
  171.965652 160.0 9
  171.99864200000002 216.0 12
  172.02873200000002 76.0 4
  172.088287 336.0 19
  172.234512 148.0 8
  172.722855 160.0 9
  173.027817 192.0 11
  173.08371 156.0 9
  173.095886 7144.0 396
  173.24717700000002 120.0 7
  173.499878 2.027412 0
  173.511658 116.0 6
  173.589661 80.0 4
  174.05481 284.0 16
  174.071213 508.0 28
  174.196732 172.0 10
  174.487015 172.0 10
  174.565338 156.0 9
  174.730804 188.0 10
  174.791672 192.0 11
  174.972 188.0 10
  175.033951 164.0 9
  175.038422 164.0 9
  175.078461 23.466009 1
  175.220795 56.0 3
  175.274033 132.0 7
  175.463287 128.0 7
  175.544601 48.0 3
  175.625092 68.0 4
  175.64419600000002 192.0 11
  176.060043 792.0 44
  176.06929 136.0 8
  176.12239100000002 156.0 9
  176.12712100000002 176.0 10
  176.218948 192.0 11
  176.70854200000002 176.0 10
  176.782455 20.240999 1
  177.00666800000002 188.0 10
  177.321564 176.0 10
  177.461609 52.0 3
  177.485703 172.0 10
  177.64317300000002 100.0 6
  177.738785 124.0 7
  177.838364 124.0 7
  178.01593 140.0 8
  178.029297 100.0 6
  178.442566 48.0 3
  178.69754 104.0 6
  179.00769 184.0 10
  179.288544 76.0 4
  179.30555700000002 104.0 6
  179.403183 240.0 13
  179.517151 156.0 9
  179.64299 192.0 11
  179.645996 124.0 7
  179.812408 112.0 6
  179.941757 176.0 10
  180.066574 728.0 40
  180.343002 148.0 8
  180.5849 108.0 6
  180.605774 152.0 8
  180.633743 176.0 10
  180.932419 436.0 24
  181.071335 212.0 12
  181.09809900000002 144.0 8
  181.139069 168.0 9
  181.17189000000002 188.0 10
  181.24757400000001 196.0 11
  181.35881 112.0 6
  181.490005 104.0 6
  181.88339200000001 68.0 4
  182.032013 196.0 11
  182.07164 512.0 28
  182.106995 524.0 29
  182.16217 100.0 6
  182.24684200000002 180.0 10
  182.718582 168.0 9
  182.78732300000001 96.0 5
  183.04319800000002 148.0 8
  183.091782 608.0 34
  183.200195 116.0 6
  183.317734 68.0 4
  183.36203 200.0 11
  183.738953 148.0 8
  183.834656 272.0 15
  183.934784 56.0 3
  183.97335800000002 4.061275 0
  184.277267 176.0 10
  184.365341 132.0 7
  184.448563 32.0 2
  184.501358 116.0 6
  184.74305700000002 144.0 8
  184.911255 180.0 10
  185.010864 140.0 8
  185.03331 136.0 8
  185.076492 148.0 8
  185.141693 48.0 3
  185.430725 48.0 3
  185.452271 188.0 10
  185.650223 188.0 10
  185.806259 96.0 5
  185.969727 68.0 4
  186.06353800000002 128.0 7
  186.408218 92.0 5
  186.585754 136.0 8
  187.05624400000002 112.0 6
  187.05989100000002 508.0 28
  187.08609 160.0 9
  187.11348 100.0 6
  187.11450200000002 612.0 34
  187.22789 144.0 8
  187.567245 80.0 4
  187.87442000000001 236.0 13
  187.943146 56.0 3
  188.15394600000002 204.0 11
  188.212097 120.0 7
  188.28735400000002 100.0 6
  188.54092400000002 120.0 7
  188.697281 44.0 2
  189.06485 212.0 12
  189.194061 180.0 10
  189.35849000000002 96.0 5
  189.440445 112.0 6
  189.460037 116.0 6
  189.495743 108.0 6
  189.568283 172.0 10
  189.57260100000002 152.0 8
  189.618439 76.0 4
  189.862793 140.0 8
  189.90574600000002 176.0 10
  189.966034 172.0 10
  190.049271 168.0 9
  190.12973 100.685501 6
  190.44618200000002 168.0 9
  190.802826 144.0 8
  190.99916100000002 140.0 8
  191.06474300000002 612.12793 34
  191.09497100000002 708.0 39
  191.283081 72.0 4
  191.308121 212.0 12
  191.47340400000002 108.0 6
  191.634537 56.0 3
  192.01791400000002 84.0 5
  192.06007400000001 176.0 10
  192.06662 112.0 6
  192.167862 112.0 6
  192.28334 176.0 10
  192.303406 76.0 4
  192.52816800000002 116.0 6
  192.64651500000002 64.0 4
  192.668427 184.0 10
  192.893311 132.0 7
  192.941788 120.0 7
  193.078247 412.0 23
  193.086777 316.0 18
  193.428818 20.74094 1
  193.44842500000001 104.0 6
  193.51942400000001 48.0 3
  193.806 144.0 8
  193.880173 136.0 8
  194.012909 176.0 10
  194.030518 136.0 8
  194.16497800000002 204.0 11
  194.215134 68.0 4
  194.35607900000002 108.0 6
  194.516647 84.0 5
  194.59053 136.0 8
  194.864517 216.0 12
  195.044434 420.0 23
  195.103241 3300.0 183
  195.22906500000002 132.0 7
  195.44335900000002 80.0 4
  195.527283 244.0 14
  195.603699 36.0 2
  195.617599 196.0 11
  196.045578 11.3447 1
  196.30896 132.0 7
  196.592239 136.0 8
  196.82586700000002 512.0 28
  197.09726 132.0 7
  197.25439500000002 128.0 7
  197.48194900000001 128.0 7
  197.555801 208.0 12
  197.870285 148.0 8
  198.092117 1088.0 60
  199.006729 56.0 3
  199.03624000000002 192.0 11
  199.066223 96.0 5
  199.073227 20.82004 1
  199.53804 124.0 7
  200.198914 72.0 4
  200.29620400000002 108.0 6
  200.33363300000002 156.0 9
  200.706284 88.0 5
  200.76329 44.0 2
  200.76683 72.0 4
  200.840897 124.0 7
  200.85379 116.0 6
  200.893631 96.0 5
  200.998489 188.0 10
  201.04852300000002 168.0 9
  201.06457500000002 124.0 7
  201.12158200000002 20.757931 1
  201.252991 256.0 14
  201.33216900000002 160.0 9
  201.577179 188.0 10
  201.82655300000002 88.0 5
  201.894012 116.0 6
  202.089279 428.0 24
  202.13050800000002 6012.0 333
  202.52546700000002 136.0 8
  202.57650800000002 140.0 8
  202.76168800000002 164.0 9
  202.933716 180.0 10
  203.34848 36.0 2
  203.513443 120.0 7
  203.78761300000002 88.0 5
  203.930115 168.0 9
  203.994339 132.318298 7
  204.014114 340.0 19
  204.030167 188.0 10
  204.15325900000002 84.0 5
  204.19880700000002 48.0 3
  204.33606 240.0 13
  204.517349 84.0 5
  204.58857700000002 196.0 11
  204.675598 224.0 12
  204.897369 100.0 6
  205.087555 188.0 10
  205.30813600000002 10.90099 1
  205.674606 88.0 5
  205.68045 104.0 6
  205.70962500000002 180.0 10
  206.00117500000002 136.0 8
  206.33448800000002 120.0 7
  206.50555400000002 148.0 8
  206.536346 1472.0 82
  206.565277 204.0 11
  206.90704300000002 112.0 6
  206.926498 112.0 6
  206.94090300000002 92.0 5
  207.071564 200.0 11
  207.086105 1100.0 61
  207.162094 44.0 2
  207.443665 144.0 8
  207.56341600000002 144.0 8
  208.116959 384.0 21
  208.25825500000002 76.0 4
  208.430359 60.0 3
  208.95361300000002 204.0 11
  208.97113000000002 56.0 3
  209.006302 120.0 7
  209.117142 76.87426 4
  209.12745700000002 152.0 8
  209.517776 100.0 6
  210.091049 1744.0 97
  210.102875 492.0 27
  210.13107300000001 120.0 7
  210.237488 124.0 7
  210.460068 36.0 2
  210.871292 248.0 14
  211.17356900000001 192.0 11
  211.25598100000002 156.0 9
  211.480362 192.0 11
  211.527756 112.0 6
  212.09137 992.0 55
  212.23822 296.0 16
  212.326538 60.0 3
  212.434875 248.0 14
  212.445831 116.0 6
  212.595932 224.0 12
  212.62141400000002 56.0 3
  212.78327900000002 60.0 3
  212.960083 172.0 10
  212.99606300000002 64.0 4
  213.056641 380.0 21
  213.262558 48.0 3
  213.514557 144.0 8
  213.517258 64.0 4
  213.719803 72.0 4
  213.732941 116.0 6
  213.944031 92.0 5
  214.05740400000002 72.0 4
  214.344086 152.0 8
  214.508286 140.0 8
  214.81575 128.0 7
  215.06980900000002 144.0 8
  215.105209 38.547352 2
  215.10612500000002 448.0 25
  215.33873 140.0 8
  215.93150300000002 2.866667 0
  215.955399 144.0 8
  216.031021 196.0 11
  216.03443900000002 120.0 7
  216.09561200000002 168.0 9
  216.104553 11.997849 1
  216.28955100000002 100.0 6
  216.41076700000002 48.0 3
  216.43739300000001 140.0 8
  216.497086 84.0 5
  216.685089 184.0 10
  217.03616300000002 80.0 4
  217.162598 160.0 9
  217.451614 180.0 10
  217.57977300000002 188.0 10
  217.61055000000002 140.0 8
  217.65034500000002 104.0 6
  217.79856900000001 188.0 10
  217.806198 132.0 7
  218.05143700000002 1232.0 68
  218.15072600000002 108.0 6
  218.169846 116.0 6
  218.313812 212.0 12
  218.481064 76.0 4
  218.74617 168.0 9
  218.770096 60.0 3
  218.811218 76.0 4
  218.837479 100.0 6
  218.86116 48.0 3
  218.867859 156.0 9
  218.932083 128.0 7
  219.237381 120.0 7
  219.274857 140.0 8
  219.39270000000002 88.0 5
  219.56620800000002 152.0 8
  219.688736 100.0 6
  219.768158 132.0 7
  220.058411 152.0 8
  220.3367 6.342593 0
  220.53186 224.0 12
  220.696609 152.0 8
  220.819885 216.0 12
  221.023117 140.0 8
  221.02513100000002 172.0 10
  221.03804 204.0 11
  221.056137 200.0 11
  221.802521 32.0 2
  221.995407 104.0 6
  222.06689500000002 184.0 10
  222.111603 1684.0 93
  222.169846 212.0 12
  222.331039 144.0 8
  222.56083700000002 132.0 7
  222.809616 116.0 6
  222.822281 76.0 4
  223.05479400000002 128.0 7
  223.09079 144.0 8
  223.106628 1016.0 56
  223.116135 188.0 10
  223.326202 108.0 6
  223.654709 372.0 21
  223.98085 116.0 6
  224.06968700000002 824.0 46
  224.56436200000002 48.0 3
  224.96843 144.0 8
  225.067337 74.166656 4
  225.127777 38.791672 2
  225.151489 176.0 10
  225.159927 228.0 13
  225.163467 3021.516113 168
  225.258453 44.0 2
  225.369415 148.0 8
  225.41272 132.0 7
  225.44494600000002 180.0 10
  225.47207600000002 216.0 12
  225.85299700000002 68.0 4
  225.89540100000002 244.0 14
  226.053909 204.0 11
  226.064041 148.0 8
  226.128204 124.0 7
  226.159988 160.0 9
  226.167755 1596.0 88
  226.183624 156.0 9
  226.321808 100.0 6
  226.55290200000002 176.0 10
  226.69940200000002 168.0 9
  226.883072 152.0 8
  227.329651 76.0 4
  227.373459 172.0 10
  227.43071 60.0 3
  227.51738 124.0 7
  228.06242400000002 176.0 10
  228.107986 160.0 9
  228.14402800000002 64.0 4
  228.15553300000002 164.0 9
  228.200241 156.0 9
  228.311722 220.0 12
  228.582184 40.0 2
  228.638824 128.0 7
  228.640274 216.0 12
  228.734329 192.0 11
  228.952652 48.0 3
  229.257324 124.0 7
  229.42746 256.0 14
  230.191605 260.0 14
  230.204575 260.0 14
  230.83604400000002 72.0 4
  231.120987 348.0 19
  231.18105400000002 172.0 10
  231.765869 60.0 3
  231.995667 92.0 5
  232.059647 1455.041016 81
  232.08500700000002 3216.0 178
  232.107086 148.0 8
  232.14575200000002 140.0 8
  232.653015 104.0 6
  233.054779 172.0 10
  233.727386 84.0 5
  233.807999 124.0 7
  234.100311 280.0 16
  234.137131 256.0 14
  234.21379100000001 17.366159 1
  234.66052200000001 40.0 2
  234.894348 15.40054 1
  234.940659 52.0 3
  235.231979 36.0 2
  235.575241 64.0 4
  236.28036500000002 88.0 5
  236.578171 108.0 6
  237.01580800000002 176.0 10
  237.277039 76.0 4
  237.331467 300.0 17
  237.790726 140.0 8
  238.00108300000002 40.0 2
  238.064423 548.0 30
  238.61499 88.0 5
  238.92520100000002 244.0 14
  239.09475700000002 384.0 21
  239.450317 156.0 9
  239.69824200000002 168.0 9
  240.329666 120.0 7
  240.343262 104.0 6
  240.602722 44.0 2
  241.05091900000002 184.0 10
  241.246979 32.0 2
  241.543182 40.0 2
  241.77851900000002 128.0 7
  241.842316 8.680555 0
  241.892044 160.0 9
  241.95214800000002 140.0 8
  242.08313 576.0 32
  242.11050400000002 128.0 7
  243.721741 224.0 12
  243.800827 80.0 4
  243.94575500000002 52.0 3
  244.05983 160.0 9
  244.063736 456.0 25
  244.308105 140.0 8
  244.408951 116.0 6
  244.797089 64.0 4
  245.021973 104.0 6
  245.475662 52.0 3
  245.60273700000002 116.0 6
  245.73820500000002 132.0 7
  246.161401 156.0 9
  246.298065 120.0 7
  246.335022 192.0 11
  246.502182 148.0 8
  246.689041 172.0 10
  247.394775 56.0 3
  247.454102 116.0 6
  247.64424100000002 164.0 9
  247.93626400000002 192.0 11
  248.089752 24.818859 1
  248.491913 44.0 2
  250.324768 80.0 4
  250.66978500000002 112.0 6
  250.83148200000002 124.0 7
  251.105576 100.0 6
  251.163376 136.0 8
  251.21661400000002 148.0 8
  252.62416100000002 36.0 2
  252.6922 176.0 10
  252.75924700000002 120.0 7
  252.761353 144.0 8
  252.773895 56.0 3
  252.84259 48.0 3
  253.73100300000002 208.0 12
  253.77534500000002 108.0 6
  253.818466 200.0 11
  253.98100300000002 192.0 11
  254.080917 524.0 29
  254.12596100000002 10748.0 596
  254.57312000000002 152.0 8
  254.66026300000001 184.0 10
  255.17247 392.0 22
  255.186417 180.0 10
  255.45301800000001 364.0 20
  255.96026600000002 120.0 7
  256.06842 2564.0 142
  256.084259 240.0 13
  256.454773 160.0 9
  256.6026 72.0 4
  256.732666 68.0 4
  257.00351 300.0 17
  257.91189599999996 80.0 4
  258.184082 156.0 9
  258.378357 140.0 8
  259.12524399999995 180.0 10
  259.14910899999995 492.0 27
  259.29528799999997 36.0 2
  259.65554799999995 156.0 9
  260.052887 200.0 11
  260.10223399999995 120.0 7
  260.157532 144.0 8
  260.227509 104.0 6
  260.439331 88.0 5
  260.608276 40.0 2
  261.08798199999995 412.0 23
  261.459778 22.54265 1
  261.48940999999996 72.0 4
  261.61596699999996 116.0 6
  261.81024199999996 168.0 9
  262.97714199999996 88.0 5
  263.27719099999996 120.0 7
  263.292419 144.0 8
  263.40142799999995 148.0 8
  263.631714 160.0 9
  264.01712 276.0 15
  264.231964 112.0 6
  264.319733 3.551136 0
  264.54891999999995 25.9776 1
  264.623108 196.0 11
  265.06317099999995 160.0 9
  265.08306899999997 196.0 11
  265.80844099999996 88.0 5
  266.391327 60.0 3
  267.045349 64.0 4
  267.522064 128.0 7
  267.54418899999996 116.0 6
  267.883789 48.0 3
  268.009277 164.0 9
  268.06777999999997 96.0 5
  268.120483 140.0 8
  269.648956 168.0 9
  269.681763 96.0 5
  270.182892 6.512228 0
  270.937531 40.0 2
  271.188477 36.0 2
  271.311371 48.0 3
  271.980957 172.0 10
  272.13098099999996 216.0 12
  272.157623 396.0 22
  272.931 172.0 10
  273.219391 360.0 20
  273.746582 100.0 6
  274.471344 176.0 10
  275.141663 84.0 5
  276.03018199999997 104.0 6
  276.106445 172.0 10
  276.139008 192.0 11
  276.180908 220.0 12
  276.18283099999996 88.0 5
  276.794342 128.0 7
  278.083099 180.0 10
  278.09689299999997 92.0 5
  278.199097 192.0 11
  278.22222899999997 276.0 15
  278.644165 108.0 6
  279.17434699999995 1552.641968 86
  279.278534 108.0 6
  279.62411499999996 48.0 3
  279.76397699999995 272.0 15
  279.850739 140.0 8
  279.87994399999997 160.0 9
  280.009399 176.0 10
  280.388641 144.0 8
  281.28891 136.0 8
  281.73580899999996 112.0 6
  281.87847899999997 40.0 2
  281.929352 52.0 3
  282.17807 72.0 4
  282.18609599999996 92.0 5
  282.30246 56.0 3
  282.489563 100.0 6
  282.54058799999996 172.0 10
  282.575928 52.0 3
  282.708893 84.0 5
  282.847992 76.0 4
  282.88760399999995 21.552509 1
  282.895264 64.0 4
  283.168121 148.0 8
  283.462952 52.0 3
  283.95874 120.0 7
  284.432648 92.0 5
  284.46331799999996 4.225 0
  284.65716599999996 44.0 2
  284.934509 156.0 9
  285.23529099999996 64.0 4
  285.648285 148.0 8
  285.89669799999996 136.0 8
  286.09216299999997 144.0 8
  286.81143199999997 120.0 7
  286.933289 136.0 8
  286.94735699999995 156.0 9
  287.051025 296.0 16
  287.24197399999997 76.0 4
  287.404266 212.0 12
  288.31424 28.0 2
  288.931427 168.0 9
  289.37027 96.0 5
  290.08377099999996 44.0 2
  291.09896899999995 524.0 29
  291.243988 152.0 8
  291.48974599999997 56.0 3
  292.034332 104.0 6
  292.13690199999996 1760.0 98
  292.507294 168.0 9
  293.01318399999997 180.0 10
  293.59844999999996 140.0 8
  293.676331 152.0 8
  293.844208 76.0 4
  294.084229 140.0 8
  294.192139 27.30575 2
  294.703583 104.0 6
  294.847717 48.0 3
  295.42941299999995 172.0 10
  295.51592999999997 72.0 4
  295.980774 144.0 8
  296.052826 160.0 9
  296.164856 56.0 3
  298.25048799999996 32.0 2
  298.633179 160.0 9
  298.698242 152.0 8
  298.964722 88.0 5
  299.65274 84.0 5
  300.219269 100.0 6
  300.239258 48.0 3
  300.37609899999995 88.0 5
  301.332764 132.0 7
  301.981323 80.0 4
  302.01388499999996 152.0 8
  302.462524 168.0 9
  303.34347499999996 72.0 4
  303.526306 140.0 8
  303.555908 60.0 3
  303.705963 37.874451 2
  304.094543 14.45687 1
  304.616272 120.0 7
  305.797241 116.0 6
  306.832581 96.0 5
  306.86236599999995 40.0 2
  307.106873 152.0 8
  307.824768 148.0 8
  308.14050299999997 532.0 29
  309.135223 136.0 8
  309.57833899999997 108.0 6
  310.41805999999997 64.0 4
  310.99197399999997 260.0 14
  311.197723 112.0 6
  312.116791 168.0 9
  312.166626 76.0 4
  312.869507 104.0 6
  313.09423799999996 184.0 10
  313.62674 124.0 7
  313.76712 3.42803 0
  314.410187 144.0 8
  315.139069 40.0 2
  315.19696 60.0 3
  315.60882599999997 216.0 12
  316.503174 204.0 11
  318.70593299999996 168.0 9
  321.08212299999997 4000.0 222
  321.43557699999997 176.0 10
  321.534546 136.0 8
  321.811371 204.0 11
  322.869751 176.0 10
  323.16928099999996 296.0 16
  323.708984 204.0 11
  327.398376 188.0 10
  327.44104 48.0 3
  327.61364699999996 36.0 2
  329.099426 43.490341 2
  330.10754399999996 94.084106 5
  330.47326699999996 60.0 3
  330.959595 160.0 9
  331.090698 164.0 9
  331.838776 44.0 2
  332.63268999999997 192.0 11
  332.716187 104.0 6
  332.77761799999996 160.0 9
  332.791321 72.0 4
  333.167938 88.0 5
  335.48278799999997 156.0 9
  335.584503 80.0 4
  336.379333 108.0 6
  336.880615 76.0 4
  337.22326699999996 64.0 4
  337.490082 100.0 6
  337.58547999999996 172.0 10
  337.89480599999996 352.0 20
  339.449707 10.58482 1
  339.818451 3.75 0
  340.720551 112.0 6
  340.82852199999996 236.0 13
  340.905426 108.0 6
  341.95459 196.0 11
  343.13595599999996 60.0 3
  343.163391 2428.0 135
  343.327972 36.0 2
  343.383698 144.0 8
  343.97842399999996 116.0 6
  345.359741 84.0 5
  345.77533 132.0 7
  346.13580299999995 263.237671 15
  346.67614699999996 252.0 14
  347.510406 180.0 10
  348.171814 424.0 24
  348.43130499999995 164.0 9
  349.082062 40.0 2
  349.27700799999997 152.0 8
  349.860352 136.0 8
  350.081573 96.0 5
  352.73172 276.0 15
  353.571533 152.0 8
  354.35641499999997 80.0 4
  356.083282 96.0 5
  359.3255 276.0 15
  360.755524 180.0 10
  362.59198 208.0 12
  362.99670399999997 176.0 10
  363.244873 112.0 6
  363.359802 96.0 5
  364.06274399999995 468.0 26
  366.92349199999995 240.0 13
  367.72524999999996 108.0 6
  369.062347 76.0 4
  370.97482299999996 144.0 8
  372.004578 164.0 9
  373.37762499999997 56.0 3
  373.914612 92.0 5
  375.981384 160.0 9
  377.727417 84.0 5
  378.44726599999996 84.0 5
  378.50256299999995 96.0 5
  379.700317 48.0 3
  381.431183 200.0 11
  384.481323 100.0 6
  385.257477 68.0 4
  385.490509 232.0 13
  385.644257 140.0 8
  386.30783099999996 120.0 7
  386.688446 56.0 3
  386.69872999999995 269.908386 15
  386.868408 7.407407 0
  387.35965 216.0 12
  387.524506 56.0 3
  393.099243 112.0 6
  394.077271 200.0 11
  395.082184 112.0 6
  398.19778399999996 284.0 16
  399.783844 140.0 8
  400.49447599999996 148.0 8
  401.10815399999996 88.0 5
  401.44769299999996 64.0 4
  405.936584 56.0 3
  406.396301 84.0 5
  407.352692 4.666667 0
  408.495544 164.0 9
  408.613434 30.06706 2
  410.75579799999997 156.0 9
  411.237488 116.0 6
  412.310455 10.68 1
  412.32147199999997 120.0 7
  412.751556 76.0 4
  414.235229 336.0 19
  414.661072 48.0 3
  417.65155 432.0 24
  419.602356 96.0 5
  422.16137699999996 1748.0 97
//
